0.00003
0.00000
-0.00006
0.00009
-0.00009
0.00006
-0.00003
0.00000
0.00000
0.00003
-0.00012
0.00015
-0.00015
0.00012
-0.00006
-0.00003
0.00003
0.00000
0.00003
-0.00003
-0.00006
0.00006
0.00000
0.00000
-0.00003
-0.00003
0.00006
0.00000
0.00000
-0.00003
0.00003
-0.00003
0.00006
-0.00006
0.00006
-0.00006
0.00003
-0.00003
0.00006
-0.00003
0.00000
0.00000
-0.00006
0.00006
0.00000
-0.00256
-0.00275
-0.00137
0.00052
0.00171
0.00192
0.00101
-0.00058
-0.00281
-0.00516
-0.00754
-0.00958
-0.01175
-0.01306
-0.01480
-0.01572
-0.01703
-0.01767
-0.01859
-0.01917
-0.01981
-0.02036
-0.02063
-0.02109
-0.02130
-0.02145
-0.02161
-0.02148
-0.02155
-0.02130
-0.02112
-0.02072
-0.02042
-0.01996
-0.01953
-0.01895
-0.01840
-0.01764
-0.01721
-0.01633
-0.01569
-0.01492
-0.01419
-0.01328
-0.01276
-0.01163
-0.01117
-0.01010
-0.00952
-0.00861
-0.00793
-0.00714
-0.00647
-0.00571
-0.00516
-0.00449
-0.00378
-0.00348
-0.00272
-0.00250
-0.00198
-0.00165
-0.00146
-0.00110
-0.00107
-0.00089
-0.00101
-0.00079
-0.00128
-0.00110
-0.00174
-0.00180
-0.00250
-0.00272
-0.00363
-0.00415
-0.00491
-0.00598
-0.00656
-0.00806
-0.00888
-0.01025
-0.01147
-0.01300
-0.01443
-0.01602
-0.01779
-0.01947
-0.02142
-0.02335
-0.02533
-0.02762
-0.02969
-0.03214
-0.03445
-0.03696
-0.03955
-0.04224
-0.04480
-0.04785
-0.05054
-0.05362
-0.05658
-0.05966
-0.06296
-0.06607
-0.06949
-0.07269
-0.07623
-0.07968
-0.08322
-0.08679
-0.09039
-0.09412
-0.09778
-0.10153
-0.10538
-0.10898
-0.11304
-0.11676
-0.12076
-0.12439
-0.12872
-0.13202
-0.13663
-0.13992
-0.14429
-0.14786
-0.15201
-0.15570
-0.15958
-0.16354
-0.16718
-0.17114
-0.17462
-0.17862
-0.18201
-0.18588
-0.18927
-0.19287
-0.19626
-0.19974
-0.20297
-0.20636
-0.20944
-0.21259
-0.21567
-0.21860
-0.22144
-0.22433
-0.22687
-0.22958
-0.23206
-0.23447
-0.23663
-0.23911
-0.24084
-0.24304
-0.24484
-0.24652
-0.24820
-0.24963
-0.25095
-0.25235
-0.25327
-0.25427
-0.25516
-0.25577
-0.25632
-0.25684
-0.25693
-0.25717
-0.25708
-0.25684
-0.25665
-0.25592
-0.25558
-0.25446
-0.25369
-0.25253
-0.25113
-0.24985
-0.24808
-0.24643
-0.24442
-0.24231
-0.24002
-0.23761
-0.23499
-0.23218
-0.22931
-0.22610
-0.22281
-0.21933
-0.21570
-0.21188
-0.20779
-0.20370
-0.19919
-0.19482
-0.18994
-0.18518
-0.18015
-0.17480
-0.16965
-0.16394
-0.15833
-0.15259
-0.14651
-0.14047
-0.13425
-0.12778
-0.12149
-0.11469
-0.10803
-0.10107
-0.09433
-0.08704
-0.08008
-0.07260
-0.06540
-0.05789
-0.05048
-0.04272
-0.03534
-0.02737
-0.01987
-0.01190
-0.00412
0.00366
0.01172
0.01959
0.02744
0.03555
0.04337
0.05157
0.05933
0.06750
0.07541
0.08340
0.09149
0.09930
0.10739
0.11514
0.12329
0.13092
0.13901
0.14661
0.15463
0.16208
0.17001
0.17752
0.18524
0.19266
0.20026
0.20764
0.21497
0.22229
0.22955
0.23669
0.24374
0.25076
0.25766
0.26453
0.27124
0.27786
0.28445
0.29089
0.29727
0.30347
0.30963
0.31570
0.32147
0.32745
0.33295
0.33853
0.34409
0.34915
0.35446
0.35938
0.36417
0.36908
0.37344
0.37808
0.38214
0.38620
0.39011
0.39383
0.39758
0.40091
0.40421
0.40726
0.41025
0.41290
0.41550
0.41788
0.42007
0.42233
0.42395
0.42615
0.42740
0.42929
0.43030
0.43182
0.43274
0.43387
0.43469
0.43549
0.43604
0.43674
0.43698
0.43750
0.43753
0.43781
0.43768
0.43771
0.43750
0.43710
0.43680
0.43628
0.43567
0.43488
0.43414
0.43314
0.43201
0.43097
0.42944
0.42816
0.42645
0.42484
0.42288
0.42093
0.41873
0.41644
0.41394
0.41138
0.40848
0.40567
0.40244
0.39926
0.39581
0.39221
0.38849
0.38452
0.38062
0.37622
0.37204
0.36746
0.36288
0.35809
0.35327
0.34814
0.34314
0.33777
0.33246
0.32700
0.32141
0.31570
0.30991
0.30411
0.29810
0.29205
0.28592
0.27972
0.27338
0.26718
0.26053
0.25421
0.24759
0.24103
0.23431
0.22769
0.22073
0.21429
0.20715
0.20047
0.19357
0.18652
0.17984
0.17267
0.16595
0.15878
0.15198
0.14502
0.13803
0.13126
0.12411
0.11755
0.11041
0.10382
0.09683
0.09024
0.08359
0.07672
0.07053
0.06366
0.05734
0.05090
0.04468
0.03836
0.03229
0.02600
0.02029
0.01425
0.00839
0.00290
-0.00296
-0.00815
-0.01370
-0.01892
-0.02411
-0.02902
-0.03403
-0.03873
-0.04346
-0.04785
-0.05240
-0.05646
-0.06073
-0.06458
-0.06845
-0.07217
-0.07562
-0.07910
-0.08218
-0.08548
-0.08817
-0.09122
-0.09366
-0.09616
-0.09851
-0.10056
-0.10266
-0.10443
-0.10617
-0.10757
-0.10904
-0.11011
-0.11121
-0.11203
-0.11273
-0.11331
-0.11362
-0.11392
-0.11386
-0.11383
-0.11359
-0.11301
-0.11261
-0.11169
-0.11093
-0.10974
-0.10864
-0.10718
-0.10568
-0.10400
-0.10220
-0.10016
-0.09814
-0.09579
-0.09335
-0.09091
-0.08807
-0.08542
-0.08231
-0.07928
-0.07605
-0.07269
-0.06921
-0.06555
-0.06198
-0.05795
-0.05426
-0.04993
-0.04587
-0.04175
-0.03708
-0.03293
-0.02814
-0.02359
-0.01877
-0.01407
-0.00909
-0.00421
0.00098
0.00592
0.01120
0.01642
0.02158
0.02710
0.03226
0.03787
0.04315
0.04871
0.05426
0.05960
0.06534
0.07083
0.07632
0.08209
0.08734
0.09323
0.09854
0.10419
0.10971
0.11511
0.12079
0.12595
0.13159
0.13672
0.14227
0.14731
0.15268
0.15765
0.16290
0.16785
0.17273
0.17764
0.18253
0.18704
0.19186
0.19620
0.20084
0.20496
0.20935
0.21335
0.21747
0.22131
0.22510
0.22873
0.23236
0.23569
0.23907
0.24203
0.24533
0.24786
0.25095
0.25323
0.25589
0.25806
0.26025
0.26224
0.26392
0.26584
0.26706
0.26865
0.26947
0.27084
0.27127
0.27231
0.27240
0.27286
0.27289
0.27286
0.27249
0.27206
0.27133
0.27051
0.26947
0.26813
0.26675
0.26498
0.26321
0.26096
0.25885
0.25607
0.25357
0.25021
0.24661
0.24292
0.23904
0.23474
0.23047
0.22546
0.22046
0.21512
0.20932
0.20355
0.19727
0.19092
0.18420
0.17758
0.17035
0.16336
0.15601
0.14835
0.14108
0.13300
0.12549
0.11743
0.10944
0.10150
0.09320
0.08527
0.07690
0.06879
0.06046
0.05231
0.04410
0.03574
0.02762
0.01932
0.01126
0.00293
-0.00497
-0.01334
-0.02097
-0.02948
-0.03699
-0.04520
-0.05270
-0.06085
-0.06830
-0.07629
-0.08356
-0.09140
-0.09872
-0.10620
-0.11374
-0.12070
-0.12848
-0.13507
-0.14279
-0.14944
-0.15671
-0.16357
-0.17053
-0.17731
-0.18433
-0.19083
-0.19775
-0.20419
-0.21103
-0.21738
-0.22403
-0.23047
-0.23682
-0.24326
-0.24948
-0.25583
-0.26196
-0.26825
-0.27420
-0.28040
-0.28629
-0.29239
-0.29810
-0.30426
-0.30963
-0.31580
-0.32120
-0.32687
-0.33255
-0.33780
-0.34351
-0.34860
-0.35413
-0.35895
-0.36453
-0.36902
-0.37439
-0.37885
-0.38382
-0.38818
-0.39288
-0.39697
-0.40149
-0.40515
-0.40955
-0.41299
-0.41681
-0.42020
-0.42355
-0.42676
-0.42966
-0.43259
-0.43530
-0.43771
-0.44028
-0.44235
-0.44458
-0.44650
-0.44827
-0.45010
-0.45166
-0.45309
-0.45459
-0.45578
-0.45700
-0.45816
-0.45914
-0.46011
-0.46091
-0.46191
-0.46243
-0.46338
-0.46378
-0.46454
-0.46490
-0.46558
-0.46597
-0.46628
-0.46680
-0.46704
-0.46732
-0.46768
-0.46774
-0.46823
-0.46802
-0.46854
-0.46838
-0.46851
-0.46872
-0.46851
-0.46866
-0.46866
-0.46838
-0.46848
-0.46832
-0.46811
-0.46799
-0.46774
-0.46741
-0.46732
-0.46680
-0.46646
-0.46619
-0.46555
-0.46521
-0.46451
-0.46402
-0.46329
-0.46262
-0.46176
-0.46091
-0.45999
-0.45895
-0.45776
-0.45660
-0.45526
-0.45383
-0.45221
-0.45056
-0.44861
-0.44678
-0.44443
-0.44223
-0.43961
-0.43692
-0.43399
-0.43091
-0.42749
-0.42392
-0.42029
-0.41602
-0.41205
-0.40741
-0.40277
-0.39804
-0.39267
-0.38766
-0.38193
-0.37640
-0.37051
-0.36441
-0.35828
-0.35187
-0.34528
-0.33881
-0.33170
-0.32492
-0.31766
-0.31052
-0.30301
-0.29553
-0.28787
-0.28000
-0.27219
-0.26419
-0.25583
-0.24771
-0.23923
-0.23074
-0.22220
-0.21338
-0.20462
-0.19562
-0.18671
-0.17755
-0.16830
-0.15924
-0.14960
-0.14053
-0.13074
-0.12149
-0.11179
-0.10217
-0.09259
-0.08282
-0.07318
-0.06345
-0.05371
-0.04398
-0.03421
-0.02454
-0.01483
-0.00504
0.00436
0.01425
0.02362
0.03329
0.04260
0.05212
0.06137
0.07062
0.07993
0.08871
0.09808
0.10669
0.11560
0.12430
0.13281
0.14136
0.14960
0.15796
0.16586
0.17401
0.18170
0.18948
0.19705
0.20447
0.21167
0.21896
0.22583
0.23279
0.23935
0.24606
0.25241
0.25870
0.26474
0.27081
0.27652
0.28229
0.28772
0.29315
0.29831
0.30341
0.30835
0.31296
0.31787
0.32208
0.32651
0.33063
0.33459
0.33850
0.34238
0.34570
0.34946
0.35260
0.35583
0.35876
0.36169
0.36429
0.36710
0.36923
0.37189
0.37375
0.37601
0.37790
0.37958
0.38141
0.38275
0.38443
0.38547
0.38681
0.38779
0.38879
0.38950
0.39041
0.39084
0.39139
0.39185
0.39188
0.39243
0.39218
0.39224
0.39221
0.39175
0.39163
0.39105
0.39056
0.38986
0.38925
0.38831
0.38739
0.38647
0.38510
0.38419
0.38257
0.38138
0.37979
0.37814
0.37650
0.37479
0.37271
0.37100
0.36871
0.36670
0.36438
0.36221
0.35956
0.35736
0.35449
0.35208
0.34924
0.34637
0.34366
0.34045
0.33765
0.33444
0.33124
0.32806
0.32465
0.32141
0.31784
0.31445
0.31085
0.30722
0.30359
0.29993
0.29602
0.29242
0.28830
0.28473
0.28040
0.27679
0.27246
0.26865
0.26453
0.26028
0.25635
0.25204
0.24783
0.24390
0.23932
0.23541
0.23093
0.22684
0.22253
0.21826
0.21399
0.20984
0.20544
0.20126
0.19708
0.19281
0.18866
0.18436
0.18033
0.17615
0.17200
0.16803
0.16376
0.16000
0.15582
0.15204
0.14807
0.14413
0.14056
0.13654
0.13306
0.12930
0.12576
0.12219
0.11884
0.11523
0.11218
0.10861
0.10565
0.10248
0.09933
0.09650
0.09351
0.09079
0.08804
0.08530
0.08289
0.08029
0.07803
0.07559
0.07352
0.07132
0.06940
0.06729
0.06573
0.06372
0.06232
0.06064
0.05920
0.05795
0.05667
0.05554
0.05447
0.05353
0.05276
0.05191
0.05142
0.05075
0.05045
0.04999
0.04987
0.04965
0.04968
0.04971
0.04993
0.05011
0.05057
0.05103
0.05145
0.05237
0.05280
0.05389
0.05478
0.05569
0.05698
0.05807
0.05936
0.06088
0.06213
0.06396
0.06534
0.06723
0.06894
0.07083
0.07281
0.07471
0.07706
0.07892
0.08136
0.08362
0.08588
0.08844
0.09079
0.09344
0.09595
0.09866
0.10126
0.10410
0.10681
0.10977
0.11246
0.11551
0.11838
0.12146
0.12433
0.12750
0.13043
0.13370
0.13660
0.13992
0.14285
0.14615
0.14935
0.15237
0.15567
0.15884
0.16180
0.16534
0.16821
0.17154
0.17456
0.17780
0.18085
0.18408
0.18692
0.19025
0.19308
0.19620
0.19910
0.20197
0.20511
0.20770
0.21078
0.21326
0.21634
0.21875
0.22162
0.22403
0.22665
0.22913
0.23160
0.23386
0.23633
0.23828
0.24081
0.24261
0.24487
0.24677
0.24860
0.25055
0.25211
0.25400
0.25537
0.25705
0.25839
0.25967
0.26114
0.26193
0.26334
0.26416
0.26508
0.26587
0.26654
0.26715
0.26767
0.26801
0.26837
0.26852
0.26865
0.26852
0.26852
0.26831
0.26776
0.26752
0.26675
0.26624
0.26535
0.26440
0.26343
0.26227
0.26089
0.25970
0.25793
0.25659
0.25470
0.25266
0.25067
0.24850
0.24631
0.24396
0.24155
0.23880
0.23608
0.23306
0.23013
0.22681
0.22354
0.22003
0.21643
0.21274
0.20886
0.20486
0.20068
0.19656
0.19193
0.18771
0.18271
0.17825
0.17297
0.16827
0.16281
0.15762
0.15216
0.14658
0.14090
0.13507
0.12918
0.12299
0.11697
0.11060
0.10416
0.09778
0.09094
0.08447
0.07745
0.07059
0.06357
0.05640
0.04935
0.04187
0.03476
0.02695
0.01978
0.01196
0.00452
-0.00336
-0.01111
-0.01877
-0.02679
-0.03448
-0.04260
-0.05042
-0.05844
-0.06650
-0.07437
-0.08249
-0.09045
-0.09857
-0.10651
-0.11456
-0.12244
-0.13058
-0.13837
-0.14651
-0.15402
-0.16229
-0.16974
-0.17773
-0.18524
-0.19312
-0.20047
-0.20822
-0.21552
-0.22293
-0.23041
-0.23743
-0.24481
-0.25177
-0.25879
-0.26578
-0.27252
-0.27936
-0.28589
-0.29260
-0.29892
-0.30536
-0.31161
-0.31763
-0.32388
-0.32974
-0.33548
-0.34137
-0.34674
-0.35245
-0.35760
-0.36307
-0.36795
-0.37305
-0.37784
-0.38242
-0.38718
-0.39133
-0.39587
-0.39957
-0.40381
-0.40732
-0.41122
-0.41437
-0.41782
-0.42084
-0.42380
-0.42664
-0.42917
-0.43176
-0.43393
-0.43634
-0.43811
-0.44028
-0.44189
-0.44360
-0.44516
-0.44650
-0.44800
-0.44910
-0.45016
-0.45145
-0.45206
-0.45334
-0.45386
-0.45468
-0.45532
-0.45590
-0.45654
-0.45688
-0.45740
-0.45770
-0.45801
-0.45834
-0.45840
-0.45871
-0.45877
-0.45880
-0.45874
-0.45895
-0.45847
-0.45883
-0.45816
-0.45819
-0.45789
-0.45734
-0.45728
-0.45642
-0.45627
-0.45529
-0.45496
-0.45404
-0.45331
-0.45236
-0.45145
-0.45032
-0.44928
-0.44778
-0.44669
-0.44489
-0.44357
-0.44156
-0.43985
-0.43777
-0.43555
-0.43323
-0.43076
-0.42801
-0.42520
-0.42212
-0.41895
-0.41544
-0.41193
-0.40799
-0.40414
-0.39981
-0.39554
-0.39087
-0.38620
-0.38123
-0.37610
-0.37082
-0.36539
-0.35965
-0.35403
-0.34799
-0.34186
-0.33572
-0.32913
-0.32285
-0.31595
-0.30923
-0.30219
-0.29517
-0.28793
-0.28043
-0.27310
-0.26532
-0.25772
-0.24969
-0.24173
-0.23376
-0.22531
-0.21716
-0.20859
-0.20013
-0.19131
-0.18286
-0.17368
-0.16504
-0.15588
-0.14676
-0.13770
-0.12839
-0.11914
-0.10983
-0.10034
-0.09100
-0.08148
-0.07202
-0.06235
-0.05307
-0.04315
-0.03394
-0.02408
-0.01477
-0.00504
0.00439
0.01382
0.02344
0.03271
0.04208
0.05142
0.06073
0.06979
0.07898
0.08804
0.09683
0.10602
0.11432
0.12344
0.13168
0.14035
0.14859
0.15692
0.16492
0.17297
0.18088
0.18860
0.19620
0.20377
0.21094
0.21835
0.22531
0.23236
0.23895
0.24585
0.25217
0.25870
0.26483
0.27084
0.27695
0.28259
0.28833
0.29373
0.29919
0.30420
0.30948
0.31421
0.31897
0.32376
0.32800
0.33243
0.33661
0.34061
0.34445
0.34808
0.35181
0.35516
0.35861
0.36166
0.36481
0.36758
0.37036
0.37299
0.37531
0.37787
0.37970
0.38211
0.38376
0.38574
0.38733
0.38889
0.39029
0.39166
0.39273
0.39398
0.39471
0.39581
0.39624
0.39716
0.39740
0.39801
0.39816
0.39850
0.39844
0.39853
0.39835
0.39813
0.39786
0.39740
0.39697
0.39618
0.39569
0.39465
0.39392
0.39279
0.39175
0.39050
0.38931
0.38779
0.38629
0.38477
0.38309
0.38120
0.37949
0.37735
0.37543
0.37314
0.37106
0.36847
0.36633
0.36356
0.36108
0.35840
0.35556
0.35269
0.34985
0.34665
0.34378
0.34036
0.33731
0.33380
0.33057
0.32697
0.32352
0.31985
0.31628
0.31235
0.30887
0.30472
0.30103
0.29694
0.29294
0.28903
0.28476
0.28070
0.27643
0.27234
0.26788
0.26376
0.25931
0.25497
0.25064
0.24609
0.24179
0.23724
0.23276
0.22836
0.22372
0.21930
0.21475
0.21017
0.20581
0.20099
0.19684
0.19199
0.18771
0.18314
0.17856
0.17438
0.16959
0.16550
0.16089
0.15662
0.15228
0.14801
0.14371
0.13962
0.13522
0.13138
0.12708
0.12320
0.11917
0.11526
0.11142
0.10764
0.10391
0.10028
0.09656
0.09326
0.08954
0.08643
0.08295
0.07977
0.07669
0.07358
0.07056
0.06778
0.06488
0.06223
0.05957
0.05707
0.05463
0.05225
0.05002
0.04788
0.04584
0.04385
0.04199
0.04028
0.03851
0.03714
0.03543
0.03439
0.03287
0.03186
0.03082
0.02975
0.02917
0.02811
0.02777
0.02710
0.02670
0.02634
0.02625
0.02600
0.02603
0.02612
0.02634
0.02655
0.02713
0.02731
0.02817
0.02869
0.02954
0.03033
0.03140
0.03232
0.03363
0.03464
0.03629
0.03735
0.03906
0.04059
0.04211
0.04413
0.04562
0.04779
0.04953
0.05173
0.05380
0.05588
0.05832
0.06039
0.06299
0.06522
0.06790
0.07031
0.07291
0.07565
0.07822
0.08112
0.08371
0.08673
0.08942
0.09241
0.09534
0.09821
0.10138
0.10422
0.10733
0.11044
0.11340
0.11658
0.11972
0.12271
0.12595
0.12900
0.13211
0.13525
0.13846
0.14145
0.14465
0.14761
0.15079
0.15387
0.15683
0.15988
0.16290
0.16583
0.16873
0.17178
0.17438
0.17752
0.18008
0.18292
0.18564
0.18823
0.19089
0.19342
0.19595
0.19839
0.20068
0.20322
0.20520
0.20770
0.20953
0.21188
0.21365
0.21573
0.21744
0.21930
0.22092
0.22266
0.22403
0.22549
0.22690
0.22821
0.22925
0.23047
0.23135
0.23230
0.23312
0.23376
0.23441
0.23489
0.23526
0.23560
0.23575
0.23590
0.23572
0.23572
0.23532
0.23517
0.23444
0.23407
0.23318
0.23242
0.23145
0.23035
0.22925
0.22778
0.22644
0.22482
0.22308
0.22153
0.21927
0.21719
0.21494
0.21262
0.21024
0.20761
0.20496
0.20203
0.19913
0.19589
0.19266
0.18909
0.18561
0.18198
0.17786
0.17429
0.16977
0.16580
0.16129
0.15677
0.15219
0.14740
0.14236
0.13745
0.13229
0.12677
0.12161
0.11578
0.11029
0.10431
0.09857
0.09229
0.08630
0.07983
0.07355
0.06705
0.06039
0.05359
0.04691
0.03983
0.03296
0.02573
0.01871
0.01117
0.00412
-0.00360
-0.01086
-0.01859
-0.02615
-0.03381
-0.04166
-0.04922
-0.05728
-0.06494
-0.07297
-0.08078
-0.08881
-0.09662
-0.10477
-0.11255
-0.12067
-0.12851
-0.13647
-0.14435
-0.15231
-0.16003
-0.16803
-0.17572
-0.18347
-0.19110
-0.19888
-0.20642
-0.21393
-0.22156
-0.22879
-0.23636
-0.24347
-0.25089
-0.25793
-0.26508
-0.27200
-0.27905
-0.28577
-0.29266
-0.29916
-0.30603
-0.31216
-0.31897
-0.32492
-0.33139
-0.33728
-0.34351
-0.34921
-0.35507
-0.36069
-0.36630
-0.37161
-0.37689
-0.38214
-0.38693
-0.39206
-0.39645
-0.40121
-0.40540
-0.40964
-0.41367
-0.41739
-0.42120
-0.42450
-0.42795
-0.43082
-0.43393
-0.43652
-0.43915
-0.44162
-0.44376
-0.44589
-0.44785
-0.44958
-0.45139
-0.45288
-0.45428
-0.45572
-0.45688
-0.45810
-0.45901
-0.46024
-0.46082
-0.46198
-0.46240
-0.46350
-0.46371
-0.46469
-0.46494
-0.46561
-0.46603
-0.46637
-0.46674
-0.46716
-0.46738
-0.46759
-0.46793
-0.46802
-0.46820
-0.46844
-0.46826
-0.46863
-0.46848
-0.46851
-0.46860
-0.46835
-0.46844
-0.46829
-0.46799
-0.46811
-0.46759
-0.46756
-0.46722
-0.46680
-0.46664
-0.46606
-0.46570
-0.46515
-0.46475
-0.46387
-0.46356
-0.46255
-0.46201
-0.46091
-0.46014
-0.45908
-0.45792
-0.45688
-0.45526
-0.45410
-0.45245
-0.45071
-0.44897
-0.44687
-0.44495
-0.44241
-0.44009
-0.43723
-0.43451
-0.43130
-0.42807
-0.42453
-0.42078
-0.41684
-0.41266
-0.40823
-0.40363
-0.39886
-0.39368
-0.38867
-0.38297
-0.37766
-0.37161
-0.36578
-0.35953
-0.35342
-0.34680
-0.34027
-0.33350
-0.32660
-0.31964
-0.31238
-0.30515
-0.29773
-0.29007
-0.28256
-0.27454
-0.26691
-0.25858
-0.25058
-0.24231
-0.23392
-0.22546
-0.21686
-0.20819
-0.19946
-0.19055
-0.18173
-0.17255
-0.16360
-0.15433
-0.14523
-0.13583
-0.12668
-0.11697
-0.10797
-0.09811
-0.08902
-0.07919
-0.06992
-0.06018
-0.05084
-0.04117
-0.03177
-0.02222
-0.01273
-0.00339
0.00616
0.01538
0.02466
0.03409
0.04309
0.05234
0.06125
0.07028
0.07910
0.08795
0.09662
0.10522
0.11365
0.12201
0.13037
0.13837
0.14651
0.15430
0.16220
0.16968
0.17737
0.18460
0.19183
0.19897
0.20590
0.21277
0.21936
0.22595
0.23221
0.23856
0.24460
0.25049
0.25635
0.26190
0.26749
0.27264
0.27808
0.28275
0.28806
0.29248
0.29724
0.30164
0.30588
0.31009
0.31381
0.31802
0.32144
0.32523
0.32858
0.33182
0.33499
0.33804
0.34073
0.34348
0.34610
0.34836
0.35086
0.35284
0.35486
0.35687
0.35843
0.36026
0.36157
0.36307
0.36420
0.36545
0.36630
0.36722
0.36801
0.36856
0.36908
0.36960
0.36963
0.37003
0.36993
0.36993
0.36975
0.36942
0.36911
0.36853
0.36789
0.36728
0.36630
0.36548
0.36435
0.36334
0.36188
0.36078
0.35910
0.35773
0.35596
0.35428
0.35236
0.35046
0.34839
0.34628
0.34402
0.34167
0.33932
0.33676
0.33420
0.33145
0.32877
0.32584
0.32300
0.31989
0.31680
0.31369
0.31033
0.30716
0.30362
0.30023
0.29666
0.29303
0.28943
0.28558
0.28192
0.27792
0.27417
0.27008
0.26611
0.26199
0.25803
0.25360
0.24966
0.24524
0.24100
0.23669
0.23233
0.22794
0.22351
0.21909
0.21457
0.21017
0.20554
0.20111
0.19650
0.19202
0.18750
0.18286
0.17834
0.17377
0.16919
0.16470
0.16016
0.15555
0.15112
0.14667
0.14212
0.13770
0.13336
0.12875
0.12479
0.11993
0.11630
0.11145
0.10767
0.10333
0.09933
0.09525
0.09122
0.08740
0.08337
0.07962
0.07599
0.07208
0.06873
0.06506
0.06143
0.05841
0.05463
0.05191
0.04828
0.04556
0.04230
0.03961
0.03665
0.03406
0.03125
0.02887
0.02634
0.02399
0.02179
0.01959
0.01743
0.01572
0.01352
0.01205
0.01022
0.00861
0.00745
0.00568
0.00485
0.00336
0.00247
0.00156
0.00058
-0.00003
-0.00064
-0.00128
-0.00162
-0.00198
-0.00217
-0.00229
-0.00226
-0.00223
-0.00195
-0.00180
-0.00116
-0.00089
-0.00018
0.00049
0.00122
0.00226
0.00305
0.00430
0.00522
0.00681
0.00784
0.00955
0.01077
0.01266
0.01413
0.01605
0.01782
0.01978
0.02179
0.02383
0.02606
0.02820
0.03055
0.03290
0.03534
0.03775
0.04041
0.04291
0.04565
0.04834
0.05106
0.05399
0.05667
0.05975
0.06253
0.06567
0.06857
0.07175
0.07474
0.07776
0.08118
0.08398
0.08755
0.09036
0.09384
0.09705
0.10010
0.10355
0.10669
0.10989
0.11325
0.11646
0.11960
0.12292
0.12607
0.12933
0.13245
0.13565
0.13873
0.14188
0.14502
0.14798
0.15106
0.15402
0.15695
0.15988
0.16281
0.16537
0.16858
0.17081
0.17392
0.17615
0.17896
0.18137
0.18378
0.18622
0.18845
0.19070
0.19296
0.19485
0.19717
0.19873
0.20102
0.20242
0.20444
0.20584
0.20749
0.20886
0.21027
0.21155
0.21274
0.21378
0.21478
0.21561
0.21649
0.21716
0.21768
0.21826
0.21854
0.21887
0.21899
0.21915
0.21896
0.21884
0.21854
0.21814
0.21765
0.21695
0.21628
0.21539
0.21429
0.21326
0.21201
0.21063
0.20917
0.20743
0.20602
0.20377
0.20190
0.19962
0.19739
0.19510
0.19257
0.19000
0.18723
0.18420
0.18121
0.17801
0.17462
0.17117
0.16751
0.16379
0.15991
0.15588
0.15179
0.14734
0.14316
0.13843
0.13391
0.12888
0.12421
0.11890
0.11395
0.10843
0.10303
0.09756
0.09174
0.08603
0.08008
0.07397
0.06796
0.06158
0.05524
0.04886
0.04221
0.03555
0.02878
0.02197
0.01495
0.00812
0.00076
-0.00623
-0.01358
-0.02075
-0.02835
-0.03558
-0.04321
-0.05063
-0.05829
-0.06586
-0.07352
-0.08124
-0.08884
-0.09671
-0.10428
-0.11227
-0.11972
-0.12781
-0.13528
-0.14325
-0.15076
-0.15869
-0.16626
-0.17395
-0.18161
-0.18918
-0.19684
-0.20419
-0.21185
-0.21912
-0.22659
-0.23395
-0.24103
-0.24844
-0.25537
-0.26254
-0.26956
-0.27634
-0.28329
-0.29004
-0.29657
-0.30338
-0.30969
-0.31622
-0.32248
-0.32867
-0.33484
-0.34079
-0.34686
-0.35245
-0.35834
-0.36374
-0.36932
-0.37448
-0.37973
-0.38483
-0.38968
-0.39444
-0.39896
-0.40344
-0.40762
-0.41187
-0.41550
-0.41946
-0.42285
-0.42621
-0.42947
-0.43231
-0.43530
-0.43774
-0.44049
-0.44250
-0.44489
-0.44678
-0.44873
-0.45044
-0.45203
-0.45358
-0.45493
-0.45624
-0.45743
-0.45847
-0.45966
-0.46039
-0.46140
-0.46210
-0.46292
-0.46350
-0.46423
-0.46469
-0.46530
-0.46567
-0.46619
-0.46643
-0.46704
-0.46704
-0.46756
-0.46768
-0.46777
-0.46826
-0.46805
-0.46848
-0.46826
-0.46857
-0.46835
-0.46854
-0.46841
-0.46835
-0.46826
-0.46811
-0.46793
-0.46777
-0.46759
-0.46719
-0.46707
-0.46649
-0.46634
-0.46576
-0.46539
-0.46484
-0.46420
-0.46359
-0.46295
-0.46216
-0.46133
-0.46042
-0.45941
-0.45840
-0.45718
-0.45593
-0.45447
-0.45313
-0.45123
-0.44977
-0.44754
-0.44568
-0.44339
-0.44080
-0.43845
-0.43536
-0.43246
-0.42932
-0.42563
-0.42224
-0.41806
-0.41422
-0.40964
-0.40530
-0.40039
-0.39542
-0.39029
-0.38480
-0.37939
-0.37347
-0.36765
-0.36142
-0.35529
-0.34875
-0.34216
-0.33545
-0.32861
-0.32144
-0.31448
-0.30695
-0.29977
-0.29196
-0.28442
-0.27649
-0.26862
-0.26053
-0.25238
-0.24402
-0.23569
-0.22705
-0.21863
-0.20966
-0.20114
-0.19189
-0.18323
-0.17383
-0.16495
-0.15549
-0.14645
-0.13678
-0.12769
-0.11792
-0.10864
-0.09888
-0.08945
-0.07983
-0.07010
-0.06061
-0.05084
-0.04123
-0.03162
-0.02200
-0.01236
-0.00281
0.00662
0.01633
0.02554
0.03513
0.04431
0.05359
0.06287
0.07184
0.08102
0.08978
0.09875
0.10745
0.11600
0.12469
0.13300
0.14133
0.14951
0.15747
0.16556
0.17322
0.18091
0.18848
0.19586
0.20309
0.21014
0.21719
0.22397
0.23074
0.23712
0.24359
0.24979
0.25586
0.26190
0.26752
0.27332
0.27863
0.28415
0.28915
0.29431
0.29913
0.30392
0.30841
0.31305
0.31708
0.32141
0.32516
0.32916
0.33279
0.33658
0.33966
0.34335
0.34604
0.34927
0.35211
0.35461
0.35736
0.35971
0.36188
0.36423
0.36597
0.36819
0.36957
0.37158
0.37274
0.37427
0.37558
0.37650
0.37775
0.37839
0.37939
0.37973
0.38065
0.38065
0.38138
0.38120
0.38156
0.38138
0.38132
0.38104
0.38077
0.38016
0.37976
0.37903
0.37827
0.37735
0.37650
0.37531
0.37424
0.37292
0.37146
0.37021
0.36841
0.36691
0.36505
0.36322
0.36127
0.35925
0.35706
0.35489
0.35248
0.35010
0.34772
0.34494
0.34241
0.33954
0.33682
0.33383
0.33084
0.32782
0.32458
0.32138
0.31821
0.31467
0.31143
0.30765
0.30441
0.30057
0.29700
0.29309
0.28949
0.28546
0.28171
0.27756
0.27380
0.26947
0.26559
0.26132
0.25723
0.25296
0.24869
0.24457
0.24002
0.23602
0.23126
0.22723
0.22263
0.21832
0.21387
0.20941
0.20502
0.20056
0.19608
0.19165
0.18719
0.18274
0.17838
0.17389
0.16953
0.16510
0.16080
0.15646
0.15198
0.14798
0.14343
0.13943
0.13513
0.13098
0.12698
0.12274
0.11905
0.11475
0.11108
0.10712
0.10330
0.09973
0.09592
0.09238
0.08881
0.08539
0.08194
0.07870
0.07538
0.07227
0.06915
0.06619
0.06320
0.06046
0.05762
0.05502
0.05237
0.05005
0.04745
0.04538
0.04297
0.04095
0.03909
0.03683
0.03549
0.03326
0.03217
0.03021
0.02914
0.02756
0.02661
0.02533
0.02441
0.02353
0.02264
0.02209
0.02142
0.02097
0.02060
0.02023
0.02023
0.01999
0.02020
0.02020
0.02039
0.02103
0.02106
0.02188
0.02243
0.02304
0.02414
0.02475
0.02600
0.02698
0.02823
0.02957
0.03079
0.03247
0.03375
0.03571
0.03708
0.03925
0.04074
0.04303
0.04486
0.04703
0.04922
0.05139
0.05386
0.05603
0.05865
0.06110
0.06360
0.06631
0.06897
0.07166
0.07443
0.07730
0.08011
0.08310
0.08597
0.08905
0.09198
0.09503
0.09827
0.10117
0.10452
0.10751
0.11072
0.11401
0.11713
0.12039
0.12369
0.12671
0.13022
0.13324
0.13657
0.13977
0.14307
0.14615
0.14948
0.15253
0.15579
0.15891
0.16205
0.16513
0.16818
0.17123
0.17426
0.17722
0.18011
0.18307
0.18579
0.18872
0.19147
0.19412
0.19675
0.19943
0.20184
0.20444
0.20688
0.20908
0.21158
0.21362
0.21585
0.21796
0.21994
0.22189
0.22372
0.22552
0.22729
0.22879
0.23047
0.23178
0.23318
0.23453
0.23563
0.23676
0.23773
0.23859
0.23947
0.24011
0.24069
0.24130
0.24155
0.24197
0.24210
0.24207
0.24222
0.24197
0.24167
0.24149
0.24072
0.24036
0.23953
0.23871
0.23776
0.23663
0.23553
0.23404
0.23288
0.23096
0.22964
0.22760
0.22549
0.22354
0.22119
0.21912
0.21646
0.21411
0.21130
0.20837
0.20554
0.20224
0.19894
0.19568
0.19189
0.18845
0.18445
0.18060
0.17645
0.17224
0.16794
0.16339
0.15881
0.15408
0.14908
0.14426
0.13892
0.13388
0.12823
0.12286
0.11719
0.11145
0.10547
0.09958
0.09341
0.08707
0.08093
0.07431
0.06775
0.06131
0.05411
0.04779
0.04041
0.03363
0.02634
0.01923
0.01190
0.00461
-0.00284
-0.01041
-0.01782
-0.02551
-0.03314
-0.04083
-0.04858
-0.05643
-0.06403
-0.07211
-0.07977
-0.08774
-0.09558
-0.10355
-0.11130
-0.11929
-0.12717
-0.13492
-0.14301
-0.15054
-0.15866
-0.16614
-0.17404
-0.18167
-0.18942
-0.19687
-0.20459
-0.21198
-0.21948
-0.22681
-0.23425
-0.24133
-0.24863
-0.25565
-0.26276
-0.26965
-0.27658
-0.28326
-0.29010
-0.29654
-0.30325
-0.30945
-0.31604
-0.32196
-0.32843
-0.33408
-0.34036
-0.34589
-0.35165
-0.35739
-0.36249
-0.36819
-0.37305
-0.37836
-0.38312
-0.38797
-0.39246
-0.39709
-0.40125
-0.40549
-0.40942
-0.41315
-0.41690
-0.42020
-0.42365
-0.42654
-0.42972
-0.43228
-0.43494
-0.43744
-0.43964
-0.44189
-0.44370
-0.44574
-0.44736
-0.44913
-0.45041
-0.45190
-0.45319
-0.45428
-0.45560
-0.45633
-0.45743
-0.45828
-0.45901
-0.45972
-0.46045
-0.46100
-0.46152
-0.46213
-0.46240
-0.46289
-0.46326
-0.46347
-0.46387
-0.46399
-0.46414
-0.46436
-0.46448
-0.46445
-0.46457
-0.46454
-0.46436
-0.46451
-0.46420
-0.46411
-0.46390
-0.46368
-0.46326
-0.46307
-0.46259
-0.46219
-0.46176
-0.46118
-0.46042
-0.46008
-0.45905
-0.45850
-0.45743
-0.45654
-0.45554
-0.45425
-0.45325
-0.45163
-0.45041
-0.44861
-0.44711
-0.44504
-0.44315
-0.44098
-0.43857
-0.43613
-0.43341
-0.43042
-0.42752
-0.42401
-0.42072
-0.41690
-0.41296
-0.40897
-0.40445
-0.40002
-0.39526
-0.39032
-0.38513
-0.37988
-0.37433
-0.36868
-0.36279
-0.35669
-0.35071
-0.34409
-0.33789
-0.33099
-0.32431
-0.31738
-0.31018
-0.30316
-0.29559
-0.28827
-0.28052
-0.27292
-0.26486
-0.25702
-0.24878
-0.24063
-0.23221
-0.22379
-0.21518
-0.20651
-0.19775
-0.18884
-0.17984
-0.17087
-0.16162
-0.15253
-0.14319
-0.13373
-0.12445
-0.11490
-0.10535
-0.09589
-0.08612
-0.07675
-0.06668
-0.05743
-0.04749
-0.03787
-0.02823
-0.01843
-0.00888
0.00079
0.01041
0.01990
0.02951
0.03897
0.04840
0.05759
0.06717
0.07602
0.08551
0.09430
0.10333
0.11218
0.12097
0.12952
0.13818
0.14648
0.15488
0.16302
0.17108
0.17905
0.18686
0.19446
0.20209
0.20938
0.21674
0.22382
0.23071
0.23773
0.24417
0.25095
0.25714
0.26352
0.26962
0.27539
0.28143
0.28683
0.29263
0.29764
0.30313
0.30798
0.31299
0.31766
0.32239
0.32675
0.33112
0.33521
0.33920
0.34299
0.34686
0.35025
0.35394
0.35693
0.36050
0.36304
0.36624
0.36871
0.37143
0.37378
0.37610
0.37820
0.38028
0.38220
0.38388
0.38562
0.38708
0.38840
0.38986
0.39081
0.39197
0.39291
0.39362
0.39435
0.39496
0.39542
0.39578
0.39603
0.39609
0.39636
0.39606
0.39609
0.39572
0.39539
0.39496
0.39435
0.39371
0.39297
0.39206
0.39111
0.39011
0.38889
0.38770
0.38635
0.38474
0.38345
0.38162
0.37994
0.37814
0.37619
0.37424
0.37201
0.36990
0.36765
0.36511
0.36285
0.36005
0.35764
0.35477
0.35205
0.34909
0.34610
0.34317
0.33984
0.33691
0.33337
0.33023
0.32669
0.32324
0.31976
0.31610
0.31241
0.30878
0.30481
0.30121
0.29718
0.29318
0.28931
0.28516
0.28119
0.27692
0.27298
0.26855
0.26443
0.26013
0.25592
0.25140
0.24731
0.24268
0.23859
0.23386
0.22977
0.22501
0.22086
0.21619
0.21191
0.20734
0.20294
0.19852
0.19400
0.18973
0.18512
0.18091
0.17648
0.17200
0.16791
0.16336
0.15933
0.15485
0.15091
0.14651
0.14255
0.13840
0.13437
0.13043
0.12640
0.12271
0.11865
0.11511
0.11124
0.10776
0.10406
0.10071
0.09705
0.09399
0.09045
0.08746
0.08423
0.08115
0.07828
0.07535
0.07254
0.06998
0.06717
0.06479
0.06226
0.06006
0.05759
0.05569
0.05344
0.05164
0.04971
0.04788
0.04642
0.04456
0.04343
0.04187
0.04074
0.03949
0.03854
0.03748
0.03680
0.03589
0.03543
0.03479
0.03442
0.03400
0.03397
0.03363
0.03387
0.03366
0.03418
0.03418
0.03479
0.03513
0.03580
0.03644
0.03723
0.03812
0.03909
0.04013
0.04138
0.04239
0.04407
0.04510
0.04697
0.04831
0.05008
0.05191
0.05350
0.05573
0.05750
0.05963
0.06180
0.06390
0.06625
0.06848
0.07108
0.07333
0.07596
0.07855
0.08109
0.08392
0.08649
0.08942
0.09207
0.09515
0.09790
0.10092
0.10382
0.10696
0.10977
0.11325
0.11584
0.11938
0.12225
0.12543
0.12881
0.13171
0.13504
0.13824
0.14130
0.14462
0.14783
0.15088
0.15417
0.15729
0.16043
0.16367
0.16669
0.16977
0.17303
0.17578
0.17908
0.18195
0.18488
0.18787
0.19073
0.19354
0.19638
0.19916
0.20178
0.20459
0.20703
0.20966
0.21222
0.21451
0.21707
0.21921
0.22153
0.22375
0.22580
0.22791
0.22983
0.23175
0.23355
0.23529
0.23694
0.23856
0.24002
0.24142
0.24277
0.24393
0.24524
0.24591
0.24744
0.24762
0.24905
0.24911
0.25015
0.25024
0.25082
0.25098
0.25113
0.25122
0.25104
0.25089
0.25070
0.25003
0.24982
0.24887
0.24838
0.24719
0.24649
0.24515
0.24411
0.24249
0.24127
0.23932
0.23804
0.23587
0.23380
0.23166
0.22940
0.22708
0.22467
0.22192
0.21930
0.21622
0.21332
0.20999
0.20660
0.20337
0.19937
0.19595
0.19189
0.18790
0.18387
0.17935
0.17514
0.17035
0.16599
0.16086
0.15610
0.15082
0.14581
0.14023
0.13498
0.12912
0.12357
0.11768
0.11166
0.10556
0.09940
0.09293
0.08664
0.07993
0.07349
0.06638
0.05984
0.05267
0.04562
0.03851
0.03128
0.02383
0.01672
0.00888
0.00156
-0.00610
-0.01382
-0.02148
-0.02924
-0.03735
-0.04477
-0.05310
-0.06073
-0.06894
-0.07678
-0.08484
-0.09286
-0.10089
-0.10886
-0.11707
-0.12485
-0.13312
-0.14087
-0.14902
-0.15680
-0.16489
-0.17258
-0.18057
-0.18826
-0.19608
-0.20374
-0.21140
-0.21893
-0.22653
-0.23386
-0.24130
-0.24875
-0.25568
-0.26309
-0.27011
-0.27704
-0.28400
-0.29083
-0.29742
-0.30426
-0.31067
-0.31714
-0.32349
-0.32965
-0.33588
-0.34177
-0.34787
-0.35345
-0.35919
-0.36478
-0.37006
-0.37549
-0.38046
-0.38553
-0.39035
-0.39499
-0.39954
-0.40384
-0.40799
-0.41205
-0.41574
-0.41953
-0.42279
-0.42624
-0.42914
-0.43216
-0.43494
-0.43738
-0.43988
-0.44199
-0.44431
-0.44595
-0.44818
-0.44934
-0.45139
-0.45245
-0.45413
-0.45499
-0.45654
-0.45718
-0.45853
-0.45920
-0.46008
-0.46088
-0.46140
-0.46231
-0.46262
-0.46335
-0.46362
-0.46420
-0.46451
-0.46487
-0.46515
-0.46536
-0.46570
-0.46573
-0.46600
-0.46597
-0.46622
-0.46600
-0.46631
-0.46588
-0.46628
-0.46579
-0.46585
-0.46561
-0.46536
-0.46512
-0.46494
-0.46439
-0.46414
-0.46365
-0.46313
-0.46271
-0.46194
-0.46149
-0.46045
-0.45999
-0.45883
-0.45801
-0.45700
-0.45569
-0.45468
-0.45313
-0.45181
-0.45010
-0.44839
-0.44653
-0.44458
-0.44223
-0.44003
-0.43729
-0.43475
-0.43161
-0.42868
-0.42514
-0.42169
-0.41782
-0.41388
-0.40955
-0.40530
-0.40036
-0.39587
-0.39038
-0.38550
-0.37976
-0.37430
-0.36841
-0.36237
-0.35623
-0.34998
-0.34326
-0.33701
-0.32977
-0.32321
-0.31580
-0.30887
-0.30130
-0.29388
-0.28622
-0.27847
-0.27063
-0.26254
-0.25446
-0.24612
-0.23785
-0.22931
-0.22070
-0.21201
-0.20322
-0.19434
-0.18524
-0.17633
-0.16690
-0.15793
-0.14835
-0.13913
-0.12964
-0.12003
-0.11063
-0.10080
-0.09140
-0.08151
-0.07193
-0.06207
-0.05249
-0.04263
-0.03296
-0.02316
-0.01352
-0.00372
0.00583
0.01550
0.02512
0.03461
0.04416
0.05347
0.06293
0.07211
0.08142
0.09042
0.09946
0.10852
0.11707
0.12613
0.13446
0.14310
0.15146
0.15967
0.16788
0.17578
0.18381
0.19138
0.19913
0.20654
0.21387
0.22104
0.22815
0.23489
0.24185
0.24826
0.25485
0.26111
0.26721
0.27335
0.27905
0.28488
0.29037
0.29578
0.30106
0.30612
0.31110
0.31592
0.32047
0.32510
0.32941
0.33356
0.33762
0.34140
0.34531
0.34882
0.35236
0.35568
0.35883
0.36188
0.36478
0.36743
0.37003
0.37256
0.37473
0.37704
0.37894
0.38098
0.38263
0.38434
0.38589
0.38727
0.38849
0.38971
0.39072
0.39169
0.39230
0.39325
0.39352
0.39429
0.39438
0.39484
0.39478
0.39493
0.39474
0.39468
0.39429
0.39392
0.39346
0.39279
0.39221
0.39120
0.39050
0.38934
0.38840
0.38702
0.38593
0.38431
0.38290
0.38135
0.37955
0.37787
0.37592
0.37387
0.37186
0.36966
0.36737
0.36505
0.36249
0.36014
0.35724
0.35480
0.35175
0.34894
0.34604
0.34290
0.33978
0.33658
0.33319
0.32999
0.32648
0.32294
0.31943
0.31564
0.31223
0.30804
0.30469
0.30035
0.29675
0.29248
0.28867
0.28439
0.28043
0.27600
0.27203
0.26749
0.26349
0.25885
0.25467
0.25021
0.24570
0.24139
0.23672
0.23242
0.22772
0.22333
0.21866
0.21423
0.20956
0.20517
0.20038
0.19601
0.19131
0.18689
0.18231
0.17773
0.17337
0.16864
0.16455
0.15973
0.15561
0.15106
0.14682
0.14246
0.13828
0.13397
0.12982
0.12573
0.12152
0.11771
0.11356
0.10971
0.10593
0.10193
0.09851
0.09460
0.09109
0.08774
0.08395
0.08105
0.07736
0.07446
0.07114
0.06818
0.06522
0.06241
0.05957
0.05692
0.05435
0.05185
0.04944
0.04706
0.04495
0.04288
0.04074
0.03897
0.03702
0.03546
0.03372
0.03229
0.03088
0.02957
0.02850
0.02716
0.02652
0.02533
0.02481
0.02396
0.02353
0.02304
0.02271
0.02237
0.02237
0.02225
0.02234
0.02252
0.02274
0.02316
0.02362
0.02417
0.02490
0.02560
0.02652
0.02750
0.02847
0.02975
0.03082
0.03235
0.03354
0.03528
0.03674
0.03836
0.04037
0.04181
0.04416
0.04581
0.04813
0.05014
0.05240
0.05466
0.05698
0.05957
0.06171
0.06473
0.06677
0.06995
0.07224
0.07529
0.07788
0.08084
0.08374
0.08667
0.08960
0.09268
0.09555
0.09894
0.10165
0.10516
0.10800
0.11139
0.11438
0.11774
0.12085
0.12418
0.12717
0.13071
0.13367
0.13712
0.14011
0.14355
0.14655
0.14999
0.15286
0.15628
0.15927
0.16241
0.16556
0.16849
0.17172
0.17447
0.17761
0.18042
0.18338
0.18613
0.18893
0.19177
0.19431
0.19705
0.19958
0.20212
0.20462
0.20697
0.20932
0.21164
0.21375
0.21597
0.21802
0.21988
0.22205
0.22354
0.22559
0.22708
0.22876
0.23019
0.23163
0.23288
0.23428
0.23523
0.23639
0.23724
0.23816
0.23895
0.23941
0.24023
0.24036
0.24100
0.24103
0.24115
0.24124
0.24109
0.24075
0.24066
0.23990
0.23972
0.23868
0.23804
0.23706
0.23602
0.23489
0.23349
0.23218
0.23050
0.22894
0.22720
0.22513
0.22296
0.22079
0.21835
0.21613
0.21347
0.21072
0.20801
0.20486
0.20184
0.19839
0.19510
0.19141
0.18781
0.18384
0.17996
0.17575
0.17157
0.16708
0.16269
0.15784
0.15326
0.14813
0.14319
0.13788
0.13266
0.12714
0.12149
0.11594
0.10992
0.10400
0.09796
0.09164
0.08545
0.07886
0.07248
0.06561
0.05902
0.05206
0.04507
0.03806
0.03088
0.02368
0.01620
0.00900
0.00128
-0.00601
-0.01392
-0.02139
-0.02927
-0.03705
-0.04468
-0.05295
-0.06049
-0.06882
-0.07648
-0.08472
-0.09259
-0.10062
-0.10876
-0.11655
-0.12479
-0.13260
-0.14072
-0.14850
-0.15662
-0.16431
-0.17236
-0.18002
-0.18781
-0.19571
-0.20309
-0.21097
-0.21838
-0.22598
-0.23337
-0.24072
-0.24808
-0.25525
-0.26254
-0.26947
-0.27658
-0.28342
-0.29031
-0.29706
-0.30365
-0.31033
-0.31671
-0.32309
-0.32947
-0.33548
-0.34164
-0.34766
-0.35330
-0.35925
-0.36462
-0.37033
-0.37543
-0.38080
-0.38580
-0.39069
-0.39545
-0.40002
-0.40436
-0.40875
-0.41269
-0.41663
-0.42032
-0.42374
-0.42722
-0.43015
-0.43335
-0.43591
-0.43863
-0.44110
-0.44324
-0.44550
-0.44742
-0.44916
-0.45114
-0.45236
-0.45422
-0.45514
-0.45682
-0.45758
-0.45901
-0.45978
-0.46075
-0.46161
-0.46231
-0.46304
-0.46378
-0.46432
-0.46475
-0.46545
-0.46564
-0.46634
-0.46649
-0.46695
-0.46710
-0.46747
-0.46762
-0.46790
-0.46790
-0.46817
-0.46814
-0.46832
-0.46823
-0.46829
-0.46826
-0.46811
-0.46820
-0.46783
-0.46786
-0.46759
-0.46735
-0.46716
-0.46674
-0.46652
-0.46600
-0.46567
-0.46518
-0.46463
-0.46402
-0.46350
-0.46262
-0.46198
-0.46112
-0.46017
-0.45920
-0.45807
-0.45691
-0.45566
-0.45413
-0.45273
-0.45096
-0.44928
-0.44717
-0.44522
-0.44275
-0.44046
-0.43765
-0.43494
-0.43167
-0.42859
-0.42496
-0.42126
-0.41733
-0.41315
-0.40872
-0.40417
-0.39929
-0.39420
-0.38904
-0.38361
-0.37784
-0.37216
-0.36603
-0.35995
-0.35361
-0.34711
-0.34045
-0.33365
-0.32666
-0.31964
-0.31238
-0.30508
-0.29739
-0.29007
-0.28189
-0.27448
-0.26602
-0.25830
-0.24969
-0.24170
-0.23282
-0.22458
-0.21567
-0.20700
-0.19809
-0.18912
-0.18008
-0.17081
-0.16183
-0.15225
-0.14316
-0.13354
-0.12418
-0.11459
-0.10501
-0.09546
-0.08588
-0.07599
-0.06662
-0.05667
-0.04718
-0.03729
-0.02783
-0.01797
-0.00848
0.00122
0.01068
0.02032
0.02969
0.03922
0.04843
0.05777
0.06708
0.07602
0.08517
0.09409
0.10294
0.11169
0.12039
0.12875
0.13733
0.14557
0.15375
0.16177
0.16977
0.17743
0.18521
0.19269
0.20001
0.20737
0.21436
0.22134
0.22812
0.23489
0.24121
0.24777
0.25378
0.26004
0.26581
0.27161
0.27728
0.28262
0.28809
0.29303
0.29825
0.30292
0.30780
0.31213
0.31683
0.32083
0.32498
0.32892
0.33273
0.33646
0.33990
0.34338
0.34653
0.34976
0.35245
0.35547
0.35797
0.36053
0.36288
0.36502
0.36734
0.36899
0.37122
0.37250
0.37442
0.37564
0.37714
0.37808
0.37952
0.38000
0.38135
0.38162
0.38248
0.38290
0.38321
0.38358
0.38361
0.38370
0.38361
0.38345
0.38306
0.38281
0.38214
0.38171
0.38077
0.38016
0.37906
0.37820
0.37692
0.37579
0.37433
0.37314
0.37131
0.36990
0.36801
0.36630
0.36426
0.36237
0.36008
0.35800
0.35571
0.35318
0.35083
0.34814
0.34555
0.34277
0.33994
0.33701
0.33401
0.33096
0.32782
0.32443
0.32132
0.31778
0.31445
0.31079
0.30731
0.30353
0.29999
0.29599
0.29239
0.28818
0.28448
0.28033
0.27631
0.27231
0.26791
0.26395
0.25952
0.25537
0.25098
0.24670
0.24222
0.23788
0.23343
0.22888
0.22452
0.21994
0.21536
0.21100
0.20630
0.20184
0.19720
0.19272
0.18811
0.18353
0.17908
0.17441
0.16995
0.16547
0.16092
0.15649
0.15198
0.14761
0.14316
0.13889
0.13443
0.13028
0.12592
0.12183
0.11749
0.11359
0.10931
0.10556
0.10132
0.09772
0.09366
0.09009
0.08627
0.08258
0.07922
0.07550
0.07236
0.06876
0.06570
0.06241
0.05936
0.05643
0.05338
0.05069
0.04779
0.04529
0.04260
0.04022
0.03778
0.03568
0.03317
0.03146
0.02927
0.02740
0.02567
0.02405
0.02231
0.02109
0.01941
0.01840
0.01718
0.01602
0.01520
0.01431
0.01352
0.01291
0.01251
0.01178
0.01184
0.01123
0.01154
0.01114
0.01147
0.01163
0.01178
0.01245
0.01266
0.01346
0.01398
0.01498
0.01563
0.01685
0.01776
0.01904
0.02017
0.02170
0.02289
0.02472
0.02600
0.02802
0.02954
0.03156
0.03339
0.03537
0.03775
0.03943
0.04218
0.04401
0.04672
0.04895
0.05151
0.05414
0.05655
0.05945
0.06201
0.06482
0.06772
0.07040
0.07352
0.07629
0.07935
0.08243
0.08536
0.08850
0.09171
0.09460
0.09802
0.10101
0.10440
0.10739
0.11081
0.11389
0.11719
0.12045
0.12369
0.12689
0.13013
0.13336
0.13657
0.13986
0.14288
0.14612
0.14932
0.15231
0.15564
0.15839
0.16180
0.16440
0.16782
0.17032
0.17346
0.17627
0.17892
0.18195
0.18436
0.18713
0.18982
0.19208
0.19492
0.19696
0.19962
0.20166
0.20404
0.20612
0.20819
0.21014
0.21216
0.21393
0.21567
0.21747
0.21890
0.22055
0.22186
0.22324
0.22446
0.22574
0.22650
0.22778
0.22839
0.22928
0.22989
0.23044
0.23096
0.23126
0.23145
0.23166
0.23163
0.23154
0.23138
0.23099
0.23056
0.23004
0.22931
0.22864
0.22751
0.22675
0.22531
0.22427
0.22263
0.22131
0.21951
0.21790
0.21588
0.21365
0.21152
0.20926
0.20679
0.20438
0.20157
0.19885
0.19583
0.19266
0.18951
0.18594
0.18256
0.17874
0.17508
0.17102
0.16693
0.16281
0.15836
0.15396
0.14932
0.14453
0.13965
0.13467
0.12943
0.12430
0.11874
0.11334
0.10757
0.10187
0.09595
0.08981
0.08389
0.07745
0.07114
0.06473
0.05801
0.05145
0.04462
0.03772
0.03079
0.02362
0.01666
0.00928
0.00204
-0.00543
-0.01273
-0.02039
-0.02789
-0.03552
-0.04327
-0.05081
-0.05884
-0.06644
-0.07443
-0.08215
-0.09009
-0.09799
-0.10590
-0.11383
-0.12167
-0.12967
-0.13757
-0.14539
-0.15332
-0.16113
-0.16895
-0.17673
-0.18454
-0.19208
-0.19998
-0.20737
-0.21506
-0.22247
-0.22995
-0.23734
-0.24460
-0.25195
-0.25894
-0.26627
-0.27298
-0.28021
-0.28677
-0.29382
-0.30020
-0.30707
-0.31332
-0.31982
-0.32620
-0.33221
-0.33841
-0.34445
-0.35019
-0.35605
-0.36172
-0.36703
-0.37274
-0.37769
-0.38297
-0.38800
-0.39246
-0.39774
-0.40155
-0.40634
-0.41031
-0.41428
-0.41806
-0.42181
-0.42505
-0.42838
-0.43149
-0.43420
-0.43716
-0.43939
-0.44208
-0.44400
-0.44632
-0.44806
-0.44989
-0.45166
-0.45300
-0.45462
-0.45572
-0.45718
-0.45810
-0.45932
-0.46008
-0.46115
-0.46188
-0.46259
-0.46341
-0.46384
-0.46466
-0.46500
-0.46558
-0.46597
-0.46640
-0.46671
-0.46707
-0.46725
-0.46771
-0.46765
-0.46796
-0.46814
-0.46817
-0.46835
-0.46826
-0.46841
-0.46835
-0.46829
-0.46832
-0.46805
-0.46805
-0.46793
-0.46756
-0.46753
-0.46710
-0.46683
-0.46655
-0.46613
-0.46567
-0.46518
-0.46472
-0.46402
-0.46353
-0.46265
-0.46207
-0.46106
-0.46036
-0.45898
-0.45834
-0.45676
-0.45578
-0.45413
-0.45276
-0.45102
-0.44925
-0.44727
-0.44516
-0.44287
-0.44040
-0.43774
-0.43481
-0.43195
-0.42838
-0.42517
-0.42117
-0.41745
-0.41321
-0.40872
-0.40424
-0.39932
-0.39441
-0.38898
-0.38373
-0.37796
-0.37219
-0.36627
-0.35999
-0.35376
-0.34723
-0.34058
-0.33383
-0.32687
-0.31982
-0.31253
-0.30521
-0.29782
-0.29001
-0.28244
-0.27444
-0.26651
-0.25839
-0.25006
-0.24188
-0.23325
-0.22485
-0.21603
-0.20737
-0.19846
-0.18948
-0.18048
-0.17126
-0.16217
-0.15283
-0.14343
-0.13412
-0.12457
-0.11517
-0.10547
-0.09595
-0.08636
-0.07666
-0.06711
-0.05725
-0.04776
-0.03793
-0.02835
-0.01874
-0.00903
0.00049
0.01010
0.01962
0.02905
0.03842
0.04782
0.05707
0.06625
0.07541
0.08435
0.09344
0.10208
0.11102
0.11951
0.12814
0.13644
0.14487
0.15283
0.16113
0.16879
0.17682
0.18423
0.19199
0.19913
0.20657
0.21350
0.22058
0.22726
0.23398
0.24054
0.24677
0.25314
0.25900
0.26517
0.27069
0.27643
0.28186
0.28711
0.29239
0.29730
0.30212
0.30695
0.31137
0.31601
0.32001
0.32419
0.32806
0.33191
0.33572
0.33911
0.34253
0.34586
0.34888
0.35181
0.35464
0.35718
0.35989
0.36203
0.36447
0.36642
0.36850
0.37033
0.37201
0.37357
0.37518
0.37622
0.37778
0.37860
0.37964
0.38058
0.38104
0.38205
0.38217
0.38278
0.38297
0.38312
0.38321
0.38309
0.38303
0.38251
0.38251
0.38159
0.38132
0.38046
0.37961
0.37897
0.37759
0.37677
0.37540
0.37415
0.37277
0.37115
0.36963
0.36789
0.36603
0.36423
0.36215
0.36011
0.35785
0.35562
0.35321
0.35083
0.34818
0.34564
0.34283
0.34012
0.33710
0.33429
0.33112
0.32800
0.32489
0.32138
0.31839
0.31454
0.31143
0.30762
0.30411
0.30042
0.29660
0.29294
0.28882
0.28525
0.28091
0.27719
0.27295
0.26886
0.26474
0.26056
0.25623
0.25204
0.24762
0.24341
0.23904
0.23450
0.23026
0.22562
0.22134
0.21674
0.21237
0.20773
0.20328
0.19888
0.19415
0.18982
0.18518
0.18076
0.17624
0.17178
0.16721
0.16299
0.15823
0.15417
0.14954
0.14529
0.14099
0.13663
0.13251
0.12814
0.12418
0.11987
0.11603
0.11176
0.10803
0.10400
0.10010
0.09656
0.09247
0.08920
0.08527
0.08197
0.07855
0.07495
0.07193
0.06851
0.06552
0.06241
0.05939
0.05664
0.05374
0.05103
0.04858
0.04584
0.04358
0.04114
0.03894
0.03680
0.03482
0.03275
0.03101
0.02924
0.02759
0.02600
0.02469
0.02319
0.02213
0.02084
0.01987
0.01904
0.01807
0.01755
0.01675
0.01639
0.01590
0.01563
0.01544
0.01541
0.01529
0.01556
0.01559
0.01617
0.01627
0.01718
0.01736
0.01837
0.01910
0.01996
0.02118
0.02188
0.02350
0.02441
0.02609
0.02731
0.02893
0.03061
0.03226
0.03409
0.03589
0.03793
0.03983
0.04211
0.04410
0.04645
0.04868
0.05118
0.05350
0.05600
0.05869
0.06119
0.06390
0.06662
0.06940
0.07220
0.07516
0.07788
0.08105
0.08389
0.08694
0.09009
0.09305
0.09628
0.09933
0.10254
0.10565
0.10904
0.11200
0.11548
0.11838
0.12195
0.12497
0.12833
0.13150
0.13474
0.13803
0.14114
0.14435
0.14767
0.15060
0.15402
0.15689
0.16013
0.16324
0.16602
0.16937
0.17200
0.17526
0.17783
0.18097
0.18341
0.18655
0.18896
0.19177
0.19424
0.19687
0.19925
0.20181
0.20401
0.20630
0.20862
0.21069
0.21277
0.21478
0.21661
0.21866
0.22018
0.22211
0.22342
0.22525
0.22635
0.22809
0.22885
0.23050
0.23111
0.23245
0.23306
0.23395
0.23462
0.23505
0.23575
0.23593
0.23621
0.23642
0.23630
0.23648
0.23599
0.23590
0.23541
0.23489
0.23422
0.23352
0.23248
0.23163
0.23044
0.22906
0.22791
0.22617
0.22473
0.22299
0.22101
0.21893
0.21661
0.21457
0.21210
0.20963
0.20703
0.20416
0.20126
0.19821
0.19492
0.19162
0.18802
0.18448
0.18066
0.17670
0.17285
0.16846
0.16428
0.15982
0.15524
0.15057
0.14566
0.14069
0.13574
0.13028
0.12512
0.11951
0.11386
0.10834
0.10223
0.09641
0.09024
0.08401
0.07785
0.07120
0.06482
0.05807
0.05145
0.04446
0.03757
0.03070
0.02328
0.01648
0.00882
0.00171
-0.00574
-0.01337
-0.02072
-0.02850
-0.03598
-0.04388
-0.05142
-0.05939
-0.06711
-0.07492
-0.08295
-0.09061
-0.09872
-0.10641
-0.11450
-0.12231
-0.13028
-0.13812
-0.14600
-0.15387
-0.16171
-0.16953
-0.17728
-0.18497
-0.19275
-0.20029
-0.20798
-0.21545
-0.22293
-0.23041
-0.23773
-0.24506
-0.25214
-0.25964
-0.26620
-0.27374
-0.28015
-0.28748
-0.29373
-0.30078
-0.30719
-0.31360
-0.32016
-0.32623
-0.33252
-0.33859
-0.34448
-0.35046
-0.35596
-0.36185
-0.36703
-0.37271
-0.37762
-0.38300
-0.38760
-0.39267
-0.39709
-0.40161
-0.40594
-0.40997
-0.41394
-0.41776
-0.42117
-0.42474
-0.42783
-0.43094
-0.43372
-0.43646
-0.43887
-0.44135
-0.44351
-0.44550
-0.44739
-0.44931
-0.45071
-0.45248
-0.45374
-0.45508
-0.45636
-0.45734
-0.45853
-0.45938
-0.46024
-0.46115
-0.46173
-0.46265
-0.46295
-0.46387
-0.46405
-0.46478
-0.46497
-0.46561
-0.46579
-0.46606
-0.46643
-0.46655
-0.46683
-0.46698
-0.46695
-0.46725
-0.46710
-0.46738
-0.46716
-0.46710
-0.46725
-0.46683
-0.46695
-0.46664
-0.46637
-0.46637
-0.46576
-0.46567
-0.46518
-0.46469
-0.46442
-0.46371
-0.46329
-0.46252
-0.46191
-0.46106
-0.46033
-0.45944
-0.45822
-0.45746
-0.45596
-0.45493
-0.45325
-0.45206
-0.45013
-0.44855
-0.44644
-0.44443
-0.44208
-0.43973
-0.43710
-0.43408
-0.43134
-0.42780
-0.42459
-0.42072
-0.41693
-0.41278
-0.40848
-0.40384
-0.39917
-0.39410
-0.38901
-0.38358
-0.37796
-0.37238
-0.36627
-0.36029
-0.35400
-0.34750
-0.34094
-0.33426
-0.32736
-0.32034
-0.31311
-0.30591
-0.29831
-0.29092
-0.28299
-0.27545
-0.26718
-0.25931
-0.25101
-0.24277
-0.23422
-0.22577
-0.21710
-0.20828
-0.19962
-0.19034
-0.18173
-0.17218
-0.16324
-0.15390
-0.14447
-0.13531
-0.12537
-0.11646
-0.10629
-0.09711
-0.08719
-0.07767
-0.06793
-0.05814
-0.04855
-0.03873
-0.02914
-0.01932
-0.00970
-0.00006
0.00961
0.01913
0.02863
0.03815
0.04752
0.05701
0.06607
0.07550
0.08429
0.09375
0.10217
0.11151
0.11981
0.12875
0.13699
0.14560
0.15366
0.16199
0.16989
0.17786
0.18552
0.19324
0.20059
0.20810
0.21509
0.22235
0.22906
0.23605
0.24243
0.24908
0.25531
0.26157
0.26746
0.27350
0.27902
0.28485
0.28995
0.29553
0.30038
0.30557
0.31021
0.31497
0.31946
0.32388
0.32809
0.33200
0.33600
0.33975
0.34344
0.34689
0.35028
0.35349
0.35648
0.35950
0.36203
0.36496
0.36707
0.36972
0.37170
0.37384
0.37585
0.37750
0.37943
0.38068
0.38235
0.38351
0.38474
0.38580
0.38675
0.38748
0.38837
0.38867
0.38953
0.38956
0.39011
0.38998
0.39020
0.39011
0.38980
0.38977
0.38916
0.38876
0.38828
0.38733
0.38687
0.38571
0.38483
0.38373
0.38257
0.38110
0.38000
0.37820
0.37683
0.37500
0.37332
0.37134
0.36951
0.36722
0.36533
0.36285
0.36072
0.35806
0.35562
0.35309
0.35025
0.34769
0.34460
0.34167
0.33884
0.33539
0.33267
0.32889
0.32608
0.32230
0.31894
0.31552
0.31171
0.30826
0.30441
0.30063
0.29678
0.29291
0.28891
0.28503
0.28079
0.27692
0.27261
0.26849
0.26431
0.25998
0.25571
0.25146
0.24704
0.24261
0.23840
0.23367
0.22958
0.22473
0.22067
0.21585
0.21161
0.20688
0.20261
0.19800
0.19345
0.18915
0.18433
0.18030
0.17548
0.17123
0.16684
0.16229
0.15805
0.15369
0.14935
0.14511
0.14090
0.13660
0.13257
0.12836
0.12442
0.12030
0.11639
0.11252
0.10858
0.10501
0.10101
0.09756
0.09393
0.09036
0.08701
0.08359
0.08026
0.07715
0.07394
0.07086
0.06808
0.06488
0.06241
0.05948
0.05698
0.05441
0.05206
0.04959
0.04749
0.04526
0.04321
0.04129
0.03949
0.03760
0.03619
0.03436
0.03314
0.03171
0.03043
0.02939
0.02844
0.02716
0.02686
0.02560
0.02551
0.02454
0.02460
0.02380
0.02408
0.02359
0.02386
0.02390
0.02408
0.02448
0.02475
0.02542
0.02597
0.02661
0.02759
0.02829
0.02948
0.03043
0.03168
0.03302
0.03421
0.03589
0.03720
0.03897
0.04062
0.04245
0.04422
0.04636
0.04813
0.05042
0.05255
0.05466
0.05716
0.05942
0.06186
0.06445
0.06686
0.06958
0.07224
0.07489
0.07779
0.08047
0.08344
0.08630
0.08926
0.09216
0.09537
0.09818
0.10147
0.10443
0.10770
0.11069
0.11407
0.11700
0.12048
0.12344
0.12686
0.12994
0.13330
0.13647
0.13959
0.14310
0.14590
0.14960
0.15231
0.15585
0.15875
0.16205
0.16504
0.16827
0.17117
0.17432
0.17725
0.18024
0.18311
0.18600
0.18884
0.19165
0.19434
0.19711
0.19958
0.20236
0.20474
0.20731
0.20963
0.21198
0.21423
0.21652
0.21854
0.22073
0.22253
0.22464
0.22638
0.22812
0.22983
0.23135
0.23294
0.23434
0.23563
0.23694
0.23788
0.23929
0.23993
0.24097
0.24161
0.24234
0.24292
0.24332
0.24368
0.24396
0.24402
0.24420
0.24393
0.24384
0.24353
0.24304
0.24258
0.24185
0.24118
0.24017
0.23920
0.23810
0.23672
0.23557
0.23373
0.23236
0.23059
0.22861
0.22650
0.22424
0.22208
0.21976
0.21716
0.21451
0.21185
0.20871
0.20581
0.20242
0.19910
0.19559
0.19196
0.18817
0.18423
0.18018
0.17612
0.17163
0.16727
0.16257
0.15805
0.15298
0.14816
0.14288
0.13782
0.13217
0.12695
0.12109
0.11545
0.10956
0.10349
0.09741
0.09119
0.08481
0.07828
0.07187
0.06497
0.05841
0.05133
0.04453
0.03723
0.03030
0.02286
0.01575
0.00809
0.00089
-0.00693
-0.01425
-0.02219
-0.02969
-0.03760
-0.04529
-0.05331
-0.06104
-0.06909
-0.07690
-0.08496
-0.09286
-0.10089
-0.10892
-0.11685
-0.12485
-0.13281
-0.14081
-0.14868
-0.15671
-0.16455
-0.17230
-0.18030
-0.18793
-0.19565
-0.20352
-0.21094
-0.21860
-0.22620
-0.23340
-0.24109
-0.24808
-0.25568
-0.26245
-0.26993
-0.27655
-0.28378
-0.29034
-0.29739
-0.30368
-0.31061
-0.31674
-0.32333
-0.32941
-0.33572
-0.34171
-0.34756
-0.35345
-0.35916
-0.36462
-0.37024
-0.37531
-0.38068
-0.38556
-0.39050
-0.39517
-0.39972
-0.40411
-0.40823
-0.41238
-0.41605
-0.41986
-0.42331
-0.42645
-0.42975
-0.43259
-0.43533
-0.43799
-0.44031
-0.44257
-0.44479
-0.44659
-0.44864
-0.45001
-0.45197
-0.45294
-0.45486
-0.45554
-0.45715
-0.45786
-0.45914
-0.45975
-0.46085
-0.46140
-0.46222
-0.46280
-0.46341
-0.46393
-0.46439
-0.46487
-0.46518
-0.46567
-0.46582
-0.46622
-0.46634
-0.46661
-0.46677
-0.46680
-0.46698
-0.46701
-0.46704
-0.46701
-0.46701
-0.46683
-0.46692
-0.46655
-0.46652
-0.46631
-0.46588
-0.46582
-0.46530
-0.46500
-0.46454
-0.46411
-0.46359
-0.46289
-0.46231
-0.46167
-0.46075
-0.46011
-0.45889
-0.45816
-0.45688
-0.45572
-0.45441
-0.45297
-0.45148
-0.44971
-0.44791
-0.44589
-0.44382
-0.44144
-0.43906
-0.43610
-0.43362
-0.43008
-0.42712
-0.42349
-0.41959
-0.41602
-0.41135
-0.40738
-0.40234
-0.39798
-0.39240
-0.38770
-0.38177
-0.37646
-0.37057
-0.36444
-0.35849
-0.35199
-0.34558
-0.33899
-0.33197
-0.32532
-0.31802
-0.31091
-0.30344
-0.29599
-0.28839
-0.28049
-0.27274
-0.26462
-0.25653
-0.24820
-0.23987
-0.23129
-0.22281
-0.21396
-0.20526
-0.19626
-0.18729
-0.17816
-0.16898
-0.15973
-0.15039
-0.14093
-0.13153
-0.12192
-0.11240
-0.10269
-0.09311
-0.08340
-0.07361
-0.06393
-0.05414
-0.04440
-0.03458
-0.02487
-0.01514
-0.00546
0.00443
0.01379
0.02368
0.03296
0.04272
0.05197
0.06146
0.07071
0.07993
0.08914
0.09802
0.10712
0.11588
0.12466
0.13330
0.14178
0.15018
0.15845
0.16672
0.17456
0.18259
0.19028
0.19788
0.20547
0.21274
0.21988
0.22708
0.23380
0.24072
0.24731
0.25366
0.26019
0.26611
0.27234
0.27808
0.28381
0.28937
0.29486
0.29999
0.30518
0.31009
0.31494
0.31958
0.32407
0.32852
0.33249
0.33679
0.34039
0.34433
0.34802
0.35126
0.35486
0.35791
0.36090
0.36389
0.36652
0.36911
0.37167
0.37381
0.37607
0.37817
0.37997
0.38190
0.38333
0.38507
0.38632
0.38779
0.38864
0.39005
0.39063
0.39163
0.39230
0.39276
0.39331
0.39371
0.39377
0.39413
0.39398
0.39398
0.39383
0.39343
0.39313
0.39270
0.39188
0.39148
0.39035
0.38974
0.38861
0.38745
0.38644
0.38489
0.38373
0.38202
0.38058
0.37875
0.37708
0.37518
0.37302
0.37128
0.36877
0.36664
0.36444
0.36163
0.35947
0.35657
0.35400
0.35114
0.34836
0.34521
0.34238
0.33905
0.33597
0.33267
0.32932
0.32590
0.32236
0.31891
0.31519
0.31152
0.30783
0.30386
0.30023
0.29605
0.29230
0.28812
0.28409
0.28006
0.27570
0.27170
0.26727
0.26309
0.25879
0.25436
0.25015
0.24561
0.24127
0.23660
0.23227
0.22766
0.22324
0.21872
0.21429
0.20990
0.20544
0.20090
0.19650
0.19183
0.18750
0.18277
0.17844
0.17386
0.16931
0.16492
0.16049
0.15594
0.15182
0.14713
0.14322
0.13861
0.13470
0.13028
0.12640
0.12210
0.11829
0.11426
0.11041
0.10657
0.10275
0.09921
0.09537
0.09207
0.08838
0.08514
0.08173
0.07852
0.07541
0.07217
0.06943
0.06625
0.06375
0.06073
0.05832
0.05566
0.05322
0.05099
0.04855
0.04657
0.04437
0.04260
0.04047
0.03900
0.03714
0.03564
0.03433
0.03268
0.03183
0.03036
0.02954
0.02847
0.02777
0.02692
0.02646
0.02579
0.02548
0.02521
0.02490
0.02496
0.02481
0.02502
0.02518
0.02563
0.02576
0.02667
0.02686
0.02798
0.02841
0.02960
0.03046
0.03165
0.03268
0.03412
0.03537
0.03687
0.03842
0.04001
0.04169
0.04361
0.04532
0.04733
0.04938
0.05133
0.05377
0.05566
0.05838
0.06027
0.06314
0.06540
0.06796
0.07074
0.07315
0.07614
0.07874
0.08157
0.08447
0.08740
0.09027
0.09329
0.09634
0.09924
0.10257
0.10544
0.10876
0.11172
0.11502
0.11819
0.12137
0.12451
0.12790
0.13089
0.13434
0.13745
0.14063
0.14404
0.14697
0.15048
0.15332
0.15683
0.15970
0.16299
0.16605
0.16913
0.17215
0.17523
0.17816
0.18115
0.18399
0.18698
0.18967
0.19257
0.19513
0.19797
0.20047
0.20309
0.20538
0.20819
0.21036
0.21289
0.21518
0.21722
0.21939
0.22119
0.22327
0.22476
0.22687
0.22815
0.23022
0.23145
0.23328
0.23441
0.23608
0.23706
0.23859
0.23929
0.24069
0.24124
0.24228
0.24280
0.24356
0.24384
0.24435
0.24451
0.24472
0.24475
0.24463
0.24454
0.24405
0.24377
0.24310
0.24258
0.24155
0.24094
0.23956
0.23868
0.23721
0.23590
0.23422
0.23270
0.23090
0.22894
0.22668
0.22455
0.22220
0.21979
0.21729
0.21448
0.21182
0.20856
0.20569
0.20215
0.19888
0.19519
0.19162
0.18762
0.18378
0.17960
0.17535
0.17105
0.16635
0.16202
0.15683
0.15228
0.14688
0.14200
0.13647
0.13116
0.12543
0.11990
0.11392
0.10812
0.10193
0.09583
0.08945
0.08301
0.07660
0.06982
0.06320
0.05630
0.04922
0.04251
0.03497
0.02814
0.02051
0.01343
0.00565
-0.00159
-0.00943
-0.01697
-0.02466
-0.03250
-0.04028
-0.04816
-0.05606
-0.06403
-0.07190
-0.08002
-0.08786
-0.09601
-0.10400
-0.11200
-0.12012
-0.12796
-0.13617
-0.14401
-0.15207
-0.16000
-0.16791
-0.17581
-0.18359
-0.19159
-0.19897
-0.20715
-0.21436
-0.22232
-0.22949
-0.23730
-0.24435
-0.25192
-0.25903
-0.26630
-0.27332
-0.28036
-0.28723
-0.29404
-0.30087
-0.30740
-0.31415
-0.32034
-0.32690
-0.33301
-0.33917
-0.34531
-0.35107
-0.35693
-0.36270
-0.36798
-0.37372
-0.37869
-0.38403
-0.38889
-0.39368
-0.39850
-0.40274
-0.40723
-0.41129
-0.41522
-0.41907
-0.42249
-0.42603
-0.42914
-0.43216
-0.43515
-0.43753
-0.44028
-0.44247
-0.44464
-0.44678
-0.44852
-0.45032
-0.45193
-0.45343
-0.45490
-0.45602
-0.45737
-0.45825
-0.45953
-0.46021
-0.46127
-0.46188
-0.46268
-0.46341
-0.46384
-0.46463
-0.46494
-0.46539
-0.46594
-0.46625
-0.46655
-0.46689
-0.46707
-0.46738
-0.46750
-0.46768
-0.46771
-0.46799
-0.46777
-0.46811
-0.46777
-0.46799
-0.46780
-0.46768
-0.46768
-0.46732
-0.46722
-0.46701
-0.46664
-0.46637
-0.46603
-0.46555
-0.46521
-0.46457
-0.46411
-0.46344
-0.46286
-0.46201
-0.46130
-0.46036
-0.45938
-0.45840
-0.45718
-0.45596
-0.45459
-0.45313
-0.45154
-0.44968
-0.44797
-0.44571
-0.44360
-0.44122
-0.43854
-0.43582
-0.43286
-0.42950
-0.42630
-0.42242
-0.41873
-0.41455
-0.41031
-0.40564
-0.40100
-0.39590
-0.39087
-0.38535
-0.37982
-0.37396
-0.36819
-0.36191
-0.35571
-0.34915
-0.34259
-0.33585
-0.32886
-0.32187
-0.31461
-0.30728
-0.29974
-0.29221
-0.28436
-0.27655
-0.26852
-0.26038
-0.25211
-0.24380
-0.23526
-0.22662
-0.21814
-0.20905
-0.20035
-0.19122
-0.18216
-0.17303
-0.16367
-0.15448
-0.14496
-0.13556
-0.12601
-0.11630
-0.10690
-0.09702
-0.08749
-0.07767
-0.06787
-0.05823
-0.04831
-0.03864
-0.02890
-0.01904
-0.00949
0.00049
0.00986
0.01974
0.02921
0.03860
0.04834
0.05743
0.06711
0.07599
0.08542
0.09430
0.10342
0.11218
0.12106
0.12955
0.13837
0.14651
0.15503
0.16309
0.17117
0.17923
0.18668
0.19479
0.20190
0.20947
0.21674
0.22363
0.23083
0.23743
0.24417
0.25064
0.25696
0.26321
0.26923
0.27518
0.28079
0.28650
0.29187
0.29724
0.30228
0.30725
0.31219
0.31671
0.32147
0.32565
0.32999
0.33398
0.33786
0.34167
0.34540
0.34882
0.35214
0.35553
0.35834
0.36142
0.36411
0.36661
0.36929
0.37140
0.37381
0.37573
0.37769
0.37952
0.38116
0.38269
0.38416
0.38538
0.38663
0.38763
0.38852
0.38947
0.38992
0.39081
0.39102
0.39148
0.39175
0.39185
0.39178
0.39197
0.39142
0.39145
0.39087
0.39038
0.38989
0.38907
0.38828
0.38748
0.38629
0.38535
0.38397
0.38275
0.38141
0.37976
0.37823
0.37646
0.37469
0.37280
0.37076
0.36877
0.36639
0.36438
0.36166
0.35950
0.35678
0.35419
0.35141
0.34875
0.34555
0.34293
0.33951
0.33667
0.33325
0.33005
0.32666
0.32318
0.31967
0.31610
0.31259
0.30859
0.30524
0.30096
0.29730
0.29343
0.28925
0.28537
0.28110
0.27710
0.27280
0.26868
0.26425
0.26019
0.25552
0.25153
0.24677
0.24261
0.23795
0.23361
0.22903
0.22458
0.22006
0.21542
0.21097
0.20636
0.20181
0.19739
0.19263
0.18829
0.18356
0.17923
0.17456
0.17020
0.16559
0.16132
0.15671
0.15247
0.14801
0.14374
0.13943
0.13516
0.13104
0.12674
0.12274
0.11868
0.11459
0.11072
0.10681
0.10297
0.09924
0.09549
0.09192
0.08832
0.08484
0.08148
0.07809
0.07486
0.07169
0.06866
0.06549
0.06277
0.05969
0.05716
0.05444
0.05170
0.04959
0.04675
0.04483
0.04239
0.04047
0.03839
0.03650
0.03476
0.03296
0.03152
0.02988
0.02866
0.02719
0.02609
0.02502
0.02417
0.02341
0.02258
0.02203
0.02121
0.02090
0.02017
0.02023
0.01968
0.01984
0.01981
0.01999
0.02051
0.02066
0.02148
0.02197
0.02271
0.02371
0.02448
0.02570
0.02676
0.02792
0.02933
0.03058
0.03226
0.03366
0.03540
0.03708
0.03894
0.04065
0.04288
0.04465
0.04700
0.04895
0.05133
0.05353
0.05600
0.05844
0.06070
0.06360
0.06592
0.06873
0.07138
0.07419
0.07687
0.07990
0.08267
0.08554
0.08878
0.09137
0.09482
0.09760
0.10083
0.10385
0.10709
0.11011
0.11337
0.11661
0.11963
0.12305
0.12610
0.12939
0.13251
0.13583
0.13901
0.14218
0.14539
0.14856
0.15170
0.15488
0.15802
0.16104
0.16415
0.16724
0.17017
0.17325
0.17612
0.17902
0.18198
0.18466
0.18753
0.19031
0.19278
0.19565
0.19806
0.20068
0.20303
0.20554
0.20767
0.21017
0.21219
0.21445
0.21643
0.21844
0.22025
0.22229
0.22379
0.22568
0.22708
0.22858
0.23019
0.23123
0.23276
0.23361
0.23483
0.23569
0.23657
0.23734
0.23795
0.23859
0.23880
0.23944
0.23941
0.23965
0.23969
0.23950
0.23938
0.23901
0.23846
0.23816
0.23712
0.23672
0.23550
0.23459
0.23346
0.23196
0.23083
0.22906
0.22757
0.22568
0.22400
0.22128
0.21976
0.21686
0.21481
0.21222
0.20941
0.20679
0.20355
0.20068
0.19711
0.19397
0.19019
0.18668
0.18274
0.17883
0.17465
0.17047
0.16620
0.16150
0.15704
0.15210
0.14731
0.14224
0.13705
0.13174
0.12631
0.12079
0.11499
0.10931
0.10321
0.09735
0.09091
0.08487
0.07831
0.07181
0.06522
0.05847
0.05161
0.04471
0.03757
0.03070
0.02316
0.01614
0.00861
0.00122
-0.00635
-0.01382
-0.02164
-0.02924
-0.03699
-0.04486
-0.05258
-0.06070
-0.06836
-0.07654
-0.08429
-0.09247
-0.10031
-0.10840
-0.11639
-0.12433
-0.13239
-0.14032
-0.14822
-0.15628
-0.16394
-0.17203
-0.17975
-0.18753
-0.19528
-0.20300
-0.21054
-0.21826
-0.22562
-0.23325
-0.24045
-0.24789
-0.25516
-0.26224
-0.26950
-0.27618
-0.28354
-0.29001
-0.29706
-0.30353
-0.31015
-0.31677
-0.32288
-0.32941
-0.33539
-0.34161
-0.34753
-0.35330
-0.35907
-0.36465
-0.37015
-0.37546
-0.38068
-0.38574
-0.39059
-0.39542
-0.39993
-0.40433
-0.40866
-0.41260
-0.41653
-0.42026
-0.42371
-0.42706
-0.43024
-0.43304
-0.43610
-0.43835
-0.44116
-0.44308
-0.44553
-0.44724
-0.44928
-0.45084
-0.45248
-0.45395
-0.45523
-0.45663
-0.45764
-0.45880
-0.45975
-0.46066
-0.46155
-0.46219
-0.46310
-0.46353
-0.46429
-0.46472
-0.46527
-0.46570
-0.46619
-0.46643
-0.46683
-0.46704
-0.46741
-0.46744
-0.46790
-0.46771
-0.46814
-0.46796
-0.46820
-0.46811
-0.46820
-0.46808
-0.46805
-0.46796
-0.46777
-0.46768
-0.46744
-0.46716
-0.46698
-0.46655
-0.46631
-0.46582
-0.46548
-0.46494
-0.46439
-0.46378
-0.46317
-0.46240
-0.46164
-0.46078
-0.45981
-0.45883
-0.45755
-0.45663
-0.45496
-0.45383
-0.45203
-0.45044
-0.44858
-0.44656
-0.44437
-0.44208
-0.43951
-0.43677
-0.43390
-0.43066
-0.42746
-0.42371
-0.42007
-0.41589
-0.41174
-0.40729
-0.40250
-0.39771
-0.39246
-0.38724
-0.38174
-0.37589
-0.37018
-0.36398
-0.35785
-0.35135
-0.34485
-0.33807
-0.33130
-0.32422
-0.31711
-0.30978
-0.30240
-0.29474
-0.28723
-0.27917
-0.27139
-0.26328
-0.25500
-0.24683
-0.23828
-0.22983
-0.22107
-0.21249
-0.20340
-0.19467
-0.18555
-0.17642
-0.16724
-0.15790
-0.14859
-0.13913
-0.12976
-0.12006
-0.11063
-0.10089
-0.09128
-0.08163
-0.07181
-0.06219
-0.05240
-0.04257
-0.03308
-0.02307
-0.01364
-0.00372
0.00577
0.01541
0.02496
0.03452
0.04391
0.05341
0.06253
0.07196
0.08105
0.09000
0.09912
0.10785
0.11673
0.12527
0.13385
0.14221
0.15057
0.15869
0.16675
0.17468
0.18253
0.18994
0.19772
0.20493
0.21222
0.21930
0.22620
0.23297
0.23978
0.24603
0.25259
0.25867
0.26474
0.27075
0.27628
0.28207
0.28741
0.29272
0.29791
0.30283
0.30768
0.31247
0.31689
0.32141
0.32553
0.32965
0.33344
0.33743
0.34097
0.34451
0.34799
0.35101
0.35431
0.35693
0.36002
0.36240
0.36496
0.36740
0.36942
0.37170
0.37354
0.37537
0.37704
0.37869
0.37994
0.38150
0.38251
0.38358
0.38458
0.38535
0.38611
0.38672
0.38708
0.38754
0.38776
0.38791
0.38797
0.38779
0.38779
0.38730
0.38705
0.38647
0.38589
0.38513
0.38440
0.38342
0.38248
0.38135
0.38004
0.37878
0.37738
0.37585
0.37424
0.37247
0.37076
0.36874
0.36682
0.36465
0.36249
0.36017
0.35785
0.35532
0.35284
0.35001
0.34756
0.34445
0.34177
0.33875
0.33563
0.33249
0.32935
0.32581
0.32257
0.31918
0.31555
0.31238
0.30847
0.30502
0.30118
0.29742
0.29340
0.28967
0.28549
0.28174
0.27737
0.27347
0.26913
0.26501
0.26068
0.25632
0.25189
0.24759
0.24304
0.23865
0.23407
0.22958
0.22504
0.22046
0.21609
0.21115
0.20700
0.20206
0.19778
0.19302
0.18854
0.18402
0.17944
0.17487
0.17044
0.16599
0.16138
0.15717
0.15250
0.14832
0.14386
0.13965
0.13531
0.13110
0.12698
0.12271
0.11890
0.11456
0.11075
0.10684
0.10284
0.09927
0.09534
0.09180
0.08810
0.08463
0.08124
0.07770
0.07455
0.07123
0.06818
0.06497
0.06226
0.05899
0.05664
0.05344
0.05127
0.04837
0.04620
0.04367
0.04156
0.03931
0.03729
0.03531
0.03351
0.03174
0.03006
0.02844
0.02716
0.02563
0.02457
0.02313
0.02249
0.02115
0.02066
0.01968
0.01929
0.01855
0.01831
0.01788
0.01770
0.01770
0.01752
0.01779
0.01788
0.01825
0.01862
0.01910
0.01971
0.02048
0.02118
0.02213
0.02310
0.02414
0.02536
0.02661
0.02789
0.02951
0.03079
0.03259
0.03421
0.03598
0.03781
0.03983
0.04169
0.04391
0.04602
0.04819
0.05054
0.05289
0.05530
0.05777
0.06036
0.06290
0.06561
0.06830
0.07101
0.07388
0.07678
0.07953
0.08258
0.08554
0.08844
0.09164
0.09457
0.09775
0.10089
0.10397
0.10715
0.11032
0.11362
0.11664
0.12006
0.12302
0.12656
0.12946
0.13300
0.13589
0.13934
0.14243
0.14563
0.14880
0.15195
0.15509
0.15817
0.16129
0.16431
0.16730
0.17047
0.17310
0.17633
0.17899
0.18188
0.18472
0.18732
0.19016
0.19266
0.19528
0.19785
0.20016
0.20273
0.20496
0.20724
0.20944
0.21155
0.21362
0.21564
0.21747
0.21942
0.22101
0.22281
0.22433
0.22577
0.22736
0.22842
0.22995
0.23074
0.23215
0.23279
0.23386
0.23444
0.23523
0.23566
0.23618
0.23651
0.23672
0.23682
0.23694
0.23666
0.23666
0.23611
0.23590
0.23514
0.23465
0.23370
0.23282
0.23190
0.23056
0.22946
0.22794
0.22635
0.22485
0.22302
0.22113
0.21890
0.21667
0.21454
0.21204
0.20956
0.20685
0.20413
0.20093
0.19815
0.19458
0.19135
0.18777
0.18399
0.18039
0.17627
0.17233
0.16800
0.16373
0.15921
0.15466
0.14984
0.14496
0.14005
0.13474
0.12961
0.12415
0.11856
0.11301
0.10715
0.10132
0.09518
0.08917
0.08273
0.07657
0.06995
0.06345
0.05670
0.04990
0.04312
0.03589
0.02921
0.02164
0.01468
0.00723
-0.00012
-0.00766
-0.01505
-0.02286
-0.03030
-0.03818
-0.04578
-0.05368
-0.06137
-0.06949
-0.07712
-0.08514
-0.09305
-0.10107
-0.10876
-0.11719
-0.12454
-0.13303
-0.14056
-0.14874
-0.15643
-0.16452
-0.17206
-0.18021
-0.18759
-0.19565
-0.20319
-0.21069
-0.21851
-0.22580
-0.23343
-0.24069
-0.24805
-0.25534
-0.26248
-0.26962
-0.27658
-0.28351
-0.29047
-0.29706
-0.30389
-0.31033
-0.31686
-0.32327
-0.32944
-0.33578
-0.34164
-0.34781
-0.35349
-0.35934
-0.36478
-0.37042
-0.37561
-0.38095
-0.38586
-0.39087
-0.39548
-0.40024
-0.40445
-0.40884
-0.41281
-0.41666
-0.42047
-0.42377
-0.42731
-0.43030
-0.43326
-0.43610
-0.43860
-0.44113
-0.44339
-0.44540
-0.44751
-0.44922
-0.45105
-0.45255
-0.45395
-0.45551
-0.45648
-0.45792
-0.45868
-0.45999
-0.46063
-0.46161
-0.46234
-0.46298
-0.46381
-0.46411
-0.46497
-0.46521
-0.46582
-0.46606
-0.46658
-0.46677
-0.46722
-0.46716
-0.46783
-0.46750
-0.46814
-0.46790
-0.46814
-0.46811
-0.46820
-0.46820
-0.46817
-0.46802
-0.46793
-0.46790
-0.46756
-0.46762
-0.46704
-0.46707
-0.46655
-0.46631
-0.46585
-0.46545
-0.46494
-0.46442
-0.46387
-0.46301
-0.46262
-0.46149
-0.46091
-0.45975
-0.45889
-0.45764
-0.45651
-0.45511
-0.45370
-0.45215
-0.45041
-0.44855
-0.44662
-0.44437
-0.44208
-0.43945
-0.43689
-0.43375
-0.43085
-0.42728
-0.42386
-0.41995
-0.41592
-0.41177
-0.40720
-0.40259
-0.39764
-0.39246
-0.38721
-0.38171
-0.37595
-0.37018
-0.36383
-0.35794
-0.35126
-0.34491
-0.33807
-0.33115
-0.32425
-0.31705
-0.30978
-0.30237
-0.29468
-0.28717
-0.27908
-0.26968
-0.25964
-0.25012
-0.24030
-0.23053
-0.22089
-0.21112
-0.20139
-0.19180
-0.18210
-0.17242
-0.16309
-0.15323
-0.14398
-0.13446
-0.12506
-0.11578
-0.10669
-0.09714
-0.08850
-0.07916
-0.07043
-0.06158
-0.05286
-0.04422
-0.03586
-0.02731
-0.01920
-0.01096
-0.00302
0.00476
0.01266
0.02002
0.02774
0.03470
0.04214
0.04883
0.05591
0.06241
0.06891
0.07532
0.08136
0.08755
0.09320
0.09894
0.10446
0.10968
0.11496
0.11984
0.12473
0.12933
0.13379
0.13818
0.14227
0.14630
0.15015
0.15372
0.15735
0.16049
0.16385
0.16669
0.16962
0.17236
0.17477
0.17746
0.17960
0.18201
0.18387
0.18597
0.18765
0.18933
0.19098
0.19214
0.19366
0.19458
0.19562
0.19656
0.19724
0.19806
0.19852
0.19910
0.19937
0.19962
0.19989
0.19986
0.19989
0.19971
0.19958
0.19919
0.19901
0.19839
0.19794
0.19742
0.19662
0.19604
0.19510
0.19443
0.19327
0.19257
0.19128
0.19040
0.18912
0.18802
0.18674
0.18546
0.18411
0.18277
0.18134
0.17987
0.17844
0.17673
0.17542
0.17352
0.17218
0.17026
0.16870
0.16690
0.16519
0.16333
0.16162
0.15967
0.15784
0.15604
0.15393
0.15222
0.15012
0.14813
0.14627
0.14410
0.14221
0.14011
0.13812
0.13593
0.13403
0.13174
0.12982
0.12756
0.12552
0.12341
0.12125
0.11920
0.11697
0.11496
0.11273
0.11069
0.10852
0.10648
0.10422
0.10236
0.09995
0.09808
0.09589
0.09384
0.09180
0.08969
0.08765
0.08560
0.08365
0.08154
0.07965
0.07755
0.07574
0.07364
0.07184
0.06985
0.06799
0.06613
0.06424
0.06250
0.06055
0.05896
0.05698
0.05545
0.05362
0.05194
0.05032
0.04861
0.04712
0.04541
0.04398
0.04236
0.04089
0.03943
0.03799
0.03650
0.03531
0.03375
0.03253
0.03125
0.02988
0.02878
0.02756
0.02628
0.02530
0.02405
0.02304
0.02197
0.02100
0.01993
0.01910
0.01804
0.01727
0.01627
0.01563
0.01459
0.01407
0.01312
0.01251
0.01181
0.01114
0.01053
0.00995
0.00931
0.00888
0.00821
0.00793
0.00723
0.00702
0.00641
0.00620
0.00574
0.00543
0.00513
0.00482
0.00458
0.00430
0.00415
0.00381
0.00378
0.00351
0.00342
0.00336
0.00311
0.00320
0.00296
0.00311
0.00290
0.00305
0.00290
0.00302
0.00302
0.00302
0.00323
0.00311
0.00333
0.00339
0.00345
0.00366
0.00369
0.00391
0.00400
0.00415
0.00433
0.00452
0.00464
0.00491
0.00497
0.00531
0.00537
0.00571
0.00586
0.00607
0.00632
0.00650
0.00681
0.00693
0.00726
0.00742
0.00769
0.00790
0.00812
0.00842
0.00851
0.00894
0.00894
0.00937
0.00946
0.00974
0.00995
0.01016
0.01038
0.01053
0.01083
0.01093
0.01123
0.01138
0.01147
0.01184
0.01184
0.01215
0.01224
0.01239
0.01260
0.01270
0.01288
0.01297
0.01315
0.01321
0.01340
0.01346
0.01355
0.01373
0.01370
0.01392
0.01389
0.01401
0.01407
0.01413
0.01413
0.01428
0.01419
0.01431
0.01428
0.01434
0.01431
0.01437
0.01425
0.01437
0.01428
0.01428
0.01425
0.01419
0.01416
0.01413
0.01407
0.01398
0.01395
0.01389
0.01373
0.01373
0.01358
0.01352
0.01343
0.01331
0.01318
0.01306
0.01297
0.01282
0.01273
0.01254
0.01239
0.01233
0.01205
0.01205
0.01172
0.01172
0.01141
0.01138
0.01111
0.01099
0.01074
0.01062
0.01044
0.01019
0.01013
0.00974
0.00970
0.00949
0.00916
0.00916
0.00876
0.00867
0.00845
0.00821
0.00800
0.00787
0.00754
0.00739
0.00720
0.00681
0.00690
0.00632
0.00644
0.00589
0.00595
0.00555
0.00537
0.00525
0.00485
0.00485
0.00439
0.00443
0.00394
0.00400
0.00354
0.00348
0.00320
0.00299
0.00284
0.00250
0.00244
0.00211
0.00201
0.00174
0.00156
0.00137
0.00113
0.00101
0.00079
0.00058
0.00046
0.00015
0.00015
-0.00018
-0.00024
-0.00046
-0.00067
-0.00070
-0.00095
-0.00113
-0.00119
-0.00143
-0.00150
-0.00168
-0.00177
-0.00201
-0.00195
-0.00226
-0.00226
-0.00244
-0.00253
-0.00256
-0.00284
-0.00272
-0.00302
-0.00296
-0.00311
-0.00320
-0.00323
-0.00333
-0.00345
-0.00339
-0.00366
-0.00348
-0.00369
-0.00369
-0.00369
-0.00388
-0.00375
-0.00391
-0.00385
-0.00397
-0.00391
-0.00406
-0.00391
-0.00409
-0.00397
-0.00406
-0.00409
-0.00403
-0.00406
-0.00409
-0.00400
-0.00412
-0.00403
-0.00403
-0.00403
-0.00400
-0.00403
-0.00397
-0.00394
-0.00397
-0.00385
-0.00397
-0.00378
-0.00388
-0.00372
-0.00378
-0.00369
-0.00369
-0.00363
-0.00354
-0.00360
-0.00348
-0.00348
-0.00339
-0.00339
-0.00330
-0.00333
-0.00317
-0.00320
-0.00314
-0.00308
-0.00302
-0.00299
-0.00296
-0.00290
-0.00281
-0.00284
-0.00272
-0.00275
-0.00262
-0.00262
-0.00256
-0.00253
-0.00247
-0.00241
-0.00244
-0.00226
-0.00241
-0.00217
-0.00226
-0.00220
-0.00211
-0.00211
-0.00204
-0.00201
-0.00201
-0.00189
-0.00192
-0.00183
-0.00186
-0.00180
-0.00168
-0.00177
-0.00165
-0.00168
-0.00159
-0.00162
-0.00143
-0.00165
-0.00134
-0.00156
-0.00134
-0.00143
-0.00128
-0.00137
-0.00125
-0.00128
-0.00122
-0.00116
-0.00122
-0.00110
-0.00113
-0.00107
-0.00104
-0.00104
-0.00101
-0.00092
-0.00101
-0.00085
-0.00092
-0.00085
-0.00079
-0.00085
-0.00073
-0.00079
-0.00067
-0.00079
-0.00055
-0.00076
-0.00055
-0.00064
-0.00058
-0.00052
-0.00055
-0.00055
-0.00043
-0.00052
-0.00040
-0.00046
-0.00040
-0.00040
-0.00037
-0.00034
-0.00037
-0.00027
-0.00034
-0.00024
-0.00031
-0.00021
-0.00027
-0.00021
-0.00018
-0.00024
-0.00012
-0.00021
-0.00015
-0.00012
-0.00018
-0.00003
-0.00024
0.00003
-0.00018
-0.00006
-0.00003
-0.00015
0.00003
-0.00009
-0.00006
0.00000
-0.00006
0.00000
-0.00003
0.00000
-0.00003
0.00006
-0.00006
0.00003
0.00003
0.00000
0.00003
0.00003
0.00000
0.00006
0.00003
0.00000
0.00009
0.00000
0.00006
0.00003
0.00003
0.00009
0.00000
0.00009
-0.00003
0.00015
-0.00006
0.00015
-0.00003
0.00009
0.00000
0.00012
-0.00006
0.00018
-0.00006
0.00009
0.00006
-0.00003
0.00015
-0.00006
0.00012
0.00000
0.00006
0.00003
0.00003
0.00006
0.00000
0.00009
0.00000
0.00003
0.00006
0.00000
0.00006
0.00006
-0.00006
0.00012
-0.00003
0.00006
0.00003
0.00000
0.00003
0.00003
0.00003
-0.00003
0.00009
-0.00006
0.00009
-0.00003
0.00003
0.00000
0.00003
0.00000
0.00006
-0.00006
0.00009
-0.00006
0.00006
0.00000
0.00000
0.00003
-0.00003
0.00006
-0.00003
0.00003
-0.00003
0.00006
-0.00003
0.00003
0.00000
0.00000
0.00003
-0.00003
0.00003
0.00000
0.00000
0.00003
-0.00003
0.00003
0.00000
-0.00003
0.00006
-0.00009
0.00012
-0.00009
0.00006
-0.00003
0.00000
0.00003
-0.00003
0.00006
-0.00009
0.00009
-0.00006
0.00003
0.00000
0.00000
0.00000
0.00000
0.00000
0.00000
0.00000
0.00000
0.00000
0.00003
-0.00006
0.00006
-0.00006
0.00006
-0.00003
0.00000
-0.00003
0.00006
-0.00003
0.00000
0.00000
-0.00003
0.00006
-0.00006
0.00006
-0.00009
0.00009
-0.00006
0.00003
-0.00003
0.00006
-0.00009
0.00012
-0.00012
0.00009
-0.00006
0.00006
-0.00006
0.00006
-0.00006
0.00006
-0.00006
0.00006
-0.00006
0.00006
-0.00003
0.00003
-0.00003
0.00000
0.00000
0.00006
-0.00009
0.00009
-0.00009
0.00003
0.00006
-0.00009
0.00009
-0.00009
