0.03574
0.04178
0.04352
0.03244
0.04373
0.04221
0.03885
0.05991
0.05850
0.03842
0.03241
0.04483
0.02625
-0.08661
-0.24329
-0.28891
-0.16254
-0.06714
-0.07397
0.00018
0.05145
0.00034
0.04010
0.07684
0.01700
0.00439
0.01480
0.00964
0.01703
-0.01767
-0.05157
-0.03452
-0.03806
-0.05093
-0.03653
-0.03220
-0.02545
0.01349
0.07751
0.09412
-0.00418
-0.03616
0.07828
0.06189
-0.14453
-0.31821
-0.29907
0.01129
0.32599
0.13763
-0.30408
-0.43295
-0.39703
-0.32068
-0.00433
0.30121
0.34259
0.26035
0.21445
0.27603
0.23575
0.03802
0.03726
0.14334
0.08957
0.11835
0.28754
0.29706
0.08997
-0.19128
-0.35724
-0.37775
-0.50375
-0.63416
-0.47510
-0.27432
-0.15463
-0.02838
-0.11673
-0.27097
-0.25964
-0.29803
-0.28735
-0.12173
-0.06815
-0.01849
0.12759
0.10672
0.04849
0.13367
0.17520
0.20087
0.15234
-0.01947
0.07315
0.19849
-0.00586
-0.02936
0.16071
0.20050
0.29767
0.38474
0.21848
0.09045
0.16779
0.19891
0.14987
0.08365
-0.18951
-0.42926
-0.21039
0.08621
0.03223
-0.12354
-0.06116
0.14490
0.12183
-0.11560
-0.15845
-0.04892
-0.00378
-0.04431
-0.24280
-0.35599
-0.15372
-0.00546
-0.01965
0.00958
-0.12598
-0.45908
-0.67871
-0.73120
-0.64795
-0.39023
-0.07556
0.09918
0.16592
0.23132
0.16309
-0.02493
-0.09314
-0.04483
0.00928
0.11444
0.28494
0.35541
0.33224
0.36841
0.29526
0.14755
0.17325
0.09509
-0.15692
-0.13132
0.11627
0.13245
-0.02945
-0.03329
-0.00418
-0.12183
-0.13403
0.05829
0.18817
0.10400
-0.00259
-0.01935
-0.10510
-0.16132
-0.10016
-0.09750
-0.06549
0.02438
0.01694
-0.06049
-0.15833
-0.17441
-0.12891
-0.17349
-0.13992
0.00632
0.07114
0.17462
0.28592
0.11057
-0.28317
-0.58456
-0.54910
-0.24454
-0.20523
-0.49704
-0.44373
-0.08652
-0.00943
0.05972
0.39093
0.44522
0.12564
-0.05527
-0.01468
0.02158
-0.03568
-0.14276
-0.13388
-0.07431
-0.10196
0.02536
0.19788
0.06393
0.01352
0.21014
0.14429
0.04092
0.31741
0.46692
0.23618
0.05832
0.04498
0.17908
0.44534
0.46600
0.24033
0.14880
0.14566
0.14612
0.21545
0.24005
0.26358
0.45871
0.60709
0.49173
0.35229
0.31873
0.32516
0.37003
0.26736
0.08011
0.05508
0.04086
0.09772
0.34488
0.45383
0.41675
0.46521
0.48874
0.34396
0.12546
0.07904
0.24615
0.28909
0.10788
0.01743
-0.02960
-0.15668
-0.00452
0.30801
0.34546
0.31097
0.23706
-0.06516
-0.26221
-0.13434
0.12070
0.23190
0.05911
-0.04486
0.17236
0.13928
-0.24438
-0.32404
-0.31870
-0.48499
-0.28378
0.07416
0.16168
0.18283
0.04211
-0.16708
-0.02969
0.18683
0.11319
-0.12897
-0.38815
-0.54779
-0.48288
-0.31271
-0.21725
-0.13934
-0.06674
-0.18033
-0.46707
-0.58728
-0.41016
-0.25876
-0.24603
-0.19824
-0.14142
-0.00110
0.22223
0.11029
-0.24252
-0.33441
-0.33652
-0.41574
-0.29141
-0.09631
-0.08890
-0.22781
-0.48309
-0.60123
-0.34625
-0.04047
0.00128
-0.04449
-0.01105
-0.06693
-0.27536
-0.39175
-0.26419
-0.06934
-0.10019
-0.22159
-0.02063
0.25534
0.09320
-0.20355
-0.20828
-0.15570
-0.12845
0.00143
0.04816
0.03412
0.01236
-0.14890
-0.15485
0.05728
-0.00327
-0.27771
-0.31665
-0.22049
-0.12830
0.15802
0.28693
-0.02533
-0.14993
0.02554
0.12088
0.25034
0.33408
0.17239
-0.08694
-0.21884
-0.18079
-0.16586
-0.11221
0.06125
0.05569
-0.13840
-0.21585
-0.06778
0.11652
0.18381
0.24796
0.25674
0.12100
0.06891
0.10236
-0.12311
-0.47891
-0.37207
0.08807
0.32407
0.31985
0.15735
-0.05780
0.03699
0.29672
0.32175
0.17316
-0.08328
-0.34470
-0.27307
-0.07971
-0.16940
-0.26132
-0.20004
-0.06870
0.18967
0.28885
0.14627
0.07419
0.09860
0.09665
0.00995
0.04089
0.27707
0.27963
-0.03775
-0.27994
-0.28857
-0.25290
-0.33450
-0.26669
0.03101
0.17365
0.18051
0.20029
-0.03079
-0.31042
-0.13943
0.07840
-0.03485
-0.06479
-0.05551
-0.11160
0.15259
0.43411
0.26471
-0.00980
-0.03046
-0.00027
-0.10602
-0.01147
0.31836
0.33041
0.12009
0.06741
-0.00034
0.04987
0.32544
0.28140
-0.02444
-0.05524
0.03751
0.07220
0.11646
0.08032
0.09760
0.23010
0.21582
0.15121
0.21640
0.18536
0.08847
0.17963
0.22229
0.06659
-0.02029
-0.08554
-0.16644
-0.04498
0.12537
0.15738
0.18005
0.15948
0.07291
0.14984
0.30191
0.26819
0.16800
0.04898
-0.05795
0.13855
0.41061
0.27979
0.01443
0.06186
0.20935
0.10541
-0.03839
0.00211
0.02820
-0.04053
-0.11353
-0.10483
0.00946
0.07373
0.06558
0.03635
-0.02673
0.07605
0.32785
0.37646
0.27454
0.25037
0.20776
0.12988
0.08963
0.01953
-0.06287
-0.14743
-0.15005
0.05402
0.09207
-0.12143
-0.07147
0.03632
-0.16019
-0.22485
-0.04822
0.00635
0.01184
0.12247
0.14285
0.04047
0.02716
0.02820
-0.10681
-0.22433
-0.23712
-0.19806
-0.10550
0.03354
0.12527
0.05884
-0.03970
-0.05569
-0.09061
-0.07306
-0.07608
-0.21301
-0.14188
0.06763
0.09714
0.17624
0.25739
0.08109
-0.13278
-0.22974
-0.32974
-0.37036
-0.23132
-0.08569
0.01614
0.19739
0.17007
-0.15344
-0.36337
-0.37708
-0.31961
-0.17590
0.01144
0.08908
0.01547
0.01932
0.10767
-0.03503
-0.32251
-0.35419
-0.19315
-0.19135
-0.24893
-0.17035
-0.17615
-0.28772
-0.21411
0.03860
0.15845
0.02606
-0.11978
-0.19733
-0.30908
-0.23734
0.10205
0.28314
0.08905
-0.18262
-0.28815
-0.27139
-0.19928
-0.05154
0.10736
0.10013
-0.02936
-0.10281
-0.16510
-0.22964
-0.23468
-0.20078
-0.15201
-0.08017
0.08801
0.15039
-0.03958
-0.05185
0.12668
0.14124
0.10062
0.08728
0.05072
-0.05130
-0.15182
-0.07724
-0.14905
-0.39453
-0.28174
-0.01697
0.08792
0.24652
0.31723
0.13278
-0.07767
-0.13815
-0.00363
0.12473
0.00345
-0.06442
0.12741
0.15097
-0.06961
-0.10696
0.09369
0.20117
0.06995
-0.05136
-0.00482
-0.04294
-0.19055
-0.14001
0.04575
0.12552
0.18845
0.25201
0.13721
-0.02689
0.02835
0.15265
0.05585
-0.07181
-0.03128
-0.04465
-0.04562
0.09879
0.11063
0.04245
0.10049
0.12772
0.07468
0.04123
0.06189
0.16486
0.27698
0.24847
0.08777
0.00146
0.03613
0.09570
0.17090
0.13486
-0.12225
-0.33817
-0.24164
-0.02756
0.05875
0.13229
0.22330
0.30096
0.40530
0.39310
0.22015
-0.04895
-0.27441
-0.19305
0.01001
0.06396
0.08575
0.13541
0.25339
0.35315
0.19720
-0.07321
-0.16394
-0.15585
-0.21213
-0.14987
0.04208
0.03253
-0.05023
-0.01648
-0.02240
0.03632
0.17609
0.16452
0.05930
0.02405
0.02673
-0.04608
-0.13306
-0.09344
0.01791
0.14691
0.27844
0.32932
0.23215
0.00757
-0.11307
-0.03729
-0.03625
-0.11328
-0.01678
0.14716
0.15598
0.03583
-0.12561
-0.21097
-0.11295
0.07132
0.13568
-0.01517
-0.14401
0.02759
0.25104
0.21890
0.03696
-0.12778
-0.17422
-0.12396
-0.01578
0.08890
0.02219
-0.01093
0.11075
0.07578
-0.04358
-0.18146
-0.36508
-0.24249
-0.02451
-0.06931
-0.01703
0.14957
0.12286
0.03680
-0.01004
-0.05673
-0.03201
0.00101
-0.09549
-0.24783
-0.25635
-0.09644
0.00491
-0.03305
-0.04474
-0.03476
-0.03323
-0.02930
-0.12106
-0.13922
-0.00858
-0.03625
-0.14038
-0.05801
0.05762
0.05771
0.05569
0.05292
-0.08984
-0.17346
-0.03976
-0.01605
-0.11902
-0.12314
-0.09503
0.01157
0.17307
0.13919
-0.01987
-0.07397
-0.07077
-0.12579
-0.13614
-0.05011
0.03012
0.13168
0.18152
-0.02368
-0.22253
-0.05463
0.12100
-0.00717
-0.05673
0.01907
-0.04553
-0.04639
0.03076
0.03009
0.11359
0.14990
0.03354
-0.00125
-0.06039
-0.19821
-0.16702
-0.08698
-0.08527
0.01028
0.10703
0.08524
0.09424
0.15009
0.16150
0.05249
-0.11795
-0.09839
-0.02911
-0.11926
-0.13025
-0.08426
-0.06815
0.06223
0.08099
-0.03397
0.04010
0.12485
0.03665
-0.05841
-0.12283
-0.12552
-0.04144
0.01321
0.02307
-0.00763
-0.07138
-0.00772
0.15234
0.18716
0.09512
-0.04718
-0.16809
-0.17630
-0.19904
-0.21280
0.01810
0.28250
0.29727
0.20230
0.09232
0.01630
0.02875
-0.00687
-0.05249
0.02692
0.10428
0.12567
0.12766
0.09140
0.08267
0.06088
-0.03763
-0.03723
0.11707
0.24588
0.26022
0.17780
0.04614
-0.05176
-0.06683
-0.02869
0.04568
0.15302
0.19894
0.09561
-0.05682
-0.05646
0.03186
-0.01077
-0.02588
0.06873
0.06482
0.08774
0.11612
-0.05386
-0.06375
0.13004
0.13647
0.12009
0.12772
-0.09296
-0.28986
-0.27887
-0.23697
-0.12497
0.04428
0.07559
0.06769
0.13678
0.10696
-0.03799
-0.08646
-0.02417
-0.01981
-0.08707
-0.09705
-0.03748
0.04092
0.14252
0.18045
0.07416
-0.03162
-0.03900
-0.04407
0.03125
0.19473
0.13934
-0.09213
-0.22586
-0.27783
-0.19122
0.00095
0.03226
-0.00739
0.04065
0.06198
0.05286
0.07629
0.06787
0.01712
0.00833
-0.00815
-0.09042
-0.06445
0.02567
-0.04956
-0.11987
-0.06247
-0.01743
0.09442
0.21332
0.13293
0.09869
0.21072
0.07907
-0.22424
-0.27640
-0.17450
-0.13901
-0.07382
0.08313
0.21527
0.14233
-0.09122
-0.21219
-0.22882
-0.23776
-0.12161
0.03412
0.07257
0.04361
-0.02026
-0.05362
-0.02026
-0.03357
-0.07214
-0.09195
-0.12094
-0.04315
0.12491
0.13986
0.00888
-0.08319
-0.10745
-0.07312
-0.05066
-0.18872
-0.33371
-0.23352
-0.08789
-0.11493
-0.09436
0.06952
0.14090
0.04871
-0.04160
-0.02957
0.02426
0.07123
0.07187
-0.03351
-0.02063
0.18610
0.15250
-0.07217
-0.10541
-0.13824
-0.18134
-0.03516
0.01144
-0.05432
0.02820
0.07928
0.03778
0.06757
0.09607
0.11169
0.14001
0.05380
-0.08725
-0.12173
-0.06946
-0.02084
-0.02805
-0.07574
-0.09079
-0.00079
0.07101
-0.05527
-0.14795
-0.02338
0.01724
-0.09583
-0.12659
-0.03506
0.10870
0.20618
0.16809
0.05411
0.04926
0.21301
0.30499
0.16626
-0.05646
-0.20395
-0.28159
-0.30933
-0.14209
0.20367
0.38071
0.25964
0.05115
-0.04752
-0.03635
-0.05902
-0.11075
-0.11307
-0.12289
-0.12906
-0.06369
0.05737
0.12274
0.09305
0.11884
0.15994
0.06839
0.01028
0.02286
-0.02441
0.04184
0.25519
0.29654
0.12784
0.01410
0.02194
-0.03467
-0.19589
-0.22025
-0.06924
0.04703
0.11014
0.12714
0.07770
0.07306
0.06580
0.01053
-0.01389
-0.05362
-0.04605
0.03802
0.03061
-0.05270
-0.12381
-0.08658
0.06335
0.04358
-0.09540
-0.07199
-0.03186
-0.02991
0.08667
0.18399
0.11758
-0.03165
-0.14185
-0.13785
-0.06631
0.03513
0.18790
0.22513
0.05441
-0.04675
0.03613
0.10474
0.09033
0.06436
0.02579
-0.07410
-0.10095
0.01331
0.03613
0.02887
0.10077
0.03415
-0.03708
0.05707
0.14557
0.17599
0.08655
-0.06055
-0.02789
0.03845
-0.05972
-0.12674
-0.04050
-0.00818
-0.04587
-0.00125
0.01089
0.03693
0.13336
0.04889
-0.00793
0.12286
0.05862
-0.10342
-0.10196
-0.16742
-0.27612
-0.14447
0.05365
0.04755
0.02789
0.12259
0.13678
0.00549
-0.13165
-0.11905
-0.03946
-0.04224
-0.04013
-0.09155
-0.19672
-0.06400
0.14987
0.14044
0.04932
0.02371
0.08960
0.16190
0.07477
-0.07047
-0.08676
0.00378
0.11487
0.15982
0.11523
0.05267
-0.02310
-0.11694
-0.10876
0.00479
0.04123
-0.00778
0.02393
0.08173
-0.00888
-0.12869
-0.12427
-0.12805
-0.18741
-0.14706
-0.02701
-0.03326
-0.10095
0.00925
0.10486
-0.00436
0.01508
0.17966
0.13770
0.04742
0.09213
0.00439
-0.16290
-0.11517
-0.03275
-0.08405
-0.06329
0.01376
-0.00964
-0.01367
0.11450
0.19269
0.06796
-0.02072
0.08920
0.15332
0.06250
-0.07538
-0.18967
-0.21457
-0.17426
-0.09137
0.02878
0.04712
-0.03516
-0.04321
0.03748
0.06711
-0.00217
-0.04468
0.03503
0.10815
0.04144
-0.01959
0.05627
0.08856
0.02533
0.02005
-0.02036
-0.16925
-0.25842
-0.19458
-0.01633
0.15326
0.16873
0.06589
-0.01459
-0.03726
-0.01569
0.04510
0.06503
0.03281
0.02277
-0.05539
-0.19073
-0.18280
-0.11792
-0.14822
-0.16409
-0.09216
0.02246
0.09229
0.05795
0.00867
-0.00244
-0.00464
0.02902
0.04114
-0.04193
-0.09576
-0.01938
0.07916
0.09109
0.03961
-0.00284
0.01575
0.11478
0.19434
0.13312
0.03967
0.03928
-0.00262
-0.14459
-0.20267
-0.11069
-0.06503
-0.15918
-0.14600
0.01242
0.03140
-0.00491
0.05060
-0.00391
-0.08170
-0.02014
-0.03064
-0.06937
0.04254
0.10452
0.01648
-0.04214
0.00320
0.07330
0.05710
-0.04337
-0.10742
-0.04059
0.12167
0.19003
0.06744
-0.08237
-0.16153
-0.19498
-0.13702
-0.02213
0.08331
0.15988
0.10922
0.00006
-0.01334
-0.05865
-0.14316
-0.05273
0.11819
0.12756
0.00864
-0.03314
0.03754
0.04437
-0.05359
-0.12100
-0.07339
0.07541
0.13745
-0.00922
-0.13754
-0.06332
0.03857
0.00940
0.00232
0.06219
-0.03653
-0.16064
-0.00598
0.20987
0.21588
0.13275
0.09988
0.11356
0.09308
-0.02307
-0.13748
-0.16870
-0.19370
-0.17377
-0.02304
0.10083
0.07877
-0.01056
-0.06671
0.00043
0.10229
0.15570
0.22574
0.18860
0.05072
0.00845
-0.05035
-0.14032
-0.10416
-0.02322
0.04239
0.04736
-0.06232
-0.11459
-0.05276
-0.00302
0.06287
0.14963
0.14462
0.10495
0.09000
0.03503
0.03348
0.06662
-0.04135
-0.10583
0.02130
0.11105
0.11691
0.14136
0.11652
0.00369
-0.06461
-0.01587
-0.01321
-0.08627
-0.04541
-0.00461
-0.09396
-0.08438
0.02786
0.06030
0.05493
0.05038
0.06015
0.08051
0.04190
0.03793
0.07751
0.02768
-0.03906
-0.07465
-0.09421
-0.03189
0.01785
-0.01083
0.03534
0.16110
0.18155
0.08951
0.00214
-0.10220
-0.14185
0.00406
0.09271
-0.01044
-0.08524
-0.05612
0.01700
0.06339
0.04001
0.07236
0.15439
0.06046
-0.13852
-0.17639
-0.11392
-0.11017
-0.09256
0.01636
0.13492
0.10898
-0.02158
-0.00110
0.11630
0.08063
-0.00314
-0.00430
-0.02655
-0.07291
-0.05820
-0.02017
-0.00916
-0.01984
-0.06357
-0.07657
-0.01224
0.04324
0.09277
0.12933
0.08615
0.03912
-0.03815
-0.17435
-0.13757
0.05417
0.13409
0.08664
-0.00644
-0.07651
-0.04794
0.01364
0.03946
0.01392
-0.03253
0.07443
0.25952
0.18719
-0.05698
-0.18634
-0.19894
-0.10486
0.04446
0.10721
0.06812
-0.05786
-0.15677
-0.05865
0.03168
-0.06604
-0.09586
-0.00394
-0.00595
-0.03485
0.01285
0.01718
-0.04813
-0.06668
-0.05750
-0.13525
-0.17374
-0.05966
-0.01804
-0.05444
0.05249
0.16040
0.10132
-0.02258
-0.13324
-0.21530
-0.22070
-0.09189
0.09302
0.16882
0.13763
0.07559
0.01135
-0.01974
-0.02213
-0.01331
0.01303
0.05933
0.09305
0.01047
-0.14978
-0.17078
-0.06595
-0.03952
-0.06329
-0.03934
-0.05365
-0.07300
0.03131
0.12317
0.07172
-0.01202
-0.08505
-0.11029
-0.03476
0.02472
0.04123
0.03757
-0.07300
-0.14624
-0.06146
0.01096
0.02655
0.00677
-0.03595
0.06689
0.22333
0.16705
0.05258
0.01553
-0.10788
-0.16516
0.02182
0.15738
0.11594
0.07651
0.05438
0.01566
-0.04691
-0.14484
-0.21365
-0.14673
0.03833
0.08496
-0.04846
-0.07788
-0.03244
-0.05133
-0.03619
-0.03064
-0.10117
-0.13751
-0.12805
-0.11087
-0.02896
0.03751
0.01288
0.09717
0.20480
0.06775
-0.05493
0.02826
0.08032
0.02072
-0.02274
0.03613
0.03931
-0.08249
-0.05936
-0.00079
-0.10086
-0.05899
0.10999
0.15613
0.14682
0.08884
0.03088
0.05994
-0.01663
-0.13724
-0.03427
0.10239
0.04114
-0.03998
0.07446
0.24695
0.16330
-0.08209
-0.15347
-0.06958
-0.01895
-0.03668
0.03513
0.20313
0.13760
-0.06982
-0.00793
0.14252
0.12448
0.06314
-0.01181
-0.05643
0.03613
0.08725
0.01355
0.00089
-0.01248
-0.07614
-0.00983
0.05219
0.01401
0.03757
0.00101
-0.10422
-0.07401
0.00693
0.03131
0.03485
0.05823
0.08118
-0.01169
-0.13968
-0.14893
-0.12845
-0.13376
-0.10080
-0.02292
0.06454
0.08136
0.04068
0.03680
0.01428
-0.06949
-0.11002
-0.04831
0.07556
0.13699
0.08389
0.06018
0.06766
0.02426
0.03552
0.07986
0.06119
0.05560
0.06021
0.04343
0.05872
0.04642
-0.05869
-0.14014
-0.07547
0.01706
-0.02979
-0.08661
0.02551
0.17337
0.17908
0.09924
0.02994
-0.05197
-0.13425
-0.14203
-0.08987
-0.04245
-0.01382
0.00961
0.08499
0.21140
0.21280
0.05508
-0.03372
-0.01007
0.00043
0.01904
0.04089
0.00821
0.00891
0.07858
0.12112
0.12634
0.11481
0.02420
-0.12234
-0.13962
0.03577
0.14722
0.01428
-0.13718
-0.12762
-0.09280
-0.11368
-0.14529
-0.18231
-0.13986
0.02356
0.12897
0.08331
0.02170
-0.00421
-0.00583
0.01013
-0.04330
-0.10220
-0.05023
-0.02432
-0.06009
-0.00754
0.09488
0.10052
-0.03067
-0.12820
0.01038
0.16217
0.05835
-0.08435
-0.11691
-0.11246
-0.00613
0.14093
0.15833
0.02402
-0.11188
-0.01193
0.12451
-0.00735
-0.10345
-0.06406
-0.12759
-0.11920
0.03088
0.12918
0.16910
0.12552
0.02054
0.01181
0.07513
0.03342
-0.13620
-0.23032
-0.12747
0.01553
0.06906
0.09888
0.08392
-0.03171
-0.11752
-0.09735
-0.02930
0.05591
0.04590
-0.06012
-0.04547
0.09268
0.16193
0.08112
-0.05310
-0.04529
0.06052
-0.01245
-0.20981
-0.22198
-0.07047
0.00903
-0.00964
-0.05588
-0.07016
0.02325
0.09644
-0.00449
-0.04800
0.11511
0.16553
0.02170
-0.08813
-0.13757
-0.08649
0.01154
-0.00531
0.05139
0.13568
-0.04636
-0.22278
-0.16507
-0.07016
-0.01736
-0.00711
0.04227
0.14001
0.05084
-0.11905
-0.12381
-0.09351
-0.04797
0.05051
0.03873
-0.01724
-0.04779
-0.08704
0.02884
0.15616
0.04330
-0.05402
0.00165
0.08328
0.12558
0.02795
-0.10013
-0.10754
-0.10666
-0.08636
0.01212
0.08493
0.07965
0.02664
-0.00729
-0.02725
-0.07291
-0.04483
0.05838
0.07898
0.04691
0.06375
0.05844
0.00931
0.03152
0.11118
0.10321
0.00116
-0.05255
-0.05145
-0.12274
-0.18713
-0.09656
0.00250
0.01419
0.04611
-0.01624
-0.18442
-0.16843
-0.02359
0.02426
0.03589
0.06625
0.10300
0.09393
-0.00101
-0.00473
0.12366
0.17761
0.12720
0.06229
0.03265
0.05099
0.06485
0.06052
0.03741
-0.05014
-0.14984
-0.14554
-0.08499
-0.07376
-0.05188
0.02533
0.10657
0.13211
0.06351
0.03391
0.05115
-0.08023
-0.17566
-0.07275
-0.02045
-0.01926
0.03503
0.03616
0.00269
-0.04041
-0.07886
-0.00482
0.06436
0.02066
0.00977
0.02692
-0.00089
0.02023
0.07254
0.06824
0.03906
0.02454
0.06104
0.10007
0.06998
0.06024
0.05533
-0.01697
-0.00174
0.05423
-0.00214
0.01465
0.13834
0.14038
0.02344
-0.06595
-0.03867
0.02237
-0.00699
-0.01941
0.04050
0.06799
0.04724
0.00787
-0.00403
-0.01074
-0.04968
-0.00452
0.09592
0.13672
0.12854
0.02188
-0.12250
-0.15366
-0.14120
-0.11703
-0.01230
0.12070
0.16278
0.05606
-0.03442
0.02786
0.01675
-0.10745
-0.07428
0.01547
-0.01575
-0.02704
-0.01764
-0.02191
0.05511
0.05429
-0.10361
-0.12854
0.03815
0.13196
0.10513
0.05389
-0.05945
-0.13971
-0.04346
0.03281
-0.05368
-0.12912
-0.08072
0.05020
0.11563
0.02316
-0.05664
-0.03342
-0.02496
-0.01532
0.03070
0.04974
0.06738
0.08640
0.03665
-0.04889
-0.08569
-0.01111
0.07367
-0.01031
-0.15909
-0.19116
-0.13733
-0.03049
0.03168
-0.03680
-0.07224
-0.01309
-0.00092
-0.00354
0.07413
0.18280
0.25302
0.20874
0.07379
0.03738
0.08307
0.02380
-0.10776
-0.21497
-0.21628
-0.08221
0.00632
-0.00967
0.01434
0.03040
-0.07129
-0.11801
0.02109
0.12921
0.10522
0.07507
0.01025
-0.02963
0.01633
-0.00201
-0.02618
-0.00714
-0.09351
-0.13693
-0.00424
0.05835
-0.06772
-0.14813
-0.05215
0.03638
0.04791
0.10107
0.15500
0.12802
0.02951
-0.10510
-0.16418
-0.12784
-0.09378
-0.02982
0.04642
-0.00562
-0.05630
0.04306
0.07562
-0.00284
-0.01865
-0.02640
0.02115
0.15784
0.11694
-0.01254
0.03369
0.07864
0.02182
-0.00021
-0.02335
-0.11893
-0.22202
-0.18954
0.00021
0.12311
0.07074
-0.00369
-0.03101
-0.07217
-0.07996
0.01862
0.08395
0.00473
-0.09058
-0.15228
-0.17688
-0.11026
-0.07581
-0.08395
-0.02844
-0.03329
-0.07257
-0.01865
0.03406
0.12296
0.22977
0.16000
0.02725
-0.04501
-0.14575
-0.16983
-0.05777
0.01297
0.05566
0.13507
0.12491
0.08487
0.15912
0.18500
0.09836
0.04388
0.01816
0.01776
0.03983
-0.02936
-0.15656
-0.16446
-0.01205
0.09155
0.04135
0.01147
-0.01700
-0.05396
0.07687
0.15408
0.03006
-0.02969
-0.03989
-0.08914
-0.08218
-0.06754
-0.05167
0.01791
0.05038
0.02628
0.01526
-0.03412
-0.10892
-0.05432
0.05988
0.07504
0.04404
-0.02460
-0.08899
-0.01624
0.06412
0.03006
-0.00449
0.04443
0.13257
0.13556
0.04608
-0.02325
-0.07315
-0.08969
-0.01773
0.04572
0.02145
-0.02405
-0.02881
-0.00558
0.03894
0.08524
0.03467
-0.08615
-0.09207
-0.01761
-0.04694
-0.09875
-0.03183
0.06631
0.09781
0.06277
-0.03119
-0.09821
-0.01727
0.11111
0.09360
0.01425
0.02255
0.03473
-0.00854
-0.06064
-0.06390
0.01669
0.02664
-0.07376
-0.07419
-0.04285
-0.06061
0.02029
0.04404
-0.05164
0.01016
0.07913
-0.04395
-0.07629
0.02948
0.06726
0.08829
0.08856
-0.01053
-0.06656
0.00623
0.08066
0.08127
0.03513
-0.00031
0.03436
0.07535
0.03299
0.00308
0.02823
0.03766
0.10648
0.16489
0.03043
-0.08652
-0.04224
-0.02783
-0.00220
0.05823
-0.01288
-0.08203
-0.05640
-0.04895
0.06149
0.20248
0.12021
0.02124
0.06534
0.03296
-0.03235
0.03299
0.10205
0.07114
0.01492
-0.03098
-0.05881
-0.03983
-0.04904
-0.12283
-0.13205
-0.06329
-0.00586
0.03860
0.02081
-0.04306
-0.03061
0.00858
-0.01370
-0.05084
-0.05643
-0.01129
0.02008
-0.03802
-0.11694
-0.14465
-0.13062
-0.07672
-0.00711
0.03879
0.06335
0.06226
0.05847
0.09506
0.10788
0.04825
-0.00906
-0.01685
0.01654
0.01932
-0.06433
-0.10101
-0.05176
-0.04108
-0.02560
0.00372
-0.02603
0.00327
0.08633
0.01675
-0.14600
-0.15320
-0.00732
0.07581
0.01886
-0.04596
-0.01987
-0.00040
-0.03967
0.00922
0.09979
0.03735
-0.04178
0.02499
0.11948
0.11774
0.00366
-0.06635
0.04947
0.17380
0.14896
0.07111
0.04260
0.06833
0.07538
0.00134
-0.08374
-0.05823
0.02002
-0.02744
-0.11456
-0.04150
0.03830
-0.03333
-0.06973
0.00668
-0.00458
-0.14871
-0.18149
-0.00641
0.08459
-0.03406
-0.09381
-0.07101
-0.12787
-0.10089
0.01233
-0.04990
-0.16019
-0.11935
-0.04922
0.00357
0.06772
0.06018
0.01630
0.06491
0.14349
0.12769
0.08426
0.06442
0.00931
-0.04544
-0.05350
-0.01337
0.04330
-0.01672
-0.11661
-0.02942
0.10989
0.09909
0.08176
0.09857
-0.01782
-0.14212
-0.09842
-0.07080
-0.11505
-0.06430
0.00650
0.00104
0.01624
0.06589
0.03104
-0.07806
-0.05936
0.07932
0.06165
-0.08069
-0.06894
0.07053
0.09717
0.00351
-0.02075
0.00323
-0.01617
0.01773
0.03339
-0.09564
-0.14224
-0.02249
0.04810
0.06412
0.05252
-0.05490
-0.10297
0.00119
0.08514
0.06540
-0.00357
-0.03360
0.01071
0.03058
0.03827
0.12720
0.20416
0.16016
0.05441
0.00790
0.01846
-0.02841
-0.12161
-0.18332
-0.19855
-0.13370
0.00400
0.12103
0.11130
0.00275
0.00702
0.08096
0.01730
-0.05957
-0.08264
-0.13754
-0.08575
-0.00375
-0.03436
0.03461
0.13208
0.06870
0.04019
0.00571
-0.13647
-0.10410
0.08426
0.11749
0.03543
0.03137
0.10403
0.14084
0.07867
-0.03958
-0.10858
-0.05319
0.05750
0.06552
-0.05334
-0.12357
-0.04706
0.01651
0.00256
0.02762
0.02304
-0.02774
0.00922
0.01733
-0.04822
-0.00586
0.03894
-0.00525
0.02457
0.04010
-0.06409
-0.05606
0.08090
0.09885
0.01886
0.00653
0.06046
0.09872
0.06921
0.01050
0.03610
0.12714
0.11752
0.02844
-0.01819
-0.07617
-0.09891
-0.01962
0.00348
0.01797
0.08698
0.02020
-0.07394
-0.04892
-0.04691
-0.08380
-0.11499
-0.10678
-0.05560
-0.03769
0.02292
0.07550
0.00433
-0.01917
0.00089
0.01984
0.12357
0.13239
0.06302
0.08060
0.04996
0.01788
0.06378
0.00021
-0.06921
0.04260
0.09888
-0.04715
-0.13242
-0.07407
-0.05411
-0.05341
-0.02737
-0.04102
-0.05139
-0.03732
-0.02768
-0.01697
-0.02844
-0.00732
0.04294
0.01193
-0.03412
-0.01849
0.00995
0.05066
0.03256
-0.06137
-0.03854
0.06235
0.03278
0.00064
0.10052
0.11136
-0.01352
-0.01486
0.06879
0.04910
0.04315
0.05273
-0.06296
-0.10971
0.01398
0.05447
-0.01947
-0.03253
-0.00198
-0.01590
-0.07248
-0.10080
-0.05728
-0.01581
0.01178
0.08347
0.09695
0.03299
0.00491
-0.04276
-0.06735
0.03403
0.07553
-0.04318
-0.13751
-0.12469
-0.08954
-0.04648
0.09341
0.22324
0.16052
0.00546
-0.05640
-0.00397
0.01822
-0.05939
-0.03293
0.08878
0.06900
0.01974
0.06866
0.06796
0.01126
0.00665
0.02362
-0.01727
-0.10229
-0.13962
-0.12863
-0.16068
-0.20071
-0.15543
-0.04120
0.05527
0.02951
-0.06830
-0.04889
0.03720
0.03589
0.03247
0.05188
-0.02896
-0.11157
-0.04669
0.03754
0.08038
0.14978
0.09894
-0.07794
-0.11612
-0.02170
0.04260
0.08401
0.11789
0.07718
-0.03647
-0.07217
-0.02945
-0.03674
-0.02325
0.02676
0.04169
0.01547
-0.07407
-0.09302
0.00363
0.05573
0.07300
0.02188
-0.09549
-0.08041
-0.01019
-0.06000
-0.10471
-0.04251
0.02420
0.03531
0.06790
0.07465
0.01132
0.02661
0.08981
0.05899
-0.03357
-0.09906
-0.02872
0.09842
0.10101
0.06461
0.06552
0.04712
0.01318
-0.00208
0.00275
-0.04709
-0.07468
0.02686
0.02710
-0.09180
-0.08640
-0.04617
-0.02890
0.03046
-0.00165
-0.10999
-0.11594
-0.04538
-0.01151
-0.01581
-0.03326
-0.04092
0.02560
0.12341
0.13400
0.06573
0.01706
0.03098
-0.02710
-0.16202
-0.13617
-0.04004
-0.02496
0.06635
0.11673
0.00888
-0.04376
-0.02310
0.00391
0.07004
0.12518
0.11444
0.04575
0.01315
0.07956
0.16281
0.17508
0.08197
-0.03146
-0.03867
0.00180
-0.00583
-0.05716
-0.11646
-0.09250
0.02014
0.06253
0.00107
-0.06177
-0.09924
-0.05917
0.07156
0.10071
-0.01907
-0.06635
0.03229
0.09793
0.06433
0.08954
0.13293
0.03983
-0.03357
-0.02136
-0.04971
-0.03735
-0.00351
-0.05740
-0.05621
0.03735
0.03317
-0.08792
-0.15463
-0.12427
-0.10504
-0.08185
-0.00308
0.07678
0.11969
0.08218
0.00323
0.01572
0.04248
-0.00882
-0.04300
-0.06116
-0.08694
-0.05652
-0.05057
-0.11407
-0.09778
0.00674
0.09445
0.14371
0.10498
0.03583
0.04532
0.01257
-0.04800
-0.02820
-0.08234
-0.14066
-0.02136
0.06772
0.03622
0.02646
0.06097
0.12067
0.08667
-0.07199
-0.11279
0.01096
0.08054
0.02863
-0.03809
-0.03369
0.03793
0.10178
0.07288
-0.01675
-0.02023
0.03818
0.00299
-0.04712
-0.02219
-0.02634
-0.02997
0.00070
0.00800
0.09225
0.17462
0.09479
0.03790
0.05139
-0.02475
-0.10959
-0.06396
0.04916
0.04285
-0.06393
-0.07370
-0.05716
-0.10101
-0.07819
0.02820
0.13052
0.12250
0.02103
0.02789
0.12906
0.13702
0.06918
0.02109
-0.02759
-0.10638
-0.16367
-0.10977
0.02350
0.03326
-0.09885
-0.09756
0.06042
0.09113
-0.01630
-0.04294
-0.00510
-0.02054
-0.01483
-0.00906
-0.11420
-0.18707
-0.12228
-0.01196
0.11053
0.16144
0.08112
0.01346
0.06894
0.13275
0.03119
-0.12219
-0.10114
-0.01453
-0.05200
-0.11716
-0.05099
0.08246
0.14978
0.14691
0.08090
0.01474
0.05563
0.08261
0.00497
-0.04749
-0.06696
-0.08951
-0.02499
0.06479
0.01483
-0.09256
-0.09927
-0.05347
-0.04031
-0.05310
-0.06018
-0.07355
-0.12900
-0.13110
0.02158
0.19199
0.19131
0.04004
-0.06595
-0.04114
-0.02097
-0.05829
-0.07678
-0.03082
0.02170
-0.04681
-0.12265
-0.02377
0.05643
0.05142
0.11963
0.13361
0.07794
0.07059
0.00787
-0.01151
0.05719
-0.00842
-0.03870
0.07050
0.06555
0.04251
0.09561
0.02957
-0.09521
-0.14252
-0.10242
0.01144
0.01660
-0.13235
-0.14822
-0.00861
0.05923
0.05658
0.01013
-0.07275
-0.09659
-0.10110
-0.11624
-0.08649
-0.06049
-0.01563
0.08920
0.16769
0.13440
-0.01907
-0.11557
0.00552
0.15955
0.13852
0.04773
0.02478
-0.01489
-0.07263
-0.02585
0.01300
-0.01968
-0.00302
-0.01614
-0.09702
-0.10629
-0.03717
0.03809
0.04031
0.00134
0.04800
0.07959
0.02478
0.03152
0.04770
0.03357
0.08392
0.03714
-0.09506
-0.02161
0.12347
0.11542
0.04248
-0.04224
-0.07980
-0.01447
0.01929
-0.04437
-0.08307
-0.03214
-0.01822
-0.04965
0.04724
0.15869
0.11621
0.02768
-0.06171
-0.11240
-0.03119
0.05203
0.03998
0.03293
0.05902
0.02850
-0.08279
-0.15787
-0.12735
-0.05225
0.02853
0.07047
0.04611
0.03833
0.02090
-0.09808
-0.18594
-0.12674
-0.06174
-0.08563
-0.04559
0.10281
0.10873
-0.04169
-0.05627
0.02997
0.02408
-0.02771
-0.07532
-0.08478
-0.00528
0.09576
0.13596
0.06421
-0.03806
-0.00967
0.06488
0.05136
0.05106
0.10516
0.07574
-0.02374
-0.00674
0.06659
0.02048
0.04782
0.21671
0.19272
-0.00876
-0.10004
-0.06342
0.02460
0.07901
-0.00531
-0.12289
-0.07977
0.05112
0.05270
-0.01373
0.01697
0.03903
-0.02667
-0.05988
-0.00955
0.05811
0.03540
-0.05600
-0.07642
-0.01666
0.02722
0.00488
-0.00287
0.08734
0.07684
-0.06860
-0.04663
0.03433
-0.02756
-0.02032
0.00308
-0.11829
-0.17441
-0.11578
-0.02603
0.08020
0.04373
-0.06125
-0.02429
0.01874
0.03717
0.14157
0.16818
0.06134
-0.04355
-0.12030
-0.11569
-0.04294
-0.04257
-0.04349
0.05820
0.13132
0.09592
0.01434
-0.04703
-0.08838
-0.08688
0.02924
0.08353
-0.07138
-0.12766
0.02142
0.06720
-0.05646
-0.12625
-0.03070
0.08936
0.12610
0.17032
0.15210
-0.00986
-0.11273
-0.06711
-0.00415
0.04550
0.03821
-0.07745
-0.07617
0.08539
0.08969
0.00256
0.01215
-0.00223
0.01816
0.04221
-0.07672
-0.10638
-0.02249
-0.03201
-0.04697
-0.03394
-0.04199
-0.00412
0.07016
0.10822
0.04861
-0.06567
-0.08902
-0.00497
0.06406
0.07587
0.08508
0.09531
0.05191
-0.02911
-0.06686
-0.01660
0.04404
-0.01111
-0.11386
-0.10013
-0.02066
-0.01950
-0.06201
-0.02563
0.09521
0.15283
0.07559
0.00546
0.01816
0.02405
-0.02048
-0.07825
-0.10406
-0.09302
-0.02933
0.07324
0.02509
-0.15897
-0.20163
-0.10153
-0.00681
0.05206
0.05865
0.03970
0.04755
0.10922
0.13696
0.03351
-0.06247
-0.04407
0.01920
0.02795
-0.06918
-0.12943
-0.08722
-0.03470
0.01962
-0.02487
-0.09222
0.00513
0.07965
0.09918
0.14285
0.03302
-0.09860
-0.07721
-0.00385
0.11481
0.16095
0.05582
-0.02393
-0.01328
0.07852
0.14032
0.02512
-0.09198
-0.06622
-0.04504
-0.10352
-0.12308
-0.01865
0.10318
0.13962
0.11108
0.02249
-0.07059
-0.08179
-0.00400
0.06390
-0.00684
-0.08603
-0.03552
0.01434
0.05606
0.10480
0.07532
0.05542
0.05417
-0.01611
-0.07272
-0.08295
-0.07590
-0.00958
0.04361
-0.02023
-0.06778
-0.01523
-0.04266
-0.11160
-0.05396
0.00168
0.03796
0.14026
0.12097
-0.04181
-0.08862
0.04764
0.17783
0.15170
0.07394
0.04471
0.00034
-0.05478
-0.06808
-0.06549
-0.11301
-0.18378
-0.11954
0.00986
0.00360
-0.04742
-0.08899
-0.12347
-0.00302
0.14691
0.11530
0.00397
-0.05276
0.01248
0.12097
0.08954
-0.00113
-0.05164
-0.13644
-0.17044
-0.05038
0.05612
0.00385
-0.03589
0.02652
-0.00562
-0.05978
0.07047
0.19592
0.15704
0.05377
-0.03189
0.00186
0.11932
0.10806
0.00214
-0.00879
0.01566
-0.07062
-0.20230
-0.21173
-0.08954
0.02344
0.05066
0.02194
0.00168
0.01089
0.01208
0.00345
0.02625
0.07907
0.11572
0.05124
-0.04889
-0.01926
0.05804
0.06192
0.03308
-0.01733
-0.06894
-0.10635
-0.08078
0.07822
0.13428
-0.04715
-0.19092
-0.20221
-0.14941
-0.03369
0.06384
0.12518
0.15457
0.09210
-0.02148
-0.09915
-0.10611
-0.09930
-0.10135
0.03006
0.18753
0.09317
-0.07703
-0.04578
0.07086
0.09924
-0.01041
-0.14645
-0.07458
0.12253
0.15457
0.06250
0.01141
-0.02463
-0.06537
-0.05325
-0.02808
-0.03946
0.00171
0.03967
-0.04681
-0.03436
0.10904
0.12170
0.11154
0.12436
-0.00565
-0.08774
-0.04617
-0.03976
0.00003
0.08881
0.12079
0.10168
0.03494
-0.07379
-0.12244
-0.02100
0.09277
0.05054
-0.06335
-0.14566
-0.15616
-0.08932
-0.06534
-0.04446
0.07516
0.14865
0.06723
-0.06003
-0.06622
0.01584
0.00168
-0.06598
-0.09589
-0.10858
-0.04221
0.05594
0.07986
0.08820
0.10034
0.09586
0.08957
0.08386
0.06442
-0.00699
-0.03415
0.06674
0.11996
0.06836
0.02408
-0.04117
-0.06967
-0.00775
0.02341
0.04648
0.05417
-0.04337
-0.07245
0.00912
0.01340
0.00793
0.00931
-0.03665
-0.00406
0.01505
-0.03149
0.02661
-0.00485
-0.17874
-0.14316
0.04694
0.15097
0.17468
0.09982
-0.05466
-0.15958
-0.11935
-0.01489
-0.02829
-0.10159
-0.13205
-0.15012
-0.07751
0.02802
0.01929
0.01202
0.04645
-0.00201
-0.06787
0.01004
0.15451
0.13416
0.02838
0.02618
-0.00250
-0.08228
-0.04620
0.02509
0.03296
0.04453
0.06299
0.05515
0.01273
-0.06302
-0.08029
0.01160
0.07739
0.04636
0.00604
0.00751
0.04294
0.06885
0.02252
-0.06638
-0.11700
-0.09610
-0.04584
0.01010
0.07523
0.03070
-0.08591
-0.06268
0.00043
-0.02145
-0.05676
-0.12573
-0.14636
-0.04730
0.01855
0.03064
0.04309
0.09018
0.18414
0.12430
-0.08731
-0.17975
-0.13858
-0.06125
0.01730
0.06790
0.11401
0.10596
0.03629
0.01614
0.05038
0.04462
-0.04910
-0.09235
0.01154
0.07971
0.09293
0.12106
0.05890
0.00195
0.03906
0.04678
0.00974
-0.07114
-0.11453
-0.00549
0.07956
0.03104
-0.04507
-0.09201
-0.08109
-0.04297
-0.01025
0.05112
0.09955
0.10403
0.06937
0.00385
-0.02789
-0.02081
-0.02380
-0.01355
0.00726
-0.01974
-0.01559
0.07358
0.05286
-0.07309
-0.07968
-0.06522
-0.09769
-0.05676
-0.06461
-0.10910
-0.00720
0.07272
-0.03641
-0.12134
-0.02902
0.03876
-0.06653
-0.15521
-0.09128
0.00458
0.03232
0.03424
0.04813
-0.00424
-0.06387
0.06583
0.22116
0.13696
-0.01376
-0.05045
-0.08795
-0.11078
-0.00974
0.04279
-0.06470
-0.09225
0.03958
0.15091
0.17822
0.11206
0.03253
0.07846
0.11200
0.02707
0.01392
0.04688
-0.03735
-0.09076
-0.01483
0.03122
0.01324
0.01392
-0.00873
-0.06784
-0.02869
0.07559
0.04758
-0.04636
-0.06232
-0.07013
-0.04898
0.04736
0.09180
0.06778
0.02908
-0.06091
-0.11679
-0.04132
0.01358
-0.03558
-0.02585
0.03143
0.00668
-0.00122
0.05554
0.07739
0.06219
0.04178
0.00717
-0.07840
-0.17450
-0.12466
0.03104
0.10004
0.09387
0.05975
-0.02841
-0.04434
0.03796
0.02429
-0.04358
-0.03662
-0.07007
-0.09695
0.00040
0.02255
-0.08835
-0.10632
-0.02417
0.01385
0.05716
0.14981
0.17917
0.12711
0.06458
0.01590
0.00101
-0.05450
-0.14471
-0.11423
-0.03134
0.00003
0.03922
0.06113
0.03516
-0.00134
0.01251
0.04898
-0.01733
-0.01706
0.16299
0.20813
0.06653
-0.03677
-0.02988
0.02884
-0.04578
-0.17233
-0.08176
0.09836
0.16605
0.11069
-0.00690
-0.05902
-0.09131
-0.14642
-0.09561
-0.02280
-0.05652
-0.10043
-0.10434
-0.08420
-0.03830
0.02325
0.12109
0.16229
0.01791
-0.12933
-0.08444
0.01837
0.03784
-0.00150
-0.02686
0.01822
0.08588
0.09808
0.01620
-0.09006
-0.07996
-0.01837
-0.03842
-0.07019
-0.04495
0.02991
0.11401
0.08920
-0.01031
-0.00366
0.04437
-0.01535
-0.03311
0.07629
0.11478
0.06824
0.04688
-0.04044
-0.18225
-0.17242
0.01038
0.14056
0.08701
-0.02292
-0.04181
-0.04886
-0.13898
-0.12112
0.07877
0.14093
-0.00510
-0.08258
-0.01276
0.07806
0.05734
-0.01663
0.01227
0.05307
0.01666
-0.03329
-0.04587
-0.00873
-0.04947
-0.14557
-0.08856
0.02606
0.08243
0.12048
0.07990
0.01782
0.02237
0.05536
0.12039
0.09244
-0.03574
-0.02704
-0.00378
-0.08426
-0.01517
0.09903
0.01120
-0.12128
-0.17725
-0.15024
-0.04932
0.00394
0.01755
0.07602
0.15689
0.16211
0.03723
-0.00485
0.09656
0.04501
-0.05920
0.02585
0.04694
-0.05582
-0.01764
0.05365
0.00327
-0.00925
0.04379
0.06387
0.04626
-0.05057
-0.17499
-0.15674
-0.04666
-0.01447
-0.05832
-0.08853
-0.05872
0.02740
0.10342
0.11768
0.09805
0.05276
-0.00586
-0.00760
0.01242
-0.00797
-0.03683
-0.06427
-0.06717
-0.02798
-0.02835
-0.09628
-0.09656
0.04813
0.13019
0.02005
-0.05402
-0.04532
-0.10031
-0.10876
-0.03833
0.01007
0.11890
0.23526
0.19244
0.09540
0.03204
-0.07602
-0.16541
-0.12250
0.00253
0.08911
0.06873
-0.01260
-0.06458
-0.04990
0.02948
0.10843
0.11966
0.06418
-0.01898
-0.03635
0.00583
-0.01495
-0.05896
-0.06989
-0.08374
-0.02759
0.05142
-0.01254
-0.11166
-0.09534
-0.05179
-0.07349
-0.10266
-0.02280
0.12399
0.16660
0.12384
0.12131
0.09763
-0.00894
-0.10379
-0.13315
-0.09677
0.00525
0.08667
0.03995
-0.08490
-0.10562
0.01669
0.08334
0.05197
0.09390
0.12857
0.01169
-0.07034
-0.06168
-0.11627
-0.09558
0.06195
0.09103
0.03253
0.08853
0.13095
0.05103
-0.05759
-0.07047
0.04712
0.09204
-0.03546
-0.10333
-0.03717
0.00012
-0.04330
-0.12418
-0.14258
-0.02740
0.08594
0.05814
0.00644
0.04758
0.07632
0.03290
0.03397
0.07532
0.02838
-0.07065
-0.10397
-0.09863
-0.09604
-0.05737
0.01791
0.08420
0.10699
0.07498
0.00952
-0.02289
-0.02325
-0.07648
-0.10278
-0.04105
-0.03751
-0.02460
0.09369
0.14670
0.10117
0.02264
-0.04340
-0.00891
0.03513
0.01004
-0.05945
-0.13766
-0.07806
0.02692
-0.03537
-0.10144
-0.03802
0.05807
0.11456
0.06943
-0.01248
0.00659
0.06931
0.05881
-0.01913
-0.09512
-0.07764
0.03259
0.07718
0.02609
0.03070
0.03815
-0.02032
0.00027
0.06982
0.05597
0.00436
-0.05396
-0.09055
-0.05508
0.02396
0.09616
0.06714
-0.06030
-0.08789
-0.01572
0.00763
0.01163
-0.03629
-0.11670
-0.05066
0.03937
-0.00064
-0.03125
-0.01987
0.00150
0.04147
0.01898
-0.04837
-0.05530
0.02020
0.10919
0.13916
0.15503
0.11240
-0.02917
-0.06750
-0.05377
-0.15991
-0.16776
-0.02625
0.00662
-0.01852
0.05896
0.11743
0.03503
-0.04922
-0.01749
0.02432
0.01242
-0.02054
-0.06537
-0.03107
0.07660
0.05530
-0.06476
-0.03195
0.12634
0.15030
0.02881
-0.00641
0.05331
0.00146
-0.08496
-0.04520
-0.00916
-0.00610
0.02457
-0.01202
0.00000
0.10059
0.05661
-0.00278
0.07916
0.09097
0.02322
-0.02194
-0.06860
-0.06598
-0.08148
-0.16119
-0.11487
0.03018
0.07800
0.05838
0.05634
0.05530
-0.00970
-0.08972
0.01105
0.17560
0.14246
0.04602
0.00330
-0.04691
-0.04666
-0.02536
-0.01031
0.06366
0.07367
-0.04800
-0.17639
-0.22583
-0.12848
0.06638
0.14716
0.06497
-0.04382
-0.07211
0.01132
0.06470
-0.03897
-0.10275
-0.05322
-0.04147
0.01102
0.09540
0.06454
0.02780
0.02435
-0.02713
-0.05182
-0.05035
-0.10690
-0.15063
-0.07047
0.06723
0.13702
0.14301
0.10849
0.04419
-0.00864
-0.05222
-0.05530
-0.00974
-0.03168
-0.08643
-0.01816
0.10394
0.10529
-0.01068
-0.08487
-0.00385
0.09567
0.03207
-0.09821
-0.15381
-0.11826
-0.01059
0.05048
0.03687
0.05988
0.10852
0.12000
0.08508
0.01611
-0.03674
-0.03238
-0.01480
-0.07486
-0.11203
-0.00540
0.04443
-0.00107
0.05908
0.09750
-0.03870
-0.15045
-0.08450
0.05280
0.09802
0.02429
-0.05344
-0.04654
-0.01715
-0.05301
-0.09363
-0.04495
0.04156
0.07330
0.07059
0.04123
-0.02075
0.03152
0.17798
0.18158
0.07446
0.01715
0.02402
0.03082
-0.04556
-0.10483
-0.02295
0.05893
0.05804
0.01898
-0.06735
-0.12689
-0.08926
-0.03415
0.04053
0.14944
0.12109
-0.04694
-0.13635
-0.07477
0.05835
0.06503
-0.09564
-0.11774
0.03229
0.04913
-0.05106
-0.03821
0.06192
0.09192
0.06268
0.01761
-0.05066
-0.11191
-0.17667
-0.15479
0.01669
0.07410
-0.00845
0.03098
0.06616
-0.04614
-0.09305
-0.01205
0.02615
-0.00314
0.00562
0.03177
0.00055
-0.03806
-0.04044
-0.06458
-0.09592
-0.03876
0.03912
0.00986
-0.01172
0.09998
0.20966
0.18115
0.07864
-0.01807
-0.10815
-0.14291
-0.05905
0.03485
0.01709
-0.03503
-0.05359
-0.06506
-0.07364
-0.07925
-0.04141
0.02200
0.03391
0.08078
0.16339
0.14334
0.04825
-0.07593
-0.11932
0.00568
0.07660
0.04044
0.01840
-0.08542
-0.15710
-0.02991
0.08453
0.07040
0.04651
0.04785
0.05432
0.04959
-0.00854
-0.09256
-0.10516
-0.03488
0.00760
-0.02893
-0.00989
0.08929
0.09409
0.01657
-0.06448
-0.15155
-0.14282
-0.08041
-0.05896
0.02783
0.10910
0.04419
-0.04565
-0.05478
-0.02780
-0.00049
0.01303
-0.00372
-0.00446
0.03491
0.04251
0.05545
0.11795
0.11548
0.05978
0.04846
0.02853
-0.02914
-0.03262
0.05383
0.15775
0.20422
0.09579
-0.10550
-0.11639
0.05280
0.11258
0.03479
-0.00925
0.04510
0.08243
0.00885
-0.08081
-0.09717
-0.04846
0.01126
0.01270
0.00793
0.03549
-0.01199
-0.11453
-0.13150
-0.07193
0.02304
0.06845
-0.01358
-0.00461
0.11023
0.05249
0.00320
0.12335
0.13266
0.00644
-0.06931
-0.09570
-0.12875
-0.11517
-0.00507
0.04230
-0.00415
0.02429
0.05420
0.01520
-0.02759
-0.06979
-0.04327
-0.00684
-0.12488
-0.19873
-0.06329
0.01382
-0.02737
-0.00034
-0.05042
-0.16989
-0.09958
-0.02264
-0.05783
0.05765
0.23785
0.25549
0.17838
0.09464
0.02509
-0.01007
0.01981
0.05737
-0.00388
-0.05402
0.00201
0.03021
0.01849
-0.01071
-0.09949
-0.13550
-0.09192
-0.06149
-0.03735
-0.03229
-0.00565
0.05115
0.00894
-0.06613
-0.02420
0.09232
0.13153
-0.01514
-0.16833
-0.13565
-0.05118
0.01382
0.12775
0.17102
0.02609
-0.12042
-0.05344
0.09299
0.10605
-0.00189
-0.04877
0.08984
0.18698
0.05829
-0.09235
-0.12820
-0.04437
0.10236
0.08368
-0.09366
-0.14017
-0.03247
0.01376
-0.02106
-0.03619
-0.02884
0.04034
0.12134
0.06091
-0.02655
-0.01285
-0.00620
-0.00931
0.02411
0.02795
-0.02292
-0.08774
-0.12616
-0.09363
0.00507
0.07382
0.05551
0.01413
0.00015
0.01340
0.03735
0.07541
0.13388
0.14331
0.09543
0.07715
0.04880
-0.00870
-0.04108
-0.08963
-0.07776
0.04715
0.06351
-0.02127
-0.03888
-0.07507
-0.08453
-0.01834
-0.06952
-0.13428
-0.01550
0.10519
0.05667
-0.08130
-0.11560
0.00787
0.07681
0.01587
-0.02109
-0.04608
-0.12189
-0.11862
0.02066
0.11734
0.06616
0.01013
0.07645
0.09299
-0.06754
-0.13702
-0.01221
0.03348
-0.02408
-0.00879
0.03284
0.03177
0.04968
0.04364
-0.04895
-0.07349
0.03543
0.09921
0.10794
0.12030
0.04834
-0.07242
-0.10080
-0.04547
-0.01547
-0.00470
0.08997
0.15274
0.03625
-0.07837
-0.09702
-0.13181
-0.07935
0.11334
0.19418
0.05566
-0.10297
-0.09244
0.00946
0.03128
0.03708
0.08075
0.03748
-0.00641
0.05649
0.03113
-0.11285
-0.12845
-0.02939
-0.04208
-0.09299
-0.01135
0.06296
-0.00192
-0.08810
-0.06790
0.06970
0.15186
0.05203
-0.05673
-0.08047
-0.09161
-0.07410
-0.08868
-0.11563
0.02347
0.14676
0.04532
-0.04276
-0.04068
-0.06165
0.01923
0.15042
0.12427
0.02008
-0.01752
-0.01480
-0.04147
-0.07184
-0.05908
-0.02509
0.05746
0.12091
0.03186
-0.07803
-0.10181
-0.10159
-0.06723
-0.05453
-0.06537
-0.01526
0.02728
0.06012
0.07828
0.01096
-0.00134
0.04785
0.00311
-0.03049
0.01288
0.04620
0.02432
-0.06467
-0.08295
0.03168
0.10620
0.10736
0.07907
-0.00278
-0.05692
-0.04285
-0.01511
0.02484
0.07034
0.05930
0.01465
0.04480
0.09509
0.05475
0.01550
0.00186
-0.06055
-0.08420
-0.02689
0.02371
0.02051
-0.00259
0.01706
0.03473
0.00708
0.01617
0.03745
0.00900
-0.02252
-0.03949
-0.01892
0.00342
-0.04739
-0.07217
-0.04077
-0.02863
0.00461
0.00336
-0.04871
0.01511
0.08502
0.03192
0.02557
0.02237
-0.05377
-0.02930
0.00998
-0.07031
-0.10095
-0.03979
0.03537
0.09027
0.07620
0.08878
0.11078
0.01498
-0.01840
0.07184
0.09949
0.08148
0.02255
-0.08359
-0.08502
-0.00604
0.01157
-0.03497
-0.07816
-0.07822
-0.08679
-0.06265
0.05460
0.08600
-0.00113
-0.00208
0.04431
0.05356
0.07721
0.04205
0.00232
0.07770
0.07727
-0.04120
-0.08224
-0.09085
-0.09781
-0.04822
-0.03610
-0.06586
-0.05460
-0.00430
0.01196
-0.05371
-0.08551
-0.05130
-0.03485
0.01581
0.08444
0.11096
0.09048
-0.01874
-0.04852
0.07794
0.10651
0.00955
-0.05786
-0.05930
0.01877
0.03540
-0.09708
-0.11481
0.06845
0.12576
0.00476
0.01096
0.11429
0.05212
-0.11765
-0.17569
-0.09253
0.00980
0.07904
0.12195
0.08282
0.03452
0.06265
0.02292
-0.07916
-0.08548
-0.05804
-0.05383
-0.01990
-0.00412
-0.01169
0.03845
0.07681
0.02905
-0.02252
-0.03387
-0.03363
-0.06506
-0.09827
-0.01428
0.08551
0.04858
-0.00055
-0.02783
-0.07043
-0.02573
0.04288
0.01291
-0.03659
-0.02670
-0.01761
-0.05121
-0.03946
-0.00970
-0.03809
-0.00974
0.02951
-0.01041
0.05017
0.14886
0.06830
-0.01938
-0.00650
-0.06815
-0.09515
0.04227
0.11478
0.08487
0.06793
-0.00977
-0.01614
0.07529
-0.02621
-0.15057
-0.02206
0.11218
0.07816
0.02869
0.07922
0.12109
0.07388
0.08594
0.11972
0.02554
-0.05399
-0.04318
0.00061
0.07278
0.01157
-0.17587
-0.21036
-0.12250
-0.07010
0.03732
0.13153
0.04620
-0.03711
0.01385
-0.00089
-0.05548
0.03973
0.10486
0.01651
-0.00739
0.00568
-0.09024
-0.13693
-0.09207
-0.08719
-0.07339
-0.01523
0.03308
0.04126
0.01166
0.05951
0.13495
0.05438
-0.00674
0.03000
-0.05606
-0.13541
-0.08365
-0.06110
0.00232
0.09323
0.03464
-0.03497
-0.05246
-0.09995
-0.03958
0.11154
0.15726
0.09689
-0.01151
-0.06400
0.01282
0.02023
-0.09726
-0.08652
0.04587
0.04895
-0.07202
-0.10110
0.01572
0.09698
0.02661
-0.05319
-0.02487
0.01709
0.02072
0.02469
0.01205
0.01746
0.05679
0.05585
0.03931
-0.00751
-0.13672
-0.17886
-0.07837
-0.00809
0.04257
0.10181
0.04965
-0.03717
-0.05984
-0.12836
-0.16629
-0.05655
0.03903
0.06131
0.04568
-0.05133
-0.09851
-0.01483
0.06772
0.07452
0.02542
0.02435
0.05368
-0.04337
-0.11514
0.00119
0.09726
0.07700
0.03680
-0.03748
-0.07321
0.02533
0.09662
0.07458
0.07788
0.04401
0.01804
0.12503
0.15701
0.05957
0.02054
-0.03455
-0.11679
-0.07178
0.04718
0.10767
0.03964
-0.09851
-0.08838
0.08218
0.12708
-0.02344
-0.08484
0.04745
0.07184
-0.11359
-0.17282
-0.02789
0.04486
0.03427
0.03485
-0.02060
-0.07727
-0.02975
0.07886
0.13406
0.06784
-0.02484
-0.03000
0.02441
0.05737
0.02921
0.01349
0.02020
-0.04758
-0.08698
-0.01553
0.03894
0.05484
0.03391
-0.04922
-0.08875
-0.04730
-0.00345
0.02744
0.09613
0.15073
0.05936
-0.04752
-0.01758
-0.01627
-0.06833
-0.07379
-0.11429
-0.12628
0.00424
0.14120
0.17908
0.13229
0.00317
-0.12140
-0.14346
-0.13242
-0.13535
-0.04688
0.06775
0.04111
-0.00299
0.07779
0.08118
-0.07666
-0.09869
0.06647
0.09396
-0.01245
-0.03183
-0.01224
0.00366
0.02472
-0.06848
-0.15994
-0.04004
0.09900
0.09387
0.07013
0.02832
-0.02722
-0.02280
-0.05377
-0.11560
-0.08105
0.01456
0.08813
0.09070
0.01993
-0.06293
-0.08521
-0.02374
0.00998
-0.01038
-0.00140
-0.02142
-0.06522
-0.05167
-0.00336
0.08340
0.09238
-0.06598
-0.14804
-0.08978
-0.09033
-0.09485
0.00531
0.08063
0.03781
-0.03082
0.00314
0.10754
0.12692
0.05634
0.01990
0.05472
0.10220
0.08557
0.01572
-0.00400
0.01904
0.00253
-0.02438
0.01099
0.04596
-0.01108
-0.05176
-0.02783
-0.03360
-0.02371
-0.00876
-0.00354
0.10730
0.13699
-0.02127
-0.05823
-0.00430
-0.04614
0.00204
0.08899
-0.01236
-0.09546
-0.03064
-0.02319
-0.02612
0.04257
0.02084
-0.03387
-0.03525
-0.08002
-0.06909
0.00906
0.01794
0.08377
0.18533
0.10455
-0.01736
-0.00934
0.00235
-0.00317
0.05679
0.06775
-0.00027
-0.02426
-0.03293
0.01523
0.11371
0.03632
-0.06955
-0.03513
-0.07758
-0.09341
0.01392
0.00439
-0.06528
-0.05341
0.01703
0.07907
0.02655
-0.04248
-0.01077
0.06265
0.12811
0.07965
-0.05179
-0.11243
-0.11502
-0.03329
0.07175
0.02402
-0.03537
0.00952
0.01816
0.01465
0.03677
0.00446
-0.02664
-0.06366
-0.13712
-0.10840
-0.04053
-0.04684
0.03220
0.14847
0.08020
-0.05121
-0.04922
0.01758
0.01852
0.01434
0.09479
0.15616
0.09158
-0.02676
-0.04593
0.02020
-0.00250
-0.06418
-0.02673
0.01913
0.01553
-0.02490
-0.12317
-0.14490
-0.00952
0.13403
0.16217
0.09387
0.04834
0.06784
0.03088
-0.02118
0.04401
0.04837
-0.12711
-0.20645
-0.09125
-0.02551
-0.03958
-0.00586
0.01321
-0.00284
-0.00104
-0.02640
-0.05005
-0.02554
0.01614
0.07150
0.08270
0.07690
0.13211
0.08743
-0.08298
-0.16165
-0.13739
-0.07452
0.01117
0.00696
-0.06046
-0.01096
0.09186
0.05530
-0.06183
-0.11526
-0.10254
-0.02057
0.11325
0.13837
-0.00046
-0.06229
0.06946
0.11710
0.00003
-0.04813
-0.03174
-0.04449
-0.02368
0.00156
0.00177
0.02875
0.01807
-0.05661
-0.03436
0.11127
0.12946
-0.04770
-0.16415
-0.12082
-0.03369
0.03049
0.05310
0.06592
0.06509
-0.01477
-0.02975
0.10709
0.14072
0.02304
-0.03000
-0.01242
-0.01535
-0.04291
-0.02786
0.03540
-0.00729
-0.07300
0.03638
0.07748
-0.06049
-0.05240
0.08032
0.05499
-0.06131
-0.06320
0.02301
0.04105
0.00546
-0.00513
-0.08234
-0.20218
-0.19562
-0.08688
0.01654
0.08606
0.08414
0.01129
-0.00104
0.08179
0.05838
-0.04752
0.00458
0.06891
-0.03928
-0.10031
-0.00571
0.07388
0.02689
-0.08405
-0.12625
-0.06653
0.02756
0.06570
-0.00549
-0.06757
0.00674
0.09253
0.06952
0.03122
-0.00430
-0.03415
0.05179
0.11423
0.00290
-0.08698
-0.07733
-0.06549
-0.01340
0.09650
0.14658
0.05554
-0.08054
-0.14859
-0.13205
-0.01965
0.07651
0.03500
-0.07037
-0.14249
-0.11420
-0.02264
0.02386
0.09421
0.16211
0.04520
-0.09457
-0.00229
0.11343
0.01642
-0.08231
0.02234
0.17261
0.17081
0.02408
-0.10791
-0.09436
0.01538
0.10217
0.10596
0.05356
0.01895
0.00644
-0.03134
-0.08252
-0.04587
0.07214
0.06848
-0.04510
-0.02872
0.03268
-0.02002
-0.00528
0.10202
0.08804
-0.00391
-0.02097
0.01007
0.06204
0.13425
0.14203
0.05963
0.01785
0.06497
0.06781
-0.01639
-0.05881
-0.01291
-0.00543
-0.08597
-0.09885
-0.00162
0.09671
0.16479
0.13718
0.01862
-0.01114
-0.00089
-0.09601
-0.13016
0.01724
0.10864
0.01389
-0.05328
-0.02390
-0.05109
-0.08401
-0.05588
-0.09927
-0.15564
-0.06335
0.04367
0.00317
-0.05676
0.01578
0.09790
0.01736
-0.08417
-0.01193
0.05737
-0.02704
-0.07864
-0.03995
-0.00937
0.03458
0.05127
-0.00677
-0.06244
-0.10941
-0.12112
-0.05032
0.02762
0.07681
0.05338
-0.03891
0.00592
0.16974
0.22513
0.17252
0.08969
0.02020
-0.04846
-0.15918
-0.15579
-0.01004
0.04510
-0.01630
-0.05481
-0.04156
-0.00909
0.00754
0.01431
0.01239
-0.02188
-0.05215
-0.00464
0.10422
0.13980
0.02423
-0.08691
-0.03329
0.04654
0.02225
-0.00760
-0.03757
-0.08334
-0.07971
-0.11380
-0.14862
-0.06256
0.00681
0.03253
0.10306
0.11600
0.05756
-0.00055
-0.08411
-0.14426
-0.10275
-0.03629
-0.01434
-0.01233
-0.01468
0.02643
0.09000
0.05243
-0.03409
-0.03992
-0.01047
-0.00876
-0.00961
0.01740
0.00934
-0.04050
-0.02103
0.00400
-0.03418
-0.02094
0.01392
-0.00894
-0.03696
-0.04129
-0.00348
0.03876
0.03680
0.03265
0.00848
-0.01627
0.01529
-0.00229
-0.04633
0.01047
0.04733
0.00528
0.00931
0.00626
-0.06720
-0.09225
-0.04660
-0.00668
0.04492
0.09586
0.06467
0.00366
0.01654
0.05530
0.02771
-0.03012
-0.02325
0.01581
-0.00232
-0.02948
-0.00623
0.02060
0.02789
0.00671
-0.02567
-0.01410
0.02283
0.04538
0.05365
0.02576
-0.02130
-0.03384
-0.02170
-0.02628
-0.04123
-0.03333
-0.00232
0.01065
0.00336
0.00009
-0.00995
-0.00217
0.02026
0.00122
-0.02863
-0.02759
-0.01343
0.00540
0.00287
0.00171
0.03195
0.03964
0.03458
0.03699
0.00784
-0.01746
-0.01111
-0.01132
-0.01501
-0.00732
-0.00128
-0.00186
0.00397
0.01654
0.01965
0.00006
-0.00006
0.00003
0.00000
-0.00003
0.00006
-0.00009
0.00009
-0.00006
0.00003
0.00000
-0.00003
0.00006
-0.00009
0.00009
-0.00006
0.00000
0.00009
-0.00015
0.00012
-0.00006
0.00000
0.00006
-0.00009
0.00009
-0.00009
0.00006
0.00000
-0.00006
0.00012
-0.00015
0.00012
-0.00009
0.00006
-0.00003
0.00000
0.00003
-0.00006
0.00009
-0.00009
0.00003
0.00006
-0.00012
0.00012
-0.00009
0.00006
0.00000
-0.00003
0.00000
0.00000
0.00000
0.00003
-0.00003
0.00000
0.00003
-0.00003
0.00000
0.00003
-0.00003
0.00000
0.00006
-0.00009
0.00006
0.00000
-0.00006
0.00009
-0.00009
0.00006
0.00000
-0.00003
0.00000
0.00006
-0.00012
0.00015
-0.00012
0.00006
0.00000
-0.00003
0.00000
0.00003
0.00000
-0.00003
0.00003
-0.00003
0.00003
0.00000
0.00000
-0.00003
0.00006
-0.00006
0.00003
0.00003
-0.00009
0.00009
-0.00006
0.00003
0.00000
0.00000
-0.00003
0.00006
-0.00006
0.00003
0.00000
0.00000
0.00000
0.00000
-0.00003
0.00006
-0.00006
0.00003
-0.00003
0.00003
-0.00003
0.00003
-0.00003
0.00000
0.00003
-0.00006
0.00009
-0.00009
0.00006
-0.00003
0.00000
0.00003
-0.00003
0.00000
0.00003
-0.00003
0.00000
0.00003
-0.00006
0.00006
-0.00003
0.00000
0.00000
0.00000
0.00000
0.00000
0.00000
-0.00003
0.00003
0.00000
-0.00003
0.00006
-0.00006
0.00003
0.00003
-0.00006
0.00003
0.00003
-0.00006
0.00009
-0.00009
0.00006
-0.00003
0.00000
0.00000
0.00000
0.00000
0.00003
-0.00006
0.00006
-0.00006
0.00009
-0.00012
0.00012
-0.00009
0.00006
-0.00003
0.00000
0.00000
0.00003
-0.00006
0.00009
-0.00009
0.00006
-0.00003
0.00000
0.00000
0.00006
-0.00012
0.00015
-0.00018
0.00018
-0.00015
0.00012
-0.00012
0.00009
-0.00003
0.00000
0.00003
-0.00009
0.00012
-0.00012
0.00012
-0.00009
0.00006
-0.00003
0.00000
0.00000
0.00000
0.00003
-0.00003
0.00003
-0.00003
0.00000
0.00003
-0.00003
0.00003
-0.00003
0.00003
-0.00003
0.00003
-0.00006
0.00009
-0.00009
0.00006
-0.00003
0.00000
0.00000
0.00003
-0.00003
0.00000
0.00003
-0.00003
0.00000
0.00003
-0.00003
0.00000
0.00006
-0.00012
0.00012
-0.00009
0.00009
-0.00009
0.00009
-0.00012
0.00012
-0.00006
0.00003
0.00000
-0.00006
0.00006
-0.00003
0.00003
-0.00003
0.00003
-0.00003
0.00003
-0.00006
0.00009
-0.00009
0.00009
-0.00006
0.00003
-0.00003
0.00003
-0.00003
0.00006
-0.00006
0.00003
0.00000
-0.00003
0.00006
-0.00006
0.00003
0.00000
-0.00003
0.00003
0.00000
-0.00003
0.00003
-0.00003
0.00000
0.00003
-0.00003
0.00003
-0.00003
0.00003
-0.00003
0.00003
-0.00003
0.00003
-0.00003
0.00006
-0.00006
0.00003
0.00000
-0.00003
0.00003
0.00000
0.00000
0.00000
-0.00003
0.00006
-0.00006
0.00003
0.00003
-0.00012
0.00018
-0.00015
0.00006
0.00003
-0.00009
0.00009
-0.00006
0.00000
0.00003
0.00000
-0.00003
0.00003
-0.00003
0.00003
0.00000
-0.00003
0.00006
-0.00009
0.00009
-0.00003
-0.00003
0.00006
-0.00006
0.00003
0.00000
-0.00003
0.00006
-0.00006
0.00003
-0.00003
0.00003
0.00000
0.00000
-0.00003
0.00000
0.00003
0.00000
-0.00003
0.00006
-0.00009
0.00009
-0.00003
-0.00003
0.00006
-0.00006
0.00003
0.00003
-0.00006
0.00006
-0.00006
0.00006
-0.00006
0.00006
-0.00009
0.00012
-0.00012
0.00012
-0.00012
0.00009
-0.00003
-0.00003
0.00006
-0.00006
0.00006
-0.00003
0.00000
0.00000
0.00003
-0.00006
0.00009
-0.00009
0.00003
0.00003
-0.00003
0.00000
0.00003
-0.00009
0.00012
-0.00009
0.00006
-0.00003
0.00000
0.00000
0.00003
-0.00006
0.00006
-0.00003
0.00000
0.00000
0.00000
-0.00003
0.00009
-0.00012
0.00012
-0.00012
0.00009
-0.00006
0.00006
-0.00003
0.00003
-0.00006
0.00006
-0.00006
0.00009
-0.00006
0.00000
0.00003
-0.00006
0.00012
-0.00015
0.00012
-0.00009
0.00009
-0.00006
0.00003
-0.00003
0.00003
0.00000
-0.00003
0.00003
-0.00003
0.00006
-0.00006
0.00000
0.00003
-0.00003
0.00003
-0.00003
0.00003
-0.00003
0.00006
-0.00012
0.00012
-0.00006
0.00003
0.00000
-0.00003
0.00000
0.00006
-0.00006
0.00003
0.00000
-0.00003
0.00003
0.00000
-0.00003
0.00003
-0.00003
0.00003
0.00000
-0.00003
0.00000
0.00006
-0.00012
0.00018
-0.00018
0.00012
-0.00006
0.00003
0.00000
-0.00003
0.00006
-0.00009
0.00009
-0.00003
-0.00003
0.00006
-0.00006
0.00003
0.00003
-0.00006
0.00006
-0.00006
0.00006
-0.00003
0.00000
0.00000
0.00000
0.00000
0.00000
0.00000
0.00000
-0.00003
0.00003
0.00000
0.00000
0.00000
-0.00003
0.00006
-0.00006
0.00006
-0.00006
0.00006
-0.00003
0.00000
0.00000
0.00000
0.00000
0.00000
0.00000
-0.00003
0.00006
-0.00006
0.00003
0.00000
-0.00003
0.00003
0.00000
0.00000
0.00000
0.00000
-0.00003
0.00006
-0.00006
0.00006
-0.00006
0.00003
0.00000
0.00000
0.00000
0.00000
-0.00003
0.00006
-0.00006
0.00006
-0.00006
0.00006
-0.00006
0.00006
-0.00003
0.00000
0.00000
0.00000
0.00003
-0.00003
0.00000
0.00003
-0.00006
0.00009
-0.00006
0.00000
0.00003
-0.00003
0.00000
0.00003
-0.00006
0.00009
-0.00009
0.00009
-0.00012
0.00012
-0.00009
0.00006
0.00000
-0.00006
0.00009
-0.00009
0.00006
-0.00003
0.00003
-0.00003
0.00003
-0.00003
0.00003
-0.00003
0.00003
-0.00003
0.00000
0.00003
-0.00006
0.00006
-0.00003
0.00000
0.00000
0.00000
0.00000
0.00003
-0.00006
0.00006
-0.00003
0.00003
-0.00006
0.00009
-0.00012
0.00015
-0.00012
0.00006
-0.00003
0.00000
0.00003
-0.00003
0.00003
-0.00003
0.00000
0.00000
0.00003
-0.00003
0.00003
-0.00003
0.00000
0.00003
-0.00003
0.00003
-0.00003
0.00003
-0.00003
0.00003
-0.00003
0.00006
-0.00009
0.00009
-0.00009
0.00012
-0.00009
0.00006
-0.00009
0.00009
-0.00009
0.00012
-0.00012
0.00012
-0.00015
0.00012
-0.00009
0.00009
-0.00003
-0.00003
0.00003
-0.00003
0.00003
0.00003
-0.00009
0.00012
-0.00012
0.00009
-0.00003
-0.00003
0.00009
-0.00012
0.00009
-0.00003
-0.00003
0.00009
-0.00012
0.00009
-0.00003
0.00000
0.00000
0.00000
0.00000
0.00000
0.00000
-0.00003
0.00006
-0.00009
0.00009
-0.00009
0.00006
-0.00003
0.00003
-0.00003
0.00000
0.00003
-0.00003
0.00003
-0.00003
0.00003
-0.00003
0.00006
-0.00006
0.00003
-0.00003
0.00003
0.00000
0.00000
0.00000
-0.00003
0.00003
0.00000
0.00000
0.00000
-0.00003
0.00003
-0.00003
0.00006
-0.00006
0.00003
0.00000
-0.00003
0.00006
-0.00009
0.00012
-0.00012
0.00009
-0.00003
-0.00003
0.00009
-0.00015
0.00018
-0.00018
0.00018
-0.00012
0.00006
-0.00003
0.00000
0.00000
0.00003
-0.00003
0.00003
-0.00006
0.00003
0.00003
-0.00006
0.00009
-0.00012
0.00009
-0.00006
0.00006
-0.00003
0.00000
0.00003
-0.00006
0.00006
-0.00003
0.00000
0.00003
-0.00003
0.00000
0.00003
-0.00003
0.00000
0.00003
-0.00003
0.00000
0.00003
-0.00003
0.00000
0.00003
-0.00006
0.00009
-0.00009
0.00009
-0.00009
0.00003
0.00006
-0.00009
0.00009
-0.00006
0.00000
0.00006
-0.00009
0.00009
-0.00006
0.00006
-0.00006
0.00003
0.00000
-0.00003
0.00006
-0.00009
0.00009
-0.00009
0.00009
-0.00006
0.00003
-0.00003
0.00003
-0.00006
0.00012
-0.00012
0.00009
-0.00009
0.00006
0.00000
-0.00003
0.00006
-0.00009
0.00006
0.00000
-0.00003
0.00006
-0.00009
0.00012
-0.00012
0.00009
-0.00006
0.00003
0.00000
-0.00003
0.00006
-0.00009
0.00009
-0.00009
0.00009
-0.00009
0.00009
-0.00009
0.00006
0.00000
-0.00003
0.00003
-0.00003
0.00003
-0.00003
0.00006
-0.00009
0.00009
-0.00009
0.00009
-0.00009
0.00006
0.00000
-0.00003
0.00003
-0.00003
0.00000
0.00006
-0.00006
0.00003
0.00000
-0.00003
0.00006
-0.00006
0.00006
-0.00006
0.00003
0.00003
-0.00009
0.00015
-0.00018
0.00015
-0.00009
0.00003
0.00003
-0.00006
0.00003
0.00000
0.00000
0.00000
0.00000
-0.00003
0.00003
0.00003
-0.00006
0.00006
-0.00006
0.00003
0.00000
0.00000
0.00000
0.00000
0.00000
0.00000
0.00000
0.00000
-0.00003
0.00009
-0.00012
0.00012
-0.00009
0.00006
-0.00003
0.00000
0.00000
0.00003
-0.00003
0.00003
-0.00003
0.00000
0.00000
0.00003
-0.00003
0.00000
0.00000
-0.00003
0.00009
-0.00012
0.00009
-0.00006
0.00003
0.00000
0.00000
0.00000
-0.00003
0.00006
-0.00009
0.00012
-0.00009
0.00003
0.00000
-0.00003
0.00006
-0.00003
0.00000
0.00000
-0.00003
0.00006
-0.00006
0.00006
-0.00006
0.00006
-0.00006
0.00003
-0.00003
0.00006
-0.00006
0.00006
-0.00009
0.00009
-0.00009
0.00012
-0.00009
0.00006
-0.00006
0.00006
-0.00006
0.00009
-0.00009
0.00009
-0.00009
0.00006
-0.00003
0.00003
-0.00003
0.00003
-0.00006
0.00009
-0.00009
0.00009
-0.00009
0.00006
-0.00003
0.00003
-0.00006
0.00009
-0.00012
0.00009
-0.00003
0.00000
0.00000
0.00000
0.00000
0.00003
-0.00006
0.00006
-0.00006
0.00009
-0.00009
0.00006
-0.00003
0.00003
-0.00006
0.00009
-0.00012
0.00015
-0.00012
0.00006
-0.00006
0.00006
-0.00006
0.00009
-0.00009
0.00003
0.00000
-0.00003
0.00006
-0.00003
-0.00003
0.00006
-0.00006
0.00006
-0.00006
0.00006
-0.00006
0.00006
-0.00006
0.00006
-0.00006
0.00006
-0.00006
0.00006
-0.00006
0.00003
0.00000
0.00000
0.00000
0.00000
0.00000
0.00000
0.00000
0.00003
-0.00006
0.00009
-0.00009
0.00006
-0.00003
0.00003
-0.00003
0.00003
-0.00003
0.00003
0.00000
-0.00003
0.00006
-0.00009
0.00009
-0.00009
0.00012
-0.00009
0.00000
0.00006
-0.00012
0.00015
-0.00009
0.00003
0.00000
-0.00003
0.00003
0.00000
0.00000
-0.00003
0.00006
-0.00006
0.00003
0.00000
0.00000
-0.00003
0.00006
-0.00006
0.00003
0.00003
-0.00006
0.00006
-0.00009
0.00009
-0.00006
0.00006
-0.00006
0.00003
-0.00003
0.00006
-0.00006
0.00003
0.00000
-0.00003
0.00003
0.00000
0.00000
-0.00003
0.00006
-0.00012
0.00018
-0.00018
0.00015
-0.00012
0.00009
-0.00006
0.00006
-0.00006
0.00003
0.00003
-0.00006
0.00006
-0.00006
0.00003
0.00000
0.00003
-0.00009
0.00012
-0.00012
0.00012
-0.00012
0.00009
-0.00009
0.00012
-0.00009
0.00003
0.00000
-0.00006
0.00009
-0.00006
0.00003
-0.00003
0.00000
0.00006
-0.00009
0.00009
-0.00009
0.00006
0.00000
-0.00006
0.00009
-0.00009
0.00009
-0.00006
-0.00003
0.00009
-0.00012
0.00012
-0.00006
0.00000
0.00000
0.00000
-0.00003
0.00009
-0.00012
0.00012
-0.00012
0.00009
-0.00006
0.00003
0.00003
-0.00006
0.00006
-0.00009
0.00009
-0.00003
-0.00003
0.00009
-0.00015
0.00018
-0.00015
0.00012
-0.00012
0.00012
-0.00009
0.00009
-0.00009
0.00006
-0.00003
0.00003
-0.00003
0.00003
-0.00006
0.00009
-0.00009
0.00006
0.00000
-0.00003
0.00000
0.00006
-0.00012
0.00018
-0.00021
0.00021
-0.00018
0.00012
-0.00009
0.00009
-0.00009
0.00009
-0.00009
0.00009
-0.00009
0.00006
-0.00003
0.00003
0.00000
-0.00003
0.00000
0.00003
-0.00003
0.00006
-0.00009
0.00009
-0.00009
0.00009
-0.00006
0.00003
0.00000
0.00000
-0.00003
0.00006
-0.00006
0.00006
-0.00003
-0.00003
0.00003
0.00000
0.00000
-0.00003
0.00003
-0.00003
0.00000
0.00003
-0.00006
0.00009
-0.00009
0.00009
-0.00012
0.00009
0.00000
-0.00006
0.00009
-0.00012
0.00009
-0.00003
0.00000
0.00003
-0.00006
0.00006
-0.00003
0.00000
0.00003
-0.00003
0.00003
0.00000
-0.00003
0.00000
0.00003
-0.00003
0.00003
0.00000
-0.00006
0.00009
-0.00009
0.00006
-0.00003
0.00000
0.00006
-0.00009
0.00006
-0.00006
0.00003
0.00003
-0.00003
-0.00003
0.00006
-0.00009
0.00009
-0.00006
0.00003
0.00000
0.00000
-0.00003
0.00003
0.00000
-0.00003
0.00006
-0.00009
0.00009
-0.00006
0.00000
0.00003
-0.00006
0.00009
-0.00006
0.00000
0.00003
-0.00006
0.00006
-0.00003
0.00000
0.00003
-0.00003
0.00003
-0.00006
0.00006
-0.00003
0.00000
0.00003
-0.00003
0.00000
0.00000
0.00000
0.00000
0.00000
0.00003
-0.00009
0.00012
-0.00009
0.00006
0.00000
-0.00006
0.00009
-0.00009
0.00009
-0.00006
0.00003
0.00000
-0.00006
0.00009
-0.00009
0.00009
-0.00006
0.00003
-0.00003
0.00003
-0.00003
0.00003
0.00000
-0.00003
0.00003
-0.00003
0.00003
0.00000
-0.00003
0.00003
-0.00003
0.00003
-0.00003
0.00003
-0.00003
0.00000
0.00003
-0.00003
0.00000
0.00006
-0.00012
0.00015
-0.00015
0.00015
-0.00015
0.00012
-0.00006
0.00003
0.00000
-0.00003
0.00000
0.00003
-0.00003
0.00003
-0.00003
0.00000
0.00003
-0.00006
0.00009
-0.00009
0.00006
-0.00003
0.00000
0.00003
-0.00003
0.00000
0.00003
-0.00006
0.00009
-0.00012
0.00012
-0.00012
0.00012
-0.00009
0.00006
-0.00006
0.00006
-0.00003
0.00003
-0.00006
0.00006
-0.00006
0.00006
-0.00003
0.00000
0.00003
-0.00003
-0.00003
0.00006
-0.00003
0.00000
0.00003
-0.00006
0.00006
-0.00003
0.00000
0.00003
-0.00006
0.00009
-0.00009
0.00006
-0.00003
0.00000
0.00006
-0.00009
0.00006
-0.00003
0.00000
0.00003
-0.00006
0.00009
-0.00012
0.00012
-0.00009
0.00006
0.00000
-0.00006
0.00006
-0.00003
0.00003
0.00000
-0.00003
0.00003
-0.00003
0.00003
0.00000
-0.00003
0.00003
0.00000
-0.00006
0.00009
-0.00009
0.00009
-0.00006
0.00000
0.00003
-0.00003
0.00000
0.00006
-0.00012
0.00015
-0.00015
0.00012
-0.00009
0.00009
-0.00009
0.00006
-0.00003
0.00003
-0.00003
0.00003
-0.00003
0.00003
-0.00003
0.00000
0.00003
-0.00006
0.00012
-0.00018
0.00021
-0.00021
0.00018
-0.00012
0.00006
0.00000
-0.00003
0.00003
0.00000
-0.00006
0.00012
-0.00015
0.00015
-0.00012
0.00009
-0.00009
0.00006
0.00000
-0.00003
0.00006
-0.00006
0.00000
0.00003
-0.00003
0.00003
0.00000
0.00000
-0.00003
0.00000
0.00003
-0.00006
0.00012
-0.00012
0.00006
0.00000
-0.00006
0.00009
-0.00006
0.00003
0.00000
0.00000
-0.00003
0.00006
-0.00006
0.00003
0.00000
-0.00003
0.00006
-0.00009
0.00009
-0.00009
0.00009
-0.00006
0.00003
-0.00003
0.00003
-0.00003
0.00006
-0.00006
0.00003
0.00000
0.00000
0.00000
0.00000
-0.00003
0.00006
-0.00006
0.00006
-0.00006
0.00006
-0.00006
0.00006
-0.00009
0.00009
-0.00006
0.00006
-0.00006
0.00006
-0.00009
0.00009
-0.00006
0.00003
0.00000
0.00000
-0.00003
0.00006
-0.00009
0.00009
-0.00003
-0.00003
0.00006
-0.00009
0.00009
-0.00006
0.00006
-0.00006
0.00006
-0.00009
0.00009
-0.00006
0.00006
-0.00006
0.00003
0.00000
-0.00003
0.00009
-0.00012
0.00009
-0.00006
0.00006
-0.00006
0.00009
-0.00012
0.00009
-0.00003
-0.00003
0.00006
-0.00006
0.00006
-0.00006
0.00006
-0.00006
0.00006
-0.00006
0.00006
-0.00006
0.00009
-0.00012
0.00012
-0.00009
0.00003
0.00000
-0.00003
0.00006
-0.00003
0.00000
0.00000
-0.00003
0.00003
0.00003
-0.00006
0.00006
-0.00006
0.00003
0.00003
-0.00006
0.00003
0.00000
0.00000
0.00003
-0.00006
0.00006
-0.00003
0.00000
0.00003
-0.00006
0.00006
-0.00003
0.00003
-0.00006
0.00006
-0.00006
0.00003
0.00003
-0.00006
0.00009
-0.00009
0.00006
-0.00003
0.00000
0.00003
-0.00003
0.00003
-0.00003
0.00000
0.00000
0.00003
-0.00006
0.00006
-0.00006
0.00006
-0.00003
-0.00003
0.00006
-0.00006
0.00009
-0.00009
0.00006
-0.00006
0.00009
-0.00012
0.00012
-0.00009
0.00003
0.00003
-0.00006
0.00003
0.00000
0.00000
-0.00003
0.00006
-0.00006
0.00003
0.00000
-0.00003
0.00006
-0.00006
0.00003
-0.00003
0.00003
0.00000
-0.00003
0.00003
-0.00006
0.00012
-0.00015
0.00015
-0.00015
0.00009
0.00000
-0.00006
0.00009
-0.00009
0.00006
-0.00003
0.00000
0.00003
-0.00006
0.00006
-0.00003
0.00003
-0.00003
0.00000
0.00000
0.00000
0.00003
-0.00003
0.00000
0.00000
0.00000
0.00003
-0.00006
0.00006
-0.00006
0.00009
-0.00009
0.00006
-0.00003
0.00000
0.00003
-0.00003
0.00000
0.00000
0.00003
-0.00006
0.00006
-0.00006
0.00003
0.00000
0.00000
0.00000
0.00000
-0.00003
0.00003
0.00000
0.00000
0.00000
-0.00003
0.00003
-0.00003
0.00006
-0.00006
0.00003
0.00000
-0.00006
0.00009
-0.00009
0.00009
-0.00006
0.00003
-0.00006
0.00006
-0.00003
0.00003
-0.00003
0.00000
0.00003
-0.00003
0.00003
-0.00003
0.00003
-0.00003
0.00003
-0.00003
0.00003
-0.00003
0.00000
0.00003
-0.00006
0.00006
-0.00003
0.00000
0.00003
-0.00006
0.00006
-0.00003
0.00000
0.00003
-0.00006
0.00009
-0.00009
0.00006
-0.00003
0.00000
0.00003
-0.00006
0.00006
-0.00003
0.00003
-0.00003
0.00000
0.00003
-0.00003
0.00003
-0.00003
0.00003
-0.00003
0.00003
-0.00006
0.00009
-0.00012
0.00015
-0.00015
0.00009
-0.00003
0.00000
0.00000
0.00003
-0.00006
0.00006
-0.00003
0.00000
0.00000
0.00003
-0.00003
0.00000
0.00003
-0.00006
0.00009
-0.00006
0.00000
0.00000
0.00000
0.00000
0.00006
-0.00009
0.00006
-0.00003
0.00000
0.00003
-0.00003
0.00003
-0.00003
0.00006
-0.00012
0.00015
-0.00015
0.00012
-0.00006
0.00000
0.00003
-0.00003
0.00000
0.00003
-0.00006
0.00009
-0.00012
0.00012
-0.00009
0.00006
-0.00003
0.00000
0.00000
0.00003
-0.00003
0.00000
0.00000
0.00000
0.00000
0.00003
-0.00006
0.00006
-0.00006
0.00006
-0.00006
0.00006
-0.00003
0.00003
-0.00006
0.00009
-0.00009
0.00009
-0.00006
0.00003
0.00000
0.00000
0.00000
-0.00003
0.00006
-0.00003
0.00003
-0.00006
0.00006
-0.00006
0.00006
-0.00003
-0.00003
0.00009
-0.00012
0.00012
-0.00012
0.00009
-0.00003
0.00000
0.00000
0.00000
0.00000
0.00000
0.00000
0.00000
-0.00003
0.00009
-0.00015
0.00018
-0.00018
0.00015
-0.00012
0.00009
-0.00003
0.00000
0.00000
-0.00003
0.00003
0.00000
-0.00003
0.00003
-0.00003
0.00003
-0.00003
0.00000
0.00003
-0.00003
0.00006
-0.00006
0.00000
0.00006
-0.00006
0.00006
-0.00003
0.00000
0.00000
0.00000
0.00000
0.00000
0.00000
0.00000
-0.00003
0.00009
-0.00015
0.00015
-0.00012
0.00006
0.00000
0.00000
-0.00003
0.00006
-0.00009
0.00009
-0.00003
-0.00003
0.00003
0.00000
-0.00003
0.00006
-0.00009
0.00009
-0.00006
0.00003
-0.00003
0.00003
-0.00003
0.00003
0.00000
-0.00003
0.00003
-0.00003
0.00000
0.00006
-0.00009
0.00009
-0.00009
0.00006
0.00000
-0.00003
0.00000
0.00003
-0.00006
0.00009
-0.00009
0.00006
-0.00006
0.00009
-0.00009
0.00009
-0.00012
0.00012
-0.00006
0.00000
0.00003
-0.00003
0.00000
0.00006
-0.00009
0.00006
-0.00003
0.00000
0.00003
-0.00003
0.00000
0.00000
0.00000
0.00000
0.00003
-0.00009
0.00009
-0.00006
0.00003
0.00003
-0.00006
0.00006
-0.00009
0.00009
-0.00006
0.00009
-0.00012
0.00009
-0.00009
0.00009
-0.00003
0.00000
-0.00003
0.00003
0.00000
0.00000
0.00000
0.00000
-0.00003
0.00006
-0.00006
0.00003
0.00003
-0.00006
0.00003
0.00000
-0.00003
0.00006
-0.00006
0.00006
-0.00003
0.00000
0.00000
0.00000
0.00003
-0.00003
0.00003
-0.00003
0.00003
-0.00003
0.00003
-0.00003
0.00003
-0.00003
0.00006
-0.00006
0.00003
-0.00003
0.00003
0.00000
0.00000
-0.00003
0.00003
0.00000
-0.00003
0.00003
-0.00003
0.00003
0.00000
-0.00003
0.00003
0.00000
0.00000
-0.00003
0.00003
-0.00003
0.00003
0.00000
-0.00003
0.00003
-0.00003
0.00003
-0.00003
0.00003
-0.00003
0.00003
-0.00003
0.00003
-0.00003
0.00003
-0.00003
0.00003
-0.00003
0.00003
-0.00003
0.00000
0.00006
-0.00012
0.00015
-0.00012
0.00006
0.00000
-0.00003
0.00003
-0.00003
0.00003
-0.00003
0.00006
-0.00009
0.00009
-0.00009
0.00009
-0.00009
0.00009
-0.00009
0.00009
-0.00009
0.00009
-0.00012
0.00015
-0.00015
0.00012
-0.00009
0.00003
0.00003
-0.00006
0.00006
-0.00006
0.00003
0.00000
0.00000
-0.00003
0.00006
-0.00006
0.00006
-0.00006
0.00003
0.00003
-0.00006
0.00009
-0.00012
0.00009
-0.00003
0.00000
0.00000
0.00000
0.00000
0.00000
0.00000
0.00000
0.00000
0.00000
0.00000
0.00003
-0.00006
0.00006
-0.00003
0.00000
0.00000
0.00003
-0.00006
0.00009
-0.00009
0.00006
-0.00006
0.00009
-0.00009
0.00006
-0.00003
0.00000
0.00000
0.00003
-0.00006
0.00006
-0.00006
0.00006
-0.00006
0.00006
-0.00003
-0.00003
0.00009
-0.00012
0.00009
-0.00003
-0.00003
0.00009
-0.00009
0.00003
0.00003
-0.00009
0.00015
-0.00015
0.00012
-0.00009
0.00006
-0.00003
0.00000
0.00003
-0.00003
0.00003
-0.00003
0.00000
0.00000
0.00006
-0.00009
0.00009
-0.00009
0.00006
-0.00003
0.00000
0.00003
-0.00006
0.00009
-0.00009
0.00006
-0.00003
0.00000
0.00003
-0.00003
0.00003
-0.00003
0.00003
-0.00003
0.00000
0.00000
0.00000
0.00003
-0.00006
0.00006
-0.00006
0.00003
0.00000
0.00000
0.00000
0.00000
0.00000
0.00000
0.00003
-0.00003
0.00000
0.00000
0.00003
-0.00006
0.00012
-0.00018
0.00018
-0.00015
0.00012
-0.00009
0.00006
-0.00003
0.00000
0.00003
-0.00003
0.00000
0.00003
-0.00006
0.00009
-0.00009
0.00006
-0.00003
0.00003
-0.00003
0.00003
-0.00003
0.00003
-0.00003
0.00006
-0.00006
0.00006
-0.00006
0.00003
0.00000
0.00000
0.00000
0.00000
0.00000
-0.00003
0.00006
-0.00006
0.00006
-0.00006
0.00003
0.00000
0.00000
-0.00003
0.00003
0.00000
-0.00003
0.00006
-0.00012
0.00015
-0.00012
0.00006
-0.00003
0.00000
0.00006
-0.00006
0.00003
-0.00003
0.00003
0.00000
0.00000
-0.00003
0.00003
0.00000
0.00000
0.00000
-0.00003
0.00003
0.00000
0.00000
0.00000
-0.00003
0.00006
-0.00006
0.00006
-0.00006
0.00003
0.00003
-0.00006
0.00009
-0.00009
0.00003
0.00003
-0.00006
0.00009
-0.00009
0.00006
-0.00003
-0.00003
0.00006
-0.00003
0.00000
0.00003
-0.00006
0.00006
-0.00003
0.00003
-0.00006
0.00006
-0.00003
0.00003
-0.00003
0.00000
0.00003
-0.00003
0.00003
-0.00003
0.00000
0.00003
-0.00003
0.00003
-0.00003
0.00000
0.00003
-0.00003
0.00003
0.00000
-0.00006
0.00009
-0.00006
0.00003
0.00000
-0.00003
0.00006
-0.00009
0.00012
-0.00015
0.00015
-0.00012
0.00009
-0.00006
0.00003
-0.00003
0.00003
0.00000
-0.00003
0.00006
-0.00006
0.00003
0.00000
-0.00003
0.00006
-0.00006
0.00006
-0.00006
0.00006
-0.00006
0.00003
0.00000
0.00000
0.00000
-0.00003
0.00003
-0.00003
0.00006
-0.00009
0.00009
-0.00006
0.00000
0.00006
-0.00009
0.00009
-0.00006
0.00003
0.00000
-0.00003
0.00003
-0.00003
0.00003
0.00000
-0.00003
0.00003
-0.00003
0.00003
0.00000
-0.00003
0.00006
-0.00009
0.00009
-0.00006
0.00000
0.00006
-0.00009
0.00009
-0.00009
0.00006
-0.00003
0.00003
-0.00003
0.00000
0.00003
-0.00006
0.00009
-0.00009
0.00009
-0.00009
0.00009
-0.00012
0.00015
-0.00012
0.00006
0.00000
-0.00003
0.00003
0.00000
-0.00006
0.00012
-0.00012
0.00009
-0.00009
0.00006
0.00000
0.00000
0.00000
-0.00006
0.00012
-0.00018
0.00024
-0.00024
0.00021
-0.00018
0.00015
-0.00012
0.00012
-0.00012
0.00009
-0.00006
0.00003
0.00000
-0.00003
0.00003
-0.00003
0.00006
-0.00009
0.00009
-0.00009
0.00009
-0.00009
0.00012
-0.00015
0.00015
-0.00012
0.00006
0.00000
-0.00006
0.00009
-0.00009
0.00009
-0.00009
0.00006
-0.00003
0.00000
0.00000
0.00003
-0.00006
0.00006
-0.00003
0.00000
0.00003
-0.00006
0.00006
-0.00003
0.00003
-0.00003
0.00000
0.00003
-0.00003
0.00003
-0.00003
0.00003
-0.00003
0.00003
0.00000
-0.00006
0.00012
-0.00015
0.00015
-0.00012
0.00006
-0.00003
0.00006
-0.00009
0.00009
-0.00009
0.00006
0.00000
-0.00003
0.00003
-0.00003
0.00000
0.00006
-0.00009
0.00009
-0.00006
0.00003
0.00000
0.00000
-0.00003
0.00006
-0.00006
0.00006
-0.00006
0.00006
-0.00003
0.00000
0.00003
-0.00006
0.00006
-0.00003
0.00003
-0.00003
0.00003
-0.00006
0.00006
-0.00003
0.00000
0.00003
-0.00003
0.00000
0.00000
0.00000
0.00000
0.00003
-0.00003
-0.00003
0.00006
-0.00006
0.00003
0.00003
-0.00009
0.00009
-0.00006
0.00000
0.00006
-0.00009
0.00009
-0.00009
0.00006
-0.00003
0.00006
-0.00009
0.00009
-0.00009
0.00006
-0.00003
0.00003
-0.00003
0.00003
-0.00003
0.00000
0.00003
-0.00006
0.00006
-0.00006
0.00006
-0.00006
0.00006
-0.00006
0.00003
0.00000
0.00000
0.00000
0.00000
-0.00003
0.00006
-0.00003
0.00000
0.00003
-0.00006
0.00003
0.00003
-0.00006
0.00009
-0.00009
0.00003
0.00003
-0.00006
0.00009
-0.00009
0.00003
0.00003
-0.00003
0.00003
-0.00006
0.00006
-0.00006
0.00009
-0.00009
0.00006
-0.00006
0.00006
-0.00003
0.00000
0.00003
-0.00006
0.00006
-0.00003
0.00000
0.00003
-0.00003
0.00000
0.00003
-0.00006
0.00006
-0.00003
0.00000
0.00003
-0.00003
-0.00003
0.00009
-0.00009
0.00009
-0.00006
0.00000
0.00003
-0.00003
0.00003
0.00000
-0.00003
0.00006
-0.00009
0.00009
-0.00006
0.00003
0.00000
-0.00003
0.00003
-0.00003
0.00000
0.00003
-0.00006
0.00006
-0.00003
-0.00003
0.00006
-0.00006
0.00003
0.00000
-0.00003
0.00006
-0.00006
0.00006
-0.00009
0.00012
-0.00012
0.00012
-0.00009
0.00003
0.00000
0.00000
0.00000
0.00000
0.00000
-0.00003
0.00006
-0.00006
0.00006
-0.00009
0.00009
-0.00009
0.00009
-0.00003
-0.00003
0.00003
-0.00003
0.00000
0.00006
-0.00006
0.00003
-0.00003
0.00003
0.00000
-0.00003
0.00006
-0.00012
0.00015
-0.00009
0.00000
0.00006
-0.00009
0.00009
-0.00006
0.00003
0.00000
-0.00003
0.00006
-0.00009
0.00009
-0.00003
-0.00003
0.00003
-0.00003
0.00006
-0.00006
0.00003
-0.00003
0.00006
-0.00009
0.00012
-0.00012
0.00009
-0.00003
-0.00003
0.00006
-0.00006
0.00003
0.00000
0.00000
0.00000
0.00000
-0.00003
0.00006
-0.00009
0.00009
-0.00006
0.00003
-0.00003
0.00003
-0.00003
0.00003
-0.00003
0.00003
-0.00006
0.00009
-0.00009
0.00006
-0.00003
0.00000
0.00003
-0.00006
0.00006
-0.00003
0.00000
0.00000
0.00000
0.00000
0.00000
0.00003
-0.00006
0.00006
-0.00003
0.00000
0.00000
0.00000
0.00003
-0.00006
0.00006
-0.00003
-0.00003
0.00009
-0.00012
0.00012
-0.00009
0.00003
0.00003
-0.00006
0.00006
-0.00006
0.00003
0.00000
0.00000
0.00000
0.00000
0.00000
0.00000
-0.00003
0.00006
-0.00003
0.00000
0.00003
-0.00006
0.00006
0.00000
-0.00006
0.00009
-0.00006
0.00000
0.00006
-0.00012
0.00015
-0.00015
0.00015
-0.00015
0.00012
-0.00009
0.00003
0.00003
-0.00003
0.00003
-0.00003
0.00003
-0.00006
0.00009
-0.00006
0.00003
0.00000
-0.00003
0.00000
0.00006
-0.00009
0.00009
-0.00006
0.00000
0.00006
-0.00009
0.00009
-0.00003
-0.00003
0.00003
0.00000
0.00000
0.00000
0.00003
-0.00006
0.00006
-0.00003
-0.00003
0.00006
-0.00003
0.00000
0.00003
-0.00009
0.00012
-0.00009
0.00006
-0.00003
0.00000
0.00003
-0.00006
0.00009
-0.00009
0.00006
0.00000
-0.00006
0.00009
-0.00009
0.00006
-0.00003
0.00003
-0.00006
0.00009
-0.00009
0.00006
-0.00003
0.00003
-0.00003
0.00003
-0.00003
0.00003
0.00000
-0.00003
0.00003
0.00000
-0.00003
0.00003
-0.00003
0.00003
-0.00003
0.00003
-0.00006
0.00009
-0.00006
0.00000
0.00003
-0.00003
0.00003
-0.00003
0.00003
-0.00003
0.00003
-0.00003
0.00000
0.00003
-0.00003
0.00000
0.00003
-0.00003
0.00003
0.00000
-0.00003
0.00003
-0.00003
0.00006
-0.00009
0.00012
-0.00012
0.00009
-0.00003
-0.00003
0.00003
0.00000
-0.00003
0.00006
-0.00003
-0.00003
0.00003
-0.00003
0.00006
-0.00006
0.00006
-0.00009
0.00009
-0.00006
0.00003
0.00000
0.00000
0.00000
0.00000
-0.00003
0.00006
-0.00003
0.00000
0.00000
-0.00003
0.00006
-0.00003
0.00000
0.00000
-0.00003
0.00006
-0.00003
0.00000
0.00000
0.00000
0.00000
0.00000
0.00000
0.00000
-0.00003
0.00006
-0.00006
0.00003
-0.00003
0.00003
-0.00003
0.00003
0.00000
-0.00006
0.00009
-0.00009
0.00006
0.00000
-0.00006
0.00009
-0.00009
0.00006
-0.00003
0.00000
0.00000
0.00003
-0.00006
0.00009
-0.00012
0.00009
0.00000
-0.00006
0.00009
-0.00009
0.00006
0.00000
-0.00006
0.00009
-0.00006
0.00003
0.00000
-0.00003
0.00003
0.00000
-0.00003
0.00003
0.00000
0.00000
-0.00003
0.00003
0.00000
-0.00006
0.00012
-0.00015
0.00012
-0.00006
0.00000
0.00003
-0.00003
0.00000
0.00003
-0.00006
0.00006
-0.00006
0.00006
-0.00003
-0.00003
0.00006
