-0.00006
0.00009
-0.00006
0.00006
0.00000
0.00003
0.00027
0.00018
0.00058
0.00073
0.00110
0.00156
0.00198
0.00269
0.00327
0.00421
0.00491
0.00595
0.00702
0.00812
0.00946
0.01056
0.01224
0.01346
0.01508
0.01685
0.01819
0.02036
0.02170
0.02393
0.02563
0.02747
0.02985
0.03128
0.03403
0.03549
0.03802
0.03998
0.04224
0.04465
0.04630
0.04941
0.05063
0.05392
0.05563
0.05795
0.06097
0.06195
0.06610
0.06647
0.07077
0.07181
0.07462
0.07599
0.06107
0.00195
-0.09879
-0.10672
-0.08017
-0.11343
-0.10651
-0.10526
-0.11432
-0.10178
-0.10754
-0.09848
-0.09546
-0.09201
-0.08331
-0.08212
-0.07263
-0.07047
-0.06329
-0.05890
-0.05511
-0.04892
-0.04727
-0.04123
-0.03970
-0.03571
-0.03302
-0.03137
-0.02774
-0.02753
-0.02405
-0.02368
-0.02161
-0.02017
-0.01968
-0.01724
-0.01752
-0.01511
-0.01498
-0.01343
-0.01230
-0.01178
-0.00967
-0.00967
-0.00739
-0.00711
-0.00531
-0.00418
-0.00317
-0.00119
-0.00073
0.00162
0.00217
0.00409
0.00546
0.00656
0.00873
0.00928
0.01172
0.01239
0.01434
0.01584
0.01688
0.01920
0.01968
0.02213
0.02292
0.02469
0.02640
0.02725
0.02960
0.03009
0.03250
0.03323
0.03513
0.03668
0.03754
0.03995
0.04025
0.04291
0.04343
0.04544
0.04684
0.04785
0.05017
0.05051
0.05316
0.05365
0.05569
0.05713
0.05795
0.06061
0.06055
0.06366
0.06375
0.06604
0.06738
0.06805
0.07120
0.07050
0.07446
0.07361
0.07651
0.07773
0.07822
0.08176
0.06863
0.01849
-0.09164
-0.12219
-0.08435
-0.11469
-0.11563
-0.10648
-0.11951
-0.10620
-0.10983
-0.10361
-0.09732
-0.09576
-0.08548
-0.08395
-0.07513
-0.07101
-0.06558
-0.05908
-0.05637
-0.04929
-0.04749
-0.04181
-0.03943
-0.03619
-0.03262
-0.03152
-0.02753
-0.02734
-0.02417
-0.02328
-0.02194
-0.01974
-0.01987
-0.01721
-0.01749
-0.01547
-0.01480
-0.01392
-0.01221
-0.01215
-0.00992
-0.00986
-0.00793
-0.00714
-0.00592
-0.00418
-0.00378
-0.00140
-0.00113
0.00116
0.00204
0.00348
0.00543
0.00595
0.00854
0.00897
0.01129
0.01233
0.01382
0.01578
0.01648
0.01895
0.01956
0.02170
0.02292
0.02426
0.02634
0.02686
0.02954
0.02985
0.03223
0.03326
0.03464
0.03659
0.03732
0.03970
0.04022
0.04251
0.04343
0.04489
0.04691
0.04742
0.05005
0.05035
0.05264
0.05368
0.05502
0.05716
0.05746
0.06039
0.06030
0.06296
0.06375
0.06516
0.06750
0.06732
0.07086
0.07004
0.07330
0.07376
0.07520
0.07797
0.07660
0.08096
0.07098
0.03235
-0.07104
-0.12744
-0.08698
-0.10681
-0.11972
-0.10425
-0.11914
-0.10837
-0.10834
-0.10611
-0.09686
-0.09720
-0.08661
-0.08456
-0.07693
-0.07129
-0.06729
-0.05957
-0.05740
-0.05045
-0.04782
-0.04327
-0.03940
-0.03738
-0.03284
-0.03220
-0.02820
-0.02737
-0.02505
-0.02310
-0.02258
-0.01990
-0.02014
-0.01764
-0.01740
-0.01593
-0.01474
-0.01431
-0.01233
-0.01233
-0.01016
-0.00986
-0.00830
-0.00705
-0.00641
-0.00421
-0.00397
-0.00168
-0.00107
0.00067
0.00214
0.00302
0.00534
0.00574
0.00830
0.00882
0.01093
0.01224
0.01340
0.01566
0.01620
0.01862
0.01944
0.02118
0.02283
0.02383
0.02612
0.02664
0.02902
0.02979
0.03165
0.03311
0.03421
0.03638
0.03693
0.03931
0.04001
0.04187
0.04349
0.04419
0.04684
0.04688
0.04965
0.05014
0.05200
0.05380
0.05426
0.05713
0.05688
0.06006
0.06021
0.06235
0.06396
0.06439
0.06757
0.06689
0.07056
0.07034
0.07266
0.07431
0.07440
0.07831
0.07669
0.08160
0.07535
0.04437
-0.05081
-0.12820
-0.09357
-0.09952
-0.12326
-0.10443
-0.11768
-0.11148
-0.10690
-0.10876
-0.09729
-0.09827
-0.08844
-0.08456
-0.07907
-0.07150
-0.06885
-0.06024
-0.05823
-0.05136
-0.04810
-0.04425
-0.03967
-0.03793
-0.03333
-0.03229
-0.02878
-0.02725
-0.02567
-0.02298
-0.02298
-0.01999
-0.02014
-0.01797
-0.01730
-0.01639
-0.01465
-0.01462
-0.01236
-0.01248
-0.01056
-0.00983
-0.00879
-0.00705
-0.00674
-0.00452
-0.00409
-0.00220
-0.00119
0.00018
0.00198
0.00259
0.00507
0.00543
0.00775
0.00879
0.01019
0.01224
0.01297
0.01520
0.01605
0.01804
0.01935
0.02063
0.02283
0.02322
0.02594
0.02631
0.02856
0.02985
0.03094
0.03323
0.03360
0.03632
0.03662
0.03894
0.04010
0.04129
0.04349
0.04379
0.04672
0.04675
0.04932
0.05020
0.05154
0.05380
0.05396
0.05701
0.05695
0.05966
0.06033
0.06177
0.06412
0.06409
0.06750
0.06689
0.06998
0.07059
0.07184
0.07471
0.07382
0.07837
0.07642
0.08063
0.07773
0.05521
-0.02637
-0.12280
-0.10196
-0.09094
-0.12350
-0.10568
-0.11453
-0.11456
-0.10532
-0.11023
-0.09808
-0.09848
-0.09048
-0.08472
-0.08099
-0.07205
-0.06992
-0.06165
-0.05859
-0.05310
-0.04822
-0.04568
-0.03989
-0.03888
-0.03394
-0.03262
-0.02972
-0.02728
-0.02637
-0.02325
-0.02328
-0.02048
-0.02023
-0.01862
-0.01718
-0.01694
-0.01468
-0.01501
-0.01276
-0.01248
-0.01111
-0.00970
-0.00934
-0.00717
-0.00702
-0.00488
-0.00412
-0.00281
-0.00095
-0.00049
0.00195
0.00235
0.00458
0.00562
0.00711
0.00888
0.00977
0.01208
0.01263
0.01508
0.01584
0.01770
0.01929
0.02026
0.02261
0.02310
0.02557
0.02634
0.02811
0.02975
0.03067
0.03296
0.03357
0.03583
0.03671
0.03830
0.04013
0.04083
0.04333
0.04367
0.04605
0.04691
0.04849
0.05035
0.05093
0.05362
0.05365
0.05640
0.05695
0.05865
0.06061
0.06094
0.06393
0.06366
0.06662
0.06696
0.06891
0.07086
0.07083
0.07440
0.07321
0.07736
0.07663
0.07925
0.07895
0.05997
-0.00784
-0.11261
-0.11139
-0.08664
-0.12152
-0.10944
-0.11093
-0.11719
-0.10522
-0.11050
-0.10037
-0.09787
-0.09293
-0.08463
-0.08255
-0.07318
-0.07050
-0.06329
-0.05865
-0.05466
-0.04837
-0.04675
-0.04053
-0.03931
-0.03476
-0.03262
-0.03058
-0.02728
-0.02695
-0.02353
-0.02332
-0.02109
-0.01996
-0.01917
-0.01712
-0.01727
-0.01486
-0.01495
-0.01312
-0.01236
-0.01144
-0.00986
-0.00946
-0.00739
-0.00708
-0.00513
-0.00421
-0.00317
-0.00104
-0.00079
0.00180
0.00214
0.00424
0.00546
0.00665
0.00885
0.00931
0.01190
0.01236
0.01462
0.01575
0.01721
0.01913
0.01984
0.02231
0.02292
0.02496
0.02631
0.02740
0.02979
0.03009
0.03271
0.03320
0.03537
0.03653
0.03787
0.03989
0.04044
0.04294
0.04343
0.04556
0.04688
0.04794
0.05023
0.05048
0.05334
0.05353
0.05594
0.05695
0.05826
0.06049
0.06058
0.06378
0.06360
0.06631
0.06726
0.06830
0.07108
0.07053
0.07455
0.07361
0.07712
0.07727
0.07870
0.08118
0.06735
0.01254
-0.09836
-0.12079
-0.08405
-0.11694
-0.11423
-0.10764
-0.11938
-0.10583
-0.11026
-0.10269
-0.09763
-0.09506
-0.08530
-0.08374
-0.07449
-0.07098
-0.06485
-0.05899
-0.05594
-0.04901
-0.04727
-0.04144
-0.03928
-0.03583
-0.03259
-0.03128
-0.02740
-0.02716
-0.02396
-0.02328
-0.02161
-0.01984
-0.01968
-0.01712
-0.01743
-0.01523
-0.01486
-0.01376
-0.01218
-0.01208
-0.00964
-0.01004
-0.00757
-0.00726
-0.00571
-0.00418
-0.00369
-0.00125
-0.00104
0.00119
0.00214
0.00354
0.00552
0.00610
0.00854
0.00909
0.01132
0.01239
0.01398
0.01575
0.01666
0.01895
0.01959
0.02182
0.02298
0.02432
0.02637
0.02704
0.02945
0.03000
0.03229
0.03329
0.03479
0.03668
0.03726
0.03998
0.04010
0.04276
0.04343
0.04510
0.04691
0.04749
0.05026
0.05026
0.05310
0.05353
0.05527
0.05722
0.05762
0.06058
0.06039
0.06317
0.06387
0.06528
0.06769
0.06747
0.07111
0.07016
0.07370
0.07364
0.07565
0.07785
0.07727
0.08124
0.07037
0.02835
-0.07724
-0.12579
-0.08591
-0.10925
-0.11838
-0.10464
-0.11932
-0.10745
-0.10889
-0.10529
-0.09692
-0.09680
-0.08603
-0.08453
-0.07626
-0.07129
-0.06671
-0.05936
-0.05722
-0.04990
-0.04794
-0.04269
-0.03952
-0.03696
-0.03281
-0.03201
-0.02798
-0.02744
-0.02469
-0.02335
-0.02222
-0.01999
-0.01999
-0.01755
-0.01755
-0.01559
-0.01495
-0.01407
-0.01236
-0.01227
-0.01007
-0.00989
-0.00818
-0.00705
-0.00626
-0.00421
-0.00394
-0.00156
-0.00110
0.00085
0.00208
0.00323
0.00534
0.00580
0.00839
0.00891
0.01105
0.01233
0.01349
0.01575
0.01630
0.01874
0.01953
0.02133
0.02292
0.02393
0.02628
0.02667
0.02927
0.02982
0.03180
0.03326
0.03427
0.03656
0.03699
0.03949
0.04007
0.04208
0.04340
0.04453
0.04678
0.04712
0.04971
0.05020
0.05225
0.05362
0.05463
0.05707
0.05707
0.06009
0.06012
0.06259
0.06384
0.06464
0.06750
0.06689
0.07068
0.07010
0.07297
0.07404
0.07471
0.07791
0.07660
0.08130
0.07382
0.03992
-0.05884
-0.12939
-0.09061
-0.10199
-0.12259
-0.10419
-0.11862
-0.11023
-0.10739
-0.10791
-0.09708
-0.09811
-0.08752
-0.08481
-0.07809
-0.07150
-0.06815
-0.06021
-0.05774
-0.05115
-0.04788
-0.04395
-0.03949
-0.03784
-0.03308
-0.03229
-0.02853
-0.02728
-0.02536
-0.02313
-0.02280
-0.01990
-0.02020
-0.01782
-0.01724
-0.01636
-0.01456
-0.01456
-0.01239
-0.01227
-0.01053
-0.00967
-0.00879
-0.00693
-0.00668
-0.00430
-0.00412
-0.00198
-0.00116
0.00037
0.00198
0.00284
0.00510
0.00562
0.00784
0.00885
0.01041
0.01230
0.01300
0.01550
0.01596
0.01828
0.01932
0.02084
0.02277
0.02350
0.02585
0.02649
0.02869
0.02979
0.03113
0.03329
0.03366
0.03638
0.03665
0.03909
0.04001
0.04150
0.04340
0.04407
0.04657
0.04694
0.04932
0.05026
0.05173
0.05371
0.05417
0.05692
0.05710
0.05963
0.06052
0.06186
0.06409
0.06427
0.06744
0.06714
0.07019
0.07056
0.07214
0.07465
0.07410
0.07858
0.07669
0.08115
0.07709
0.05182
-0.03397
-0.12537
-0.09946
-0.09366
-0.12354
-0.10544
-0.11536
-0.11377
-0.10583
-0.10980
-0.09784
-0.09833
-0.08978
-0.08466
-0.08047
-0.07169
-0.06970
-0.06104
-0.05847
-0.05249
-0.04816
-0.04520
-0.03979
-0.03854
-0.03366
-0.03250
-0.02942
-0.02722
-0.02615
-0.02310
-0.02316
-0.02036
-0.02017
-0.01840
-0.01724
-0.01675
-0.01471
-0.01483
-0.01266
-0.01251
-0.01089
-0.00983
-0.00909
-0.00720
-0.00696
-0.00470
-0.00427
-0.00253
-0.00110
-0.00027
0.00198
0.00235
0.00479
0.00543
0.00739
0.00885
0.00983
0.01224
0.01260
0.01517
0.01590
0.01779
0.01935
0.02036
0.02271
0.02313
0.02570
0.02634
0.02829
0.02982
0.03073
0.03314
0.03351
0.03607
0.03662
0.03867
0.04001
0.04105
0.04340
0.04373
0.04642
0.04675
0.04883
0.05032
0.05112
0.05377
0.05368
0.05673
0.05682
0.05905
0.06049
0.06125
0.06403
0.06372
0.06696
0.06689
0.06927
0.07065
0.07126
0.07446
0.07330
0.07748
0.07632
0.07959
0.07858
0.05804
-0.01401
-0.11649
-0.10754
-0.08783
-0.12234
-0.10812
-0.11194
-0.11633
-0.10501
-0.11044
-0.09949
-0.09814
-0.09195
-0.08475
-0.08200
-0.07266
-0.07050
-0.06259
-0.05881
-0.05405
-0.04843
-0.04633
-0.04044
-0.03906
-0.03473
-0.03244
-0.03049
-0.02716
-0.02689
-0.02341
-0.02344
-0.02087
-0.02005
-0.01901
-0.01715
-0.01721
-0.01477
-0.01501
-0.01297
-0.01242
-0.01132
-0.00980
-0.00946
-0.00726
-0.00705
-0.00510
-0.00415
-0.00299
-0.00107
-0.00061
0.00180
0.00226
0.00439
0.00549
0.00684
0.00885
0.00952
0.01196
0.01245
0.01483
0.01572
0.01743
0.01920
0.02002
0.02243
0.02295
0.02518
0.02637
0.02765
0.02975
0.03027
0.03287
0.03329
0.03540
0.03674
0.03781
0.04016
0.04037
0.04321
0.04337
0.04575
0.04681
0.04816
0.05023
0.05066
0.05328
0.05353
0.05606
0.05701
0.05832
0.06052
0.06061
0.06384
0.06354
0.06647
0.06714
0.06848
0.07098
0.07056
0.07452
0.07343
0.07721
0.07727
0.07877
0.08047
0.06464
0.00568
-0.10431
-0.11874
-0.08463
-0.11850
-0.11316
-0.10837
-0.11920
-0.10550
-0.11044
-0.10202
-0.09741
-0.09467
-0.08481
-0.08359
-0.07382
-0.07092
-0.06424
-0.05884
-0.05545
-0.04883
-0.04700
-0.04117
-0.03912
-0.03555
-0.03247
-0.03110
-0.02728
-0.02710
-0.02371
-0.02335
-0.02136
-0.01996
-0.01935
-0.01721
-0.01727
-0.01514
-0.01483
-0.01355
-0.01224
-0.01184
-0.00977
-0.00974
-0.00760
-0.00714
-0.00555
-0.00421
-0.00342
-0.00131
-0.00085
0.00131
0.00214
0.00385
0.00537
0.00638
0.00858
0.00919
0.01151
0.01233
0.01419
0.01572
0.01685
0.01898
0.01968
0.02194
0.02289
0.02463
0.02628
0.02716
0.02954
0.03003
0.03238
0.03326
0.03500
0.03662
0.03748
0.03989
0.04031
0.04269
0.04355
0.04523
0.04691
0.04770
0.05017
0.05045
0.05304
0.05371
0.05551
0.05710
0.05786
0.06058
0.06049
0.06360
0.06366
0.06577
0.06744
0.06787
0.07117
0.07034
0.07407
0.07370
0.07593
0.07794
0.07776
0.08160
0.06952
0.02338
-0.08408
-0.12396
-0.08478
-0.11215
-0.11694
-0.10541
-0.11942
-0.10669
-0.10941
-0.10446
-0.09708
-0.09628
-0.08575
-0.08426
-0.07562
-0.07126
-0.06616
-0.05917
-0.05682
-0.04950
-0.04779
-0.04230
-0.03940
-0.03668
-0.03268
-0.03177
-0.02780
-0.02734
-0.02454
-0.02328
-0.02209
-0.01990
-0.01993
-0.01736
-0.01755
-0.01553
-0.01492
-0.01398
-0.01224
-0.01230
-0.00992
-0.01004
-0.00787
-0.00723
-0.00601
-0.00433
-0.00375
-0.00153
-0.00110
0.00095
0.00214
0.00333
0.00537
0.00592
0.00842
0.00897
0.01117
0.01233
0.01370
0.01572
0.01645
0.01880
0.01953
0.02161
0.02286
0.02417
0.02621
0.02686
0.02933
0.02994
0.03198
0.03323
0.03448
0.03659
0.03714
0.03970
0.04007
0.04230
0.04343
0.04471
0.04688
0.04721
0.04996
0.05011
0.05261
0.05353
0.05484
0.05719
0.05716
0.06033
0.06012
0.06277
0.06378
0.06485
0.06754
0.06705
0.07065
0.07001
0.07318
0.07385
0.07492
0.07785
0.07648
0.08109
0.07217
0.03625
-0.06509
-0.12854
-0.08865
-0.10419
-0.12134
-0.10410
-0.11896
-0.10925
-0.10794
-0.10696
-0.09686
-0.09781
-0.08694
-0.08487
-0.07736
-0.07153
-0.06760
-0.05997
-0.05759
-0.05078
-0.04791
-0.04355
-0.03946
-0.03766
-0.03293
-0.03235
-0.02826
-0.02747
-0.02505
-0.02328
-0.02255
-0.02005
-0.02005
-0.01776
-0.01736
-0.01602
-0.01477
-0.01437
-0.01236
-0.01233
-0.01025
-0.00986
-0.00842
-0.00708
-0.00647
-0.00433
-0.00397
-0.00183
-0.00110
0.00046
0.00217
0.00278
0.00543
0.00546
0.00827
0.00873
0.01071
0.01224
0.01321
0.01563
0.01605
0.01846
0.01935
0.02103
0.02277
0.02371
0.02597
0.02655
0.02881
0.02982
0.03134
0.03323
0.03391
0.03641
0.03671
0.03918
0.04001
0.04169
0.04346
0.04410
0.04660
0.04694
0.04950
0.05014
0.05197
0.05362
0.05429
0.05692
0.05710
0.05981
0.06033
0.06223
0.06390
0.06436
0.06754
0.06699
0.07043
0.07050
0.07248
0.07443
0.07428
0.07852
0.07693
0.08160
0.07611
0.04822
-0.04230
-0.12701
-0.09665
-0.09668
-0.12347
-0.10495
-0.11655
-0.11261
-0.10660
-0.10913
-0.09778
-0.09811
-0.08926
-0.08450
-0.07983
-0.07156
-0.06927
-0.06061
-0.05832
-0.05191
-0.04807
-0.04483
-0.03958
-0.03836
-0.03339
-0.03241
-0.02908
-0.02719
-0.02594
-0.02301
-0.02310
-0.02005
-0.02020
-0.01822
-0.01724
-0.01663
-0.01459
-0.01477
-0.01251
-0.01251
-0.01071
-0.00986
-0.00897
-0.00705
-0.00690
-0.00458
-0.00430
-0.00223
-0.00122
-0.00012
0.00214
0.00232
0.00497
0.00540
0.00754
0.00885
0.01007
0.01208
0.01288
0.01511
0.01602
0.01791
0.01935
0.02048
0.02271
0.02325
0.02573
0.02640
0.02841
0.02982
0.03085
0.03314
0.03363
0.03613
0.03668
0.03885
0.03998
0.04120
0.04352
0.04373
0.04651
0.04694
0.04892
0.05045
0.05115
0.05396
0.05380
0.05692
0.05688
0.05936
0.06042
0.06149
0.06412
0.06393
0.06714
0.06702
0.06949
0.07068
0.07150
0.07468
0.07352
0.07788
0.07635
0.07996
0.07797
0.05673
-0.02011
-0.11957
-0.10443
-0.08911
-0.12302
-0.10687
-0.11313
-0.11545
-0.10510
-0.11029
-0.09872
-0.09836
-0.09125
-0.08466
-0.08148
-0.07242
-0.07007
-0.06235
-0.05850
-0.05377
-0.04819
-0.04614
-0.04010
-0.03903
-0.03439
-0.03253
-0.03015
-0.02716
-0.02676
-0.02319
-0.02350
-0.02063
-0.02017
-0.01886
-0.01712
-0.01712
-0.01474
-0.01508
-0.01279
-0.01248
-0.01123
-0.00974
-0.00943
-0.00720
-0.00708
-0.00491
-0.00418
-0.00284
-0.00104
-0.00061
0.00198
0.00220
0.00464
0.00549
0.00696
0.00894
0.00952
0.01218
0.01245
0.01505
0.01575
0.01752
0.01932
0.02008
0.02261
0.02295
0.02548
0.02625
0.02789
0.02982
0.03043
0.03299
0.03333
0.03568
0.03668
0.03815
0.04001
0.04071
0.04321
0.04352
0.04596
0.04672
0.04840
0.05026
0.05075
0.05350
0.05362
0.05603
0.05707
0.05841
0.06064
0.06070
0.06387
0.06342
0.06671
0.06696
0.06873
0.07086
0.07065
0.07449
0.07318
0.07736
0.07697
0.07892
0.07959
0.06213
-0.00085
-0.10849
-0.11514
-0.08582
-0.12018
-0.11127
-0.10956
-0.11835
-0.10538
-0.11057
-0.10120
-0.09760
-0.09387
-0.08463
-0.08325
-0.07330
-0.07089
-0.06369
-0.05875
-0.05505
-0.04861
-0.04691
-0.04080
-0.03925
-0.03516
-0.03247
-0.03088
-0.02725
-0.02704
-0.02359
-0.02335
-0.02118
-0.01993
-0.01935
-0.01709
-0.01730
-0.01495
-0.01489
-0.01337
-0.01218
-0.01184
-0.00955
-0.00983
-0.00726
-0.00720
-0.00537
-0.00421
-0.00323
-0.00125
-0.00070
0.00143
0.00223
0.00397
0.00543
0.00653
0.00870
0.00928
0.01160
0.01248
0.01425
0.01584
0.01694
0.01913
0.01968
0.02216
0.02286
0.02475
0.02634
0.02728
0.02960
0.03009
0.03250
0.03323
0.03510
0.03674
0.03748
0.04001
0.04022
0.04291
0.04346
0.04541
0.04691
0.04776
0.05026
0.05035
0.05334
0.05353
0.05576
0.05707
0.05795
0.06064
0.06052
0.06369
0.06369
0.06610
0.06732
0.06808
0.07120
0.07050
0.07440
0.07364
0.07645
0.07779
0.07819
0.08170
0.06882
0.01840
-0.09122
-0.12250
-0.08411
-0.11481
-0.11551
-0.10663
-0.11932
-0.10632
-0.10977
-0.10361
-0.09738
-0.09567
-0.08560
-0.08392
-0.07510
-0.07108
-0.06561
-0.05902
-0.05652
-0.04910
-0.04764
-0.04175
-0.03943
-0.03629
-0.03253
-0.03159
-0.02756
-0.02722
-0.02432
-0.02319
-0.02197
-0.01978
-0.01987
-0.01718
-0.01755
-0.01538
-0.01489
-0.01385
-0.01227
-0.01215
-0.00989
-0.00989
-0.00790
-0.00717
-0.00589
-0.00424
-0.00372
-0.00146
-0.00107
0.00110
0.00211
0.00345
0.00543
0.00595
0.00854
0.00900
0.01120
0.01248
0.01367
0.01584
0.01645
0.01901
0.01947
0.02179
0.02280
0.02441
0.02615
0.02707
0.02933
0.02997
0.03223
0.03320
0.03464
0.03668
0.03717
0.03986
0.04016
0.04242
0.04358
0.04477
0.04700
0.04733
0.05011
0.05032
0.05264
0.05371
0.05496
0.05719
0.05746
0.06036
0.06033
0.06290
0.06381
0.06512
0.06747
0.06738
0.07077
0.07013
0.07330
0.07364
0.07538
0.07776
0.07678
0.08081
0.07101
0.03253
-0.07098
-0.12741
-0.08704
-0.10681
-0.11960
-0.10443
-0.11896
-0.10852
-0.10822
-0.10623
-0.09674
-0.09735
-0.08655
-0.08453
-0.07706
-0.07120
-0.06735
-0.05954
-0.05750
-0.05032
-0.04794
-0.04312
-0.03952
-0.03735
-0.03287
-0.03214
-0.02829
-0.02728
-0.02509
-0.02310
-0.02264
-0.01984
-0.02023
-0.01749
-0.01752
-0.01593
-0.01468
-0.01440
-0.01221
-0.01242
-0.01010
-0.00989
-0.00833
-0.00696
-0.00653
-0.00406
-0.00412
-0.00159
-0.00107
0.00058
0.00226
0.00290
0.00543
0.00574
0.00818
0.00900
0.01074
0.01236
0.01334
0.01566
0.01624
0.01855
0.01950
0.02112
0.02289
0.02377
0.02612
0.02664
0.02902
0.02982
0.03152
0.03326
0.03406
0.03653
0.03680
0.03937
0.03998
0.04184
0.04349
0.04419
0.04688
0.04678
0.04974
0.05002
0.05222
0.05356
0.05447
0.05692
0.05707
0.05994
0.06027
0.06232
0.06400
0.06436
0.06754
0.06696
0.07056
0.07028
0.07275
0.07422
0.07443
0.07840
0.07657
0.08173
0.07529
0.04456
-0.05063
-0.12820
-0.09354
-0.09967
-0.12302
-0.10464
-0.11755
-0.11157
-0.10690
-0.10867
-0.09747
-0.09811
-0.08856
-0.08447
-0.07922
-0.07141
-0.06882
-0.06042
-0.05798
-0.05161
-0.04791
-0.04440
-0.03952
-0.03815
-0.03317
-0.03238
-0.02875
-0.02725
-0.02563
-0.02307
-0.02295
-0.01996
-0.02017
-0.01794
-0.01736
-0.01633
-0.01474
-0.01453
-0.01248
-0.01239
-0.01059
-0.00980
-0.00885
-0.00705
-0.00671
-0.00452
-0.00412
-0.00220
-0.00113
0.00006
0.00211
0.00256
0.00500
0.00552
0.00766
0.00885
0.01016
0.01227
0.01288
0.01532
0.01593
0.01810
0.01932
0.02072
0.02271
0.02332
0.02582
0.02643
0.02853
0.02982
0.03101
0.03317
0.03366
0.03625
0.03665
0.03897
0.04004
0.04135
0.04343
0.04391
0.04654
0.04691
0.04922
0.05023
0.05154
0.05380
0.05392
0.05710
0.05685
0.05966
0.06036
0.06174
0.06418
0.06400
0.06754
0.06693
0.06992
0.07059
0.07184
0.07474
0.07379
0.07831
0.07648
0.08057
0.07782
0.05511
-0.02609
-0.12274
-0.10211
-0.09076
-0.12360
-0.10568
-0.11441
-0.11469
-0.10529
-0.11020
-0.09814
-0.09845
-0.09048
-0.08478
-0.08096
-0.07208
-0.06995
-0.06161
-0.05859
-0.05316
-0.04816
-0.04578
-0.03983
-0.03894
-0.03394
-0.03259
-0.02975
-0.02731
-0.02631
-0.02332
-0.02319
-0.02066
-0.02002
-0.01877
-0.01715
-0.01691
-0.01480
-0.01489
-0.01279
-0.01251
-0.01102
-0.00986
-0.00922
-0.00726
-0.00693
-0.00494
-0.00412
-0.00278
-0.00101
-0.00043
0.00189
0.00232
0.00470
0.00546
0.00720
0.00885
0.00974
0.01208
0.01270
0.01498
0.01590
0.01767
0.01932
0.02026
0.02258
0.02313
0.02554
0.02634
0.02811
0.02975
0.03061
0.03311
0.03333
0.03604
0.03659
0.03836
0.04013
0.04083
0.04333
0.04364
0.04614
0.04681
0.04858
0.05026
0.05096
0.05359
0.05371
0.05630
0.05695
0.05875
0.06049
0.06100
0.06396
0.06357
0.06665
0.06699
0.06888
0.07092
0.07074
0.07443
0.07321
0.07736
0.07663
0.07925
0.07898
0.05994
-0.00754
-0.11267
-0.11130
-0.08673
-0.12146
-0.10953
-0.11081
-0.11734
-0.10507
-0.11069
-0.10022
-0.09799
-0.09280
-0.08475
-0.08258
-0.07309
-0.07059
-0.06323
-0.05872
-0.05457
-0.04852
-0.04660
-0.04068
-0.03915
-0.03488
-0.03253
-0.03067
-0.02719
-0.02707
-0.02335
-0.02356
-0.02087
-0.02011
-0.01910
-0.01718
-0.01721
-0.01489
-0.01492
-0.01315
-0.01233
-0.01154
-0.00974
-0.00955
-0.00732
-0.00714
-0.00510
-0.00427
-0.00305
-0.00119
-0.00067
0.00171
0.00220
0.00421
0.00549
0.00662
0.00885
0.00934
0.01187
0.01245
0.01443
0.01593
0.01706
0.01920
0.01993
0.02213
0.02304
0.02490
0.02628
0.02753
0.02966
0.03018
0.03262
0.03326
0.03531
0.03656
0.03787
0.03986
0.04047
0.04291
0.04340
0.04562
0.04684
0.04791
0.05026
0.05045
0.05331
0.05359
0.05585
0.05707
0.05811
0.06061
0.06052
0.06378
0.06366
0.06622
0.06732
0.06824
0.07111
0.07059
0.07440
0.07379
0.07693
0.07742
0.07861
0.08121
0.06750
0.01260
-0.09808
-0.12091
-0.08392
-0.11700
-0.11423
-0.10764
-0.11935
-0.10590
-0.11017
-0.10287
-0.09741
-0.09528
-0.08517
-0.08380
-0.07449
-0.07095
-0.06497
-0.05896
-0.05594
-0.04901
-0.04724
-0.04150
-0.03928
-0.03583
-0.03256
-0.03134
-0.02737
-0.02719
-0.02386
-0.02341
-0.02161
-0.01984
-0.01962
-0.01715
-0.01743
-0.01523
-0.01489
-0.01373
-0.01221
-0.01199
-0.00980
-0.00989
-0.00775
-0.00711
-0.00583
-0.00415
-0.00363
-0.00134
-0.00104
0.00125
0.00204
0.00369
0.00537
0.00616
0.00854
0.00903
0.01141
0.01227
0.01404
0.01578
0.01660
0.01895
0.01962
0.02179
0.02298
0.02438
0.02631
0.02701
0.02957
0.02985
0.03247
0.03308
0.03503
0.03641
0.03754
0.03973
0.04028
0.04263
0.04352
0.04501
0.04700
0.04742
0.05026
0.05032
0.05298
0.05365
0.05521
0.05725
0.05759
0.06058
0.06036
0.06323
0.06378
0.06537
0.06757
0.06754
0.07111
0.07010
0.07376
0.07358
0.07568
0.07782
0.07727
0.08121
0.07043
0.02844
-0.07709
-0.12576
-0.08609
-0.10898
-0.11856
-0.10455
-0.11932
-0.10754
-0.10876
-0.10541
-0.09683
-0.09689
-0.08600
-0.08459
-0.07620
-0.07135
-0.06665
-0.05948
-0.05710
-0.05002
-0.04785
-0.04276
-0.03949
-0.03702
-0.03278
-0.03201
-0.02802
-0.02740
-0.02475
-0.02325
-0.02234
-0.01990
-0.02008
-0.01746
-0.01758
-0.01575
-0.01474
-0.01422
-0.01230
-0.01230
-0.01010
-0.00989
-0.00815
-0.00711
-0.00616
-0.00430
-0.00391
-0.00162
-0.00098
0.00070
0.00220
0.00314
0.00531
0.00595
0.00824
0.00903
0.01093
0.01236
0.01352
0.01575
0.01627
0.01877
0.01944
0.02142
0.02292
0.02386
0.02628
0.02673
0.02917
0.02991
0.03171
0.03329
0.03424
0.03659
0.03699
0.03943
0.04013
0.04202
0.04337
0.04459
0.04675
0.04712
0.04971
0.05014
0.05228
0.05368
0.05450
0.05716
0.05701
0.06009
0.06018
0.06256
0.06381
0.06467
0.06747
0.06689
0.07065
0.07019
0.07285
0.07416
0.07455
0.07803
0.07657
0.08130
0.07385
0.04007
-0.05862
-0.12943
-0.09058
-0.10205
-0.12250
-0.10425
-0.11853
-0.11029
-0.10745
-0.10788
-0.09705
-0.09811
-0.08755
-0.08484
-0.07813
-0.07144
-0.06824
-0.06009
-0.05792
-0.05103
-0.04794
-0.04391
-0.03958
-0.03775
-0.03317
-0.03223
-0.02856
-0.02728
-0.02539
-0.02313
-0.02274
-0.02002
-0.02011
-0.01782
-0.01733
-0.01624
-0.01468
-0.01447
-0.01248
-0.01218
-0.01062
-0.00964
-0.00879
-0.00693
-0.00671
-0.00427
-0.00415
-0.00201
-0.00104
0.00015
0.00220
0.00272
0.00513
0.00558
0.00784
0.00888
0.01044
0.01221
0.01306
0.01547
0.01596
0.01825
0.01938
0.02078
0.02280
0.02347
0.02591
0.02643
0.02872
0.02972
0.03128
0.03308
0.03391
0.03616
0.03680
0.03900
0.04007
0.04147
0.04346
0.04395
0.04666
0.04691
0.04932
0.05029
0.05164
0.05380
0.05408
0.05701
0.05701
0.05972
0.06036
0.06204
0.06393
0.06436
0.06735
0.06723
0.07013
0.07059
0.07214
0.07458
0.07419
0.07846
0.07678
0.08105
0.07718
0.05188
-0.03372
-0.12537
-0.09943
-0.09372
-0.12341
-0.10550
-0.11536
-0.11377
-0.10583
-0.10977
-0.09793
-0.09824
-0.08990
-0.08459
-0.08044
-0.07181
-0.06958
-0.06113
-0.05847
-0.05240
-0.04834
-0.04504
-0.03992
-0.03848
-0.03366
-0.03253
-0.02942
-0.02722
-0.02612
-0.02316
-0.02316
-0.02036
-0.02014
-0.01843
-0.01727
-0.01675
-0.01465
-0.01486
-0.01273
-0.01245
-0.01089
-0.00983
-0.00912
-0.00717
-0.00693
-0.00476
-0.00424
-0.00250
-0.00116
-0.00021
0.00195
0.00229
0.00485
0.00543
0.00735
0.00885
0.00989
0.01215
0.01266
0.01511
0.01602
0.01767
0.01944
0.02026
0.02280
0.02307
0.02570
0.02643
0.02823
0.02982
0.03073
0.03314
0.03351
0.03607
0.03665
0.03860
0.04007
0.04102
0.04337
0.04382
0.04630
0.04688
0.04877
0.05032
0.05115
0.05374
0.05377
0.05661
0.05692
0.05899
0.06055
0.06119
0.06412
0.06366
0.06696
0.06689
0.06927
0.07065
0.07123
0.07443
0.07336
0.07736
0.07645
0.07950
0.07858
0.05817
-0.01398
-0.11627
-0.10776
-0.08765
-0.12253
-0.10797
-0.11209
-0.11621
-0.10510
-0.11041
-0.09955
-0.09802
-0.09213
-0.08463
-0.08203
-0.07275
-0.07034
-0.06277
-0.05872
-0.05411
-0.04840
-0.04636
-0.04037
-0.03922
-0.03461
-0.03256
-0.03036
-0.02725
-0.02682
-0.02344
-0.02347
-0.02081
-0.02011
-0.01898
-0.01718
-0.01721
-0.01477
-0.01505
-0.01291
-0.01251
-0.01123
-0.00989
-0.00940
-0.00726
-0.00711
-0.00500
-0.00424
-0.00290
-0.00113
-0.00064
0.00183
0.00226
0.00439
0.00552
0.00677
0.00888
0.00949
0.01193
0.01260
0.01465
0.01590
0.01727
0.01923
0.02008
0.02231
0.02307
0.02512
0.02628
0.02774
0.02969
0.03030
0.03284
0.03326
0.03552
0.03656
0.03799
0.03998
0.04056
0.04309
0.04340
0.04581
0.04672
0.04822
0.05023
0.05060
0.05334
0.05356
0.05597
0.05710
0.05814
0.06070
0.06055
0.06384
0.06354
0.06647
0.06717
0.06848
0.07098
0.07050
0.07462
0.07339
0.07721
0.07721
0.07889
0.08035
0.06482
0.00574
-0.10416
-0.11884
-0.08453
-0.11853
-0.11322
-0.10831
-0.11923
-0.10544
-0.11053
-0.10199
-0.09744
-0.09470
-0.08469
-0.08380
-0.07364
-0.07104
-0.06415
-0.05893
-0.05539
-0.04889
-0.04694
-0.04123
-0.03909
-0.03561
-0.03238
-0.03116
-0.02728
-0.02707
-0.02377
-0.02325
-0.02145
-0.01984
-0.01956
-0.01700
-0.01743
-0.01501
-0.01492
-0.01352
-0.01227
-0.01181
-0.00980
-0.00970
-0.00760
-0.00717
-0.00552
-0.00424
-0.00339
-0.00134
-0.00085
0.00131
0.00217
0.00378
0.00546
0.00623
0.00879
0.00900
0.01163
0.01227
0.01416
0.01581
0.01678
0.01901
0.01962
0.02197
0.02286
0.02463
0.02631
0.02710
0.02960
0.02991
0.03259
0.03305
0.03513
0.03656
0.03748
0.03989
0.04028
0.04272
0.04352
0.04526
0.04691
0.04761
0.05029
0.05032
0.05316
0.05365
0.05545
0.05722
0.05768
0.06070
0.06046
0.06360
0.06366
0.06577
0.06747
0.06781
0.07129
0.07019
0.07422
0.07349
0.07614
0.07779
0.07785
0.08154
0.06955
0.02356
-0.08401
-0.12393
-0.08484
-0.11203
-0.11697
-0.10553
-0.11926
-0.10681
-0.10931
-0.10455
-0.09705
-0.09637
-0.08566
-0.08429
-0.07571
-0.07117
-0.06622
-0.05914
-0.05688
-0.04956
-0.04767
-0.04242
-0.03934
-0.03674
-0.03262
-0.03189
-0.02765
-0.02750
-0.02448
-0.02322
-0.02222
-0.01978
-0.01999
-0.01743
-0.01746
-0.01566
-0.01477
-0.01413
-0.01218
-0.01233
-0.00989
-0.01007
-0.00790
-0.00720
-0.00601
-0.00424
-0.00388
-0.00146
-0.00113
0.00098
0.00208
0.00345
0.00522
0.00607
0.00827
0.00912
0.01102
0.01245
0.01361
0.01581
0.01630
0.01895
0.01944
0.02167
0.02280
0.02417
0.02625
0.02682
0.02936
0.02991
0.03198
0.03323
0.03445
0.03662
0.03714
0.03961
0.04019
0.04218
0.04352
0.04465
0.04691
0.04715
0.05002
0.05011
0.05258
0.05353
0.05484
0.05713
0.05722
0.06030
0.06009
0.06281
0.06375
0.06485
0.06760
0.06696
0.07074
0.06995
0.07315
0.07391
0.07486
0.07788
0.07648
0.08096
0.07236
0.03625
-0.06485
-0.12869
-0.08862
-0.10419
-0.12137
-0.10400
-0.11905
-0.10919
-0.10800
-0.10690
-0.09702
-0.09766
-0.08713
-0.08472
-0.07755
-0.07132
-0.06787
-0.05972
-0.05777
-0.05075
-0.04785
-0.04367
-0.03937
-0.03769
-0.03299
-0.03223
-0.02841
-0.02731
-0.02521
-0.02313
-0.02274
-0.01990
-0.02014
-0.01770
-0.01743
-0.01599
-0.01477
-0.01437
-0.01233
-0.01239
-0.01022
-0.00989
-0.00842
-0.00705
-0.00653
-0.00424
-0.00403
-0.00186
-0.00101
0.00040
0.00214
0.00293
0.00516
0.00574
0.00806
0.00888
0.01059
0.01227
0.01324
0.01553
0.01611
0.01846
0.01929
0.02109
0.02274
0.02368
0.02597
0.02658
0.02878
0.02979
0.03143
0.03314
0.03397
0.03635
0.03677
0.03918
0.04001
0.04160
0.04361
0.04395
0.04678
0.04675
0.04959
0.05011
0.05194
0.05365
0.05426
0.05701
0.05704
0.05975
0.06046
0.06207
0.06400
0.06439
0.06741
0.06711
0.07037
0.07047
0.07254
0.07437
0.07434
0.07843
0.07703
0.08154
0.07620
0.04825
-0.04205
-0.12704
-0.09662
-0.09668
-0.12341
-0.10504
-0.11646
-0.11276
-0.10638
-0.10934
-0.09769
-0.09814
-0.08929
-0.08447
-0.07986
-0.07159
-0.06927
-0.06061
-0.05838
-0.05182
-0.04822
-0.04465
-0.03976
-0.03821
-0.03354
-0.03229
-0.02917
-0.02716
-0.02597
-0.02298
-0.02313
-0.02002
-0.02032
-0.01807
-0.01730
-0.01660
-0.01462
-0.01480
-0.01245
-0.01254
-0.01074
-0.00980
-0.00903
-0.00702
-0.00693
-0.00461
-0.00418
-0.00238
-0.00116
-0.00006
0.00201
0.00244
0.00488
0.00543
0.00754
0.00882
0.01004
0.01221
0.01270
0.01529
0.01584
0.01804
0.01920
0.02066
0.02255
0.02335
0.02563
0.02652
0.02829
0.02991
0.03076
0.03333
0.03336
0.03641
0.03650
0.03891
0.04001
0.04117
0.04346
0.04385
0.04642
0.04694
0.04898
0.05032
0.05133
0.05374
0.05396
0.05679
0.05701
0.05920
0.06055
0.06146
0.06403
0.06400
0.06720
0.06689
0.06955
0.07068
0.07147
0.07471
0.07346
0.07788
0.07639
0.07990
0.07803
0.05676
-0.01996
-0.11948
-0.10455
-0.08896
-0.12314
-0.10678
-0.11316
-0.11542
-0.10522
-0.11008
-0.09903
-0.09802
-0.09152
-0.08450
-0.08163
-0.07227
-0.07025
-0.06219
-0.05862
-0.05371
-0.04825
-0.04608
-0.04019
-0.03900
-0.03430
-0.03271
-0.02997
-0.02734
-0.02661
-0.02328
-0.02347
-0.02066
-0.02020
-0.01877
-0.01724
-0.01703
-0.01486
-0.01489
-0.01297
-0.01236
-0.01132
-0.00964
-0.00955
-0.00708
-0.00717
-0.00485
-0.00424
-0.00281
-0.00110
-0.00052
0.00189
0.00226
0.00452
0.00555
0.00705
0.00876
0.00970
0.01199
0.01266
0.01480
0.01596
0.01740
0.01935
0.02011
0.02249
0.02316
0.02527
0.02637
0.02789
0.02969
0.03058
0.03287
0.03345
0.03558
0.03671
0.03812
0.04007
0.04068
0.04318
0.04355
0.04587
0.04688
0.04825
0.05042
0.05063
0.05356
0.05353
0.05624
0.05682
0.05862
0.06042
0.06088
0.06372
0.06357
0.06653
0.06714
0.06860
0.07089
0.07071
0.07431
0.07343
0.07718
0.07706
0.07886
0.07965
0.06213
-0.00061
-0.10846
-0.11520
-0.08578
-0.12015
-0.11136
-0.10944
-0.11853
-0.10516
-0.11081
-0.10098
-0.09781
-0.09369
-0.08481
-0.08313
-0.07339
-0.07089
-0.06363
-0.05884
-0.05499
-0.04868
-0.04684
-0.04089
-0.03915
-0.03519
-0.03253
-0.03085
-0.02728
-0.02701
-0.02359
-0.02335
-0.02118
-0.01999
-0.01926
-0.01712
-0.01733
-0.01489
-0.01501
-0.01318
-0.01236
-0.01166
-0.00974
-0.00964
-0.00745
-0.00705
-0.00549
-0.00406
-0.00342
-0.00104
-0.00098
0.00171
0.00201
0.00412
0.00537
0.00650
0.00876
0.00922
0.01169
0.01239
0.01425
0.01590
0.01685
0.01913
0.01978
0.02203
0.02292
0.02475
0.02631
0.02728
0.02960
0.03009
0.03253
0.03317
0.03522
0.03656
0.03766
0.03986
0.04034
0.04285
0.04343
0.04547
0.04688
0.04776
0.05026
0.05045
0.05316
0.05368
0.05566
0.05716
0.05789
0.06067
0.06049
0.06369
0.06378
0.06598
0.06741
0.06802
0.07126
0.07043
0.07449
0.07358
0.07648
0.07779
0.07809
0.08185
0.06866
0.01871
-0.09122
-0.12241
-0.08420
-0.11469
-0.11560
-0.10654
-0.11935
-0.10632
-0.10974
-0.10367
-0.09735
-0.09573
-0.08551
-0.08398
-0.07513
-0.07104
-0.06564
-0.05902
-0.05649
-0.04919
-0.04755
-0.04178
-0.03952
-0.03616
-0.03268
-0.03149
-0.02756
-0.02731
-0.02423
-0.02325
-0.02191
-0.01984
-0.01981
-0.01724
-0.01752
-0.01541
-0.01483
-0.01401
-0.01212
-0.01221
-0.00986
-0.00995
-0.00787
-0.00714
-0.00595
-0.00421
-0.00372
-0.00150
-0.00101
0.00110
0.00204
0.00351
0.00537
0.00607
0.00839
0.00909
0.01120
0.01239
0.01379
0.01578
0.01645
0.01898
0.01950
0.02179
0.02283
0.02432
0.02625
0.02695
0.02945
0.02994
0.03217
0.03326
0.03464
0.03668
0.03717
0.03989
0.04007
0.04254
0.04352
0.04471
0.04709
0.04727
0.05020
0.05020
0.05267
0.05374
0.05490
0.05725
0.05743
0.06036
0.06027
0.06299
0.06372
0.06519
0.06744
0.06735
0.07086
0.06998
0.07343
0.07358
0.07538
0.07782
0.07669
0.08090
0.07092
0.03275
-0.07095
-0.12732
-0.08722
-0.10654
-0.11987
-0.10425
-0.11908
-0.10849
-0.10822
-0.10623
-0.09677
-0.09732
-0.08658
-0.08453
-0.07709
-0.07117
-0.06738
-0.05951
-0.05756
-0.05026
-0.04803
-0.04312
-0.03949
-0.03738
-0.03284
-0.03220
-0.02823
-0.02737
-0.02496
-0.02328
-0.02243
-0.02002
-0.02011
-0.01752
-0.01755
-0.01590
-0.01468
-0.01443
-0.01212
-0.01254
-0.00998
-0.01001
-0.00818
-0.00714
-0.00638
-0.00418
-0.00406
-0.00159
-0.00119
0.00076
0.00204
0.00305
0.00534
0.00571
0.00833
0.00882
0.01083
0.01233
0.01331
0.01572
0.01617
0.01862
0.01941
0.02118
0.02289
0.02374
0.02618
0.02658
0.02902
0.02982
0.03159
0.03317
0.03412
0.03650
0.03677
0.03943
0.03992
0.04190
0.04340
0.04434
0.04669
0.04694
0.04968
0.05002
0.05222
0.05356
0.05441
0.05701
0.05701
0.05994
0.06030
0.06229
0.06393
0.06445
0.06747
0.06696
0.07056
0.07034
0.07266
0.07428
0.07443
0.07831
0.07672
0.08163
0.07538
0.04462
-0.05042
-0.12817
-0.09360
-0.09958
-0.12311
-0.10461
-0.11752
-0.11157
-0.10693
-0.10867
-0.09744
-0.09818
-0.08847
-0.08463
-0.07907
-0.07144
-0.06894
-0.06030
-0.05811
-0.05151
-0.04797
-0.04437
-0.03958
-0.03806
-0.03329
-0.03223
-0.02890
-0.02716
-0.02570
-0.02307
-0.02286
-0.02008
-0.02011
-0.01797
-0.01733
-0.01639
-0.01468
-0.01456
-0.01248
-0.01233
-0.01068
-0.00974
-0.00888
-0.00702
-0.00674
-0.00449
-0.00415
-0.00220
-0.00110
0.00006
0.00208
0.00256
0.00500
0.00555
0.00766
0.00876
0.01028
0.01218
0.01291
0.01532
0.01590
0.01816
0.01926
0.02075
0.02264
0.02344
0.02573
0.02646
0.02853
0.02982
0.03101
0.03317
0.03366
0.03616
0.03677
0.03888
0.04007
0.04135
0.04340
0.04395
0.04654
0.04691
0.04919
0.05029
0.05151
0.05377
0.05405
0.05685
0.05716
0.05936
0.06064
0.06155
0.06424
0.06400
0.06754
0.06683
0.07007
0.07047
0.07196
0.07458
0.07385
0.07828
0.07654
0.08044
0.07791
0.05508
-0.02588
-0.12274
-0.10205
-0.09085
-0.12341
-0.10583
-0.11432
-0.11478
-0.10519
-0.11023
-0.09811
-0.09851
-0.09048
-0.08478
-0.08090
-0.07220
-0.06982
-0.06177
-0.05850
-0.05322
-0.04816
-0.04572
-0.03992
-0.03888
-0.03400
-0.03259
-0.02979
-0.02725
-0.02640
-0.02325
-0.02325
-0.02060
-0.02011
-0.01868
-0.01715
-0.01703
-0.01462
-0.01501
-0.01276
-0.01251
-0.01105
-0.00983
-0.00922
-0.00726
-0.00702
-0.00479
-0.00427
-0.00259
-0.00116
-0.00040
0.00195
0.00226
0.00479
0.00537
0.00723
0.00885
0.00974
0.01212
0.01263
0.01505
0.01587
0.01770
0.01926
0.02032
0.02249
0.02325
0.02545
0.02643
0.02805
0.02979
0.03061
0.03305
0.03342
0.03598
0.03656
0.03845
0.03998
0.04092
0.04337
0.04355
0.04620
0.04675
0.04858
0.05032
0.05090
0.05362
0.05365
0.05643
0.05688
0.05869
0.06061
0.06088
0.06403
0.06351
0.06674
0.06686
0.06900
0.07077
0.07083
0.07440
0.07318
0.07739
0.07666
0.07919
0.07898
0.06003
-0.00742
-0.11249
-0.11148
-0.08667
-0.12143
-0.10953
-0.11084
-0.11734
-0.10507
-0.11066
-0.10025
-0.09799
-0.09293
-0.08456
-0.08276
-0.07297
-0.07071
-0.06320
-0.05872
-0.05463
-0.04843
-0.04678
-0.04047
-0.03937
-0.03479
-0.03256
-0.03064
-0.02725
-0.02698
-0.02350
-0.02338
-0.02103
-0.01999
-0.01923
-0.01706
-0.01730
-0.01483
-0.01501
-0.01306
-0.01242
-0.01144
-0.00974
-0.00967
-0.00720
-0.00717
-0.00516
-0.00415
-0.00327
-0.00092
-0.00092
0.00189
0.00204
0.00430
0.00543
0.00668
0.00879
0.00937
0.01181
0.01245
0.01453
0.01584
0.01709
0.01917
0.01990
0.02225
0.02292
0.02493
0.02634
0.02744
0.02975
0.03006
0.03278
0.03314
0.03534
0.03662
0.03775
0.04001
0.04028
0.04306
0.04330
0.04565
0.04684
0.04791
0.05026
0.05048
0.05325
0.05368
0.05573
0.05722
0.05795
0.06073
0.06046
0.06381
0.06363
0.06625
0.06729
0.06824
0.07117
0.07050
0.07449
0.07370
0.07700
0.07739
0.07858
0.08136
0.06735
0.01300
-0.09805
-0.12088
-0.08398
-0.11685
-0.11438
-0.10745
-0.11951
-0.10574
-0.11029
-0.10284
-0.09744
-0.09525
-0.08517
-0.08386
-0.07446
-0.07095
-0.06500
-0.05890
-0.05606
-0.04895
-0.04730
-0.04147
-0.03928
-0.03589
-0.03256
-0.03125
-0.02753
-0.02704
-0.02405
-0.02325
-0.02167
-0.01987
-0.01959
-0.01718
-0.01743
-0.01523
-0.01489
-0.01373
-0.01218
-0.01208
-0.00970
-0.00995
-0.00766
-0.00720
-0.00574
-0.00421
-0.00363
-0.00131
-0.00104
0.00122
0.00208
0.00366
0.00540
0.00613
0.00854
0.00909
0.01129
0.01245
0.01389
0.01584
0.01660
0.01898
0.01953
0.02191
0.02286
0.02441
0.02637
0.02692
0.02960
0.02991
0.03229
0.03336
0.03473
0.03668
0.03732
0.03986
0.04025
0.04257
0.04355
0.04504
0.04691
0.04752
0.05017
0.05045
0.05286
0.05371
0.05515
0.05731
0.05753
0.06067
0.06024
0.06339
0.06360
0.06549
0.06754
0.06754
0.07104
0.07022
0.07358
0.07376
0.07556
0.07785
0.07724
0.08127
0.07037
0.02863
-0.07687
-0.12592
-0.08597
-0.10907
-0.11847
-0.10461
-0.11926
-0.10757
-0.10880
-0.10541
-0.09683
-0.09689
-0.08606
-0.08450
-0.07635
-0.07123
-0.06674
-0.05942
-0.05719
-0.04996
-0.04782
-0.04288
-0.03937
-0.03714
-0.03265
-0.03214
-0.02789
-0.02753
-0.02475
-0.02319
-0.02240
-0.01984
-0.02011
-0.01752
-0.01752
-0.01578
-0.01471
-0.01428
-0.01221
-0.01236
-0.01010
-0.00983
-0.00821
-0.00702
-0.00632
-0.00415
-0.00400
-0.00153
-0.00110
0.00085
0.00204
0.00327
0.00525
0.00598
0.00821
0.00906
0.01093
0.01239
0.01346
0.01575
0.01633
0.01871
0.01953
0.02136
0.02292
0.02386
0.02631
0.02667
0.02924
0.02982
0.03183
0.03323
0.03418
0.03674
0.03677
0.03964
0.03998
0.04202
0.04355
0.04434
0.04691
0.04703
0.04974
0.05017
0.05228
0.05359
0.05460
0.05713
0.05701
0.06012
0.06006
0.06265
0.06381
0.06461
0.06750
0.06689
0.07065
0.07013
0.07297
0.07407
0.07458
0.07809
0.07645
0.08145
0.07379
0.04019
-0.05838
-0.12939
-0.09076
-0.10178
-0.12274
-0.10410
-0.11865
-0.11026
-0.10736
-0.10806
-0.09692
-0.09824
-0.08752
-0.08484
-0.07816
-0.07147
-0.06821
-0.06015
-0.05786
-0.05112
-0.04788
-0.04401
-0.03943
-0.03796
-0.03293
-0.03247
-0.02841
-0.02737
-0.02533
-0.02313
-0.02280
-0.01999
-0.02008
-0.01788
-0.01727
-0.01630
-0.01459
-0.01462
-0.01224
-0.01248
-0.01035
-0.00983
-0.00870
-0.00696
-0.00665
-0.00436
-0.00409
-0.00204
-0.00104
0.00018
0.00220
0.00259
0.00528
0.00546
0.00793
0.00882
0.01038
0.01227
0.01309
0.01532
0.01611
0.01816
0.01941
0.02078
0.02277
0.02347
0.02594
0.02640
0.02875
0.02969
0.03128
0.03308
0.03387
0.03619
0.03677
0.03903
0.03998
0.04153
0.04343
0.04398
0.04663
0.04691
0.04929
0.05032
0.05164
0.05380
0.05408
0.05701
0.05701
0.05972
0.06042
0.06192
0.06412
0.06412
0.06763
0.06699
0.07028
0.07053
0.07208
0.07471
0.07404
0.07861
0.07663
0.08118
0.07715
0.05197
-0.03351
-0.12527
-0.09955
-0.09360
-0.12347
-0.10541
-0.11539
-0.11377
-0.10587
-0.10974
-0.09796
-0.09824
-0.08987
-0.08463
-0.08051
-0.07178
-0.06958
-0.06116
-0.05844
-0.05249
-0.04825
-0.04514
-0.03986
-0.03851
-0.03372
-0.03247
-0.02948
-0.02716
-0.02621
-0.02310
-0.02319
-0.02036
-0.02014
-0.01846
-0.01718
-0.01688
-0.01456
-0.01495
-0.01260
-0.01251
-0.01093
-0.00980
-0.00912
-0.00714
-0.00696
-0.00479
-0.00421
-0.00253
-0.00110
-0.00024
0.00189
0.00241
0.00473
0.00552
0.00729
0.00891
0.00983
0.01212
0.01276
0.01505
0.01596
0.01782
0.01929
0.02036
0.02271
0.02310
0.02576
0.02631
0.02835
0.02966
0.03088
0.03302
0.03357
0.03607
0.03662
0.03864
0.04007
0.04099
0.04343
0.04373
0.04630
0.04694
0.04877
0.05023
0.05127
0.05356
0.05396
0.05643
0.05707
0.05890
0.06058
0.06113
0.06412
0.06366
0.06699
0.06693
0.06909
0.07083
0.07111
0.07455
0.07324
0.07745
0.07632
0.07962
0.07852
0.05826
-0.01389
-0.11615
-0.10785
-0.08765
-0.12244
-0.10812
-0.11194
-0.11633
-0.10501
-0.11047
-0.09955
-0.09808
-0.09210
-0.08466
-0.08203
-0.07269
-0.07050
-0.06271
-0.05865
-0.05420
-0.04834
-0.04645
-0.04034
-0.03918
-0.03461
-0.03259
-0.03036
-0.02722
-0.02692
-0.02338
-0.02341
-0.02094
-0.02002
-0.01901
-0.01721
-0.01709
-0.01492
-0.01492
-0.01303
-0.01236
-0.01138
-0.00977
-0.00946
-0.00732
-0.00699
-0.00516
-0.00412
-0.00296
-0.00113
-0.00058
0.00177
0.00226
0.00446
0.00540
0.00693
0.00873
0.00961
0.01190
0.01248
0.01480
0.01575
0.01733
0.01926
0.01999
0.02243
0.02292
0.02521
0.02628
0.02774
0.02966
0.03033
0.03281
0.03326
0.03549
0.03662
0.03790
0.04010
0.04037
0.04324
0.04330
0.04584
0.04675
0.04816
0.05023
0.05066
0.05328
0.05356
0.05603
0.05701
0.05823
0.06064
0.06055
0.06387
0.06351
0.06644
0.06720
0.06848
0.07092
0.07062
0.07446
0.07349
0.07718
0.07727
0.07880
0.08047
0.06482
0.00592
-0.10397
-0.11905
-0.08441
-0.11853
-0.11328
-0.10818
-0.11935
-0.10535
-0.11060
-0.10196
-0.09747
-0.09467
-0.08478
-0.08368
-0.07376
-0.07098
-0.06421
-0.05893
-0.05539
-0.04886
-0.04703
-0.04111
-0.03925
-0.03546
-0.03250
-0.03110
-0.02731
-0.02707
-0.02380
-0.02319
-0.02151
-0.01981
-0.01956
-0.01706
-0.01733
-0.01511
-0.01483
-0.01361
-0.01218
-0.01193
-0.00964
-0.00989
-0.00745
-0.00723
-0.00555
-0.00424
-0.00336
-0.00134
-0.00089
0.00134
0.00214
0.00381
0.00540
0.00629
0.00873
0.00900
0.01160
0.01233
0.01407
0.01590
0.01666
0.01917
0.01944
0.02219
0.02267
0.02472
0.02603
0.02618
0.02713
0.02631
0.02740
0.02658
0.02655
0.02658
0.02542
0.02609
0.02435
0.02499
0.02359
0.02341
0.02286
0.02176
0.02191
0.02048
0.02066
0.01950
0.01913
0.01868
0.01767
0.01785
0.01654
0.01672
0.01569
0.01538
0.01501
0.01422
0.01425
0.01321
0.01331
0.01248
0.01215
0.01199
0.01102
0.01141
0.00848
0.00128
-0.01535
-0.02060
-0.01361
-0.01730
-0.01703
-0.01474
-0.01593
-0.01349
-0.01324
-0.01178
-0.01041
-0.00955
-0.00790
-0.00711
-0.00574
-0.00479
-0.00391
-0.00293
-0.00229
-0.00150
-0.00107
-0.00046
-0.00012
0.00018
0.00049
0.00064
0.00079
0.00085
0.00095
0.00089
0.00098
0.00082
0.00089
0.00073
0.00070
0.00064
0.00055
0.00040
0.00052
0.00018
0.00040
0.00009
0.00021
0.00012
-0.00003
0.00015
-0.00006
0.00000
0.00000
-0.00009
-0.00006
0.00000
-0.00012
0.00000
-0.00012
-0.00006
-0.00003
-0.00009
0.00000
-0.00012
0.00003
-0.00009
0.00000
-0.00003
-0.00003
0.00000
-0.00009
0.00009
-0.00009
0.00000
0.00006
-0.00009
0.00012
-0.00012
0.00009
-0.00006
0.00006
0.00000
-0.00003
0.00006
-0.00009
0.00012
-0.00006
0.00000
0.00006
-0.00006
0.00006
-0.00003
0.00000
0.00006
-0.00006
0.00003
-0.00006
0.00006
-0.00003
0.00000
0.00003
-0.00006
0.00006
-0.00006
0.00006
-0.00009
0.00009
-0.00009
0.00009
-0.00006
0.00000
0.00000
0.00006
-0.00009
0.00006
-0.00003
-0.00003
0.00006
-0.00006
0.00006
-0.00006
0.00006
-0.00009
0.00009
-0.00003
0.00000
0.00006
-0.00006
0.00003
0.00000
0.00003
-0.00009
0.00012
-0.00012
0.00012
-0.00012
0.00012
-0.00015
0.00012
-0.00006
0.00000
-0.00003
0.00006
-0.00006
0.00006
-0.00003
0.00000
0.00003
-0.00006
0.00006
-0.00006
0.00009
-0.00009
0.00006
-0.00006
0.00006
-0.00006
0.00006
-0.00006
0.00006
-0.00003
0.00000
0.00006
-0.00009
0.00006
0.00000
0.00000
-0.00003
0.00003
-0.00003
0.00003
-0.00003
0.00000
0.00000
0.00003
-0.00006
0.00006
-0.00006
0.00006
-0.00006
0.00009
-0.00012
0.00012
-0.00009
0.00009
-0.00012
0.00015
-0.00012
0.00003
0.00000
0.00000
0.00000
0.00000
0.00000
0.00000
0.00000
0.00000
-0.00003
0.00003
0.00000
0.00000
0.00003
-0.00009
0.00009
-0.00006
0.00006
-0.00006
0.00006
-0.00006
0.00003
0.00003
-0.00006
0.00003
0.00000
0.00000
-0.00003
0.00006
-0.00003
0.00000
-0.00003
0.00003
-0.00003
0.00003
0.00000
-0.00003
0.00000
0.00000
-0.00003
0.00006
-0.00009
0.00012
-0.00012
0.00006
0.00000
-0.00006
0.00009
-0.00006
0.00003
-0.00003
0.00003
0.00000
-0.00003
0.00006
-0.00009
0.00012
-0.00012
0.00006
0.00000
0.00000
0.00000
0.00000
0.00000
0.00003
0.00000
-0.00006
0.00012
-0.00012
0.00006
0.00003
-0.00009
0.00012
-0.00012
0.00009
-0.00006
0.00006
-0.00003
-0.00003
0.00006
-0.00006
0.00003
0.00000
0.00000
0.00000
-0.00003
0.00003
0.00000
0.00000
-0.00003
0.00000
0.00003
0.00000
0.00000
0.00000
0.00000
0.00000
0.00000
0.00003
-0.00003
0.00000
-0.00003
0.00009
-0.00009
0.00006
-0.00006
0.00006
-0.00006
0.00006
-0.00006
0.00003
0.00000
0.00000
-0.00003
0.00003
0.00000
0.00000
0.00000
0.00000
-0.00003
0.00003
0.00000
0.00000
-0.00003
0.00000
0.00006
-0.00006
0.00006
-0.00006
0.00003
0.00003
-0.00003
0.00000
0.00000
-0.00003
0.00009
-0.00009
0.00003
0.00000
-0.00003
0.00006
-0.00009
0.00012
-0.00015
0.00012
-0.00003
-0.00003
0.00003
0.00003
-0.00009
0.00012
-0.00009
0.00003
0.00003
-0.00006
0.00006
0.00000
-0.00006
0.00009
-0.00009
0.00006
0.00003
-0.00009
0.00006
-0.00003
0.00000
0.00003
-0.00003
0.00000
0.00000
-0.00003
0.00006
-0.00006
0.00000
0.00003
-0.00003
0.00003
-0.00003
0.00003
-0.00009
0.00012
-0.00009
0.00006
-0.00003
0.00000
0.00003
-0.00003
-0.00003
0.00009
-0.00009
0.00003
-0.00003
0.00000
0.00003
0.00000
-0.00003
0.00003
-0.00006
0.00009
-0.00009
0.00009
-0.00006
0.00000
0.00006
-0.00006
0.00003
-0.00003
0.00003
0.00003
-0.00006
0.00003
0.00000
-0.00003
0.00003
0.00003
-0.00009
0.00009
-0.00006
0.00006
-0.00006
0.00003
0.00000
0.00003
-0.00006
0.00006
-0.00006
0.00006
0.00000
-0.00006
0.00012
-0.00015
0.00018
-0.00018
0.00012
-0.00003
0.00000
-0.00003
0.00006
-0.00009
0.00006
-0.00006
0.00012
-0.00012
0.00009
-0.00012
0.00009
-0.00003
0.00000
0.00000
-0.00003
0.00006
-0.00009
0.00009
-0.00006
0.00003
0.00003
-0.00003
-0.00003
0.00006
-0.00003
0.00003
-0.00006
0.00009
-0.00012
0.00012
-0.00012
0.00009
-0.00003
0.00000
-0.00003
0.00000
0.00006
-0.00009
0.00009
-0.00009
0.00006
0.00000
-0.00006
0.00015
-0.00021
0.00018
-0.00012
0.00003
0.00003
-0.00003
0.00003
-0.00003
0.00000
0.00000
0.00003
-0.00006
0.00006
-0.00003
0.00003
-0.00003
0.00000
-0.00003
0.00003
-0.00003
0.00006
-0.00006
0.00003
0.00000
-0.00003
0.00003
-0.00003
0.00000
0.00009
-0.00015
0.00018
-0.00018
0.00015
-0.00009
0.00003
0.00000
0.00003
-0.00006
0.00006
-0.00009
0.00009
-0.00006
0.00003
-0.00003
0.00006
-0.00006
