0.00003
-0.00003
0.00003
-0.00003
0.00006
0.00012
0.00021
0.00046
0.00070
0.00125
0.00159
0.00229
0.00311
0.00391
0.00497
0.00623
0.00739
0.00894
0.01047
0.01224
0.01401
0.01599
0.01813
0.02029
0.02261
0.02509
0.02747
0.03030
0.03259
0.03592
0.03812
0.04172
0.04404
0.04749
0.05038
0.05319
0.05267
0.02689
-0.03760
-0.08139
-0.05441
-0.06622
-0.07990
-0.06644
-0.08142
-0.07123
-0.07538
-0.07202
-0.06799
-0.06824
-0.06052
-0.06119
-0.05304
-0.05270
-0.04559
-0.04376
-0.03845
-0.03510
-0.03152
-0.02698
-0.02487
-0.01959
-0.01816
-0.01279
-0.01166
-0.00690
-0.00558
-0.00180
0.00006
0.00259
0.00537
0.00674
0.01016
0.01086
0.01453
0.01486
0.01859
0.01898
0.02237
0.02338
0.02594
0.02777
0.02951
0.03223
0.03323
0.03656
0.03729
0.04077
0.04153
0.04486
0.04596
0.04892
0.05063
0.05295
0.05527
0.05688
0.05997
0.06094
0.06467
0.06519
0.06921
0.06955
0.07346
0.07416
0.07770
0.07928
0.08115
0.07526
0.02765
-0.07278
-0.12427
-0.07849
-0.10507
-0.11243
-0.09598
-0.11411
-0.09555
-0.10287
-0.09216
-0.08850
-0.08377
-0.07410
-0.07217
-0.06055
-0.05923
-0.04849
-0.04626
-0.03787
-0.03424
-0.02859
-0.02383
-0.02057
-0.01517
-0.01352
-0.00812
-0.00732
-0.00247
-0.00180
0.00208
0.00308
0.00595
0.00760
0.00940
0.01169
0.01266
0.01550
0.01611
0.01913
0.01959
0.02277
0.02344
0.02621
0.02747
0.02975
0.03186
0.03333
0.03632
0.03708
0.04071
0.04117
0.04498
0.04562
0.04913
0.05026
0.05310
0.05508
0.05713
0.06006
0.06119
0.06488
0.06531
0.06949
0.06967
0.07391
0.07431
0.07813
0.07886
0.08096
0.07220
0.01846
-0.08444
-0.12219
-0.07645
-0.11020
-0.10870
-0.09814
-0.11331
-0.09479
-0.10345
-0.09009
-0.08908
-0.08173
-0.07425
-0.07068
-0.06033
-0.05820
-0.04779
-0.04575
-0.03687
-0.03412
-0.02759
-0.02386
-0.01956
-0.01517
-0.01273
-0.00800
-0.00687
-0.00217
-0.00165
0.00253
0.00305
0.00653
0.00742
0.00986
0.01163
0.01303
0.01563
0.01633
0.01941
0.01971
0.02313
0.02335
0.02676
0.02747
0.03024
0.03177
0.03378
0.03622
0.03754
0.04080
0.04153
0.04520
0.04581
0.04956
0.05020
0.05389
0.05490
0.05789
0.05984
0.06174
0.06473
0.06577
0.06964
0.06992
0.07437
0.07416
0.07870
0.07880
0.08206
0.06979
0.00928
-0.09552
-0.11719
-0.07532
-0.11478
-0.10458
-0.10098
-0.11166
-0.09457
-0.10349
-0.08847
-0.08984
-0.07983
-0.07489
-0.06897
-0.06042
-0.05704
-0.04736
-0.04510
-0.03622
-0.03381
-0.02676
-0.02368
-0.01877
-0.01514
-0.01208
-0.00797
-0.00641
-0.00192
-0.00143
0.00290
0.00320
0.00684
0.00745
0.01038
0.01163
0.01352
0.01563
0.01663
0.01950
0.01999
0.02322
0.02374
0.02686
0.02765
0.03058
0.03177
0.03430
0.03632
0.03793
0.04095
0.04184
0.04538
0.04605
0.04974
0.05051
0.05411
0.05505
0.05820
0.05981
0.06235
0.06479
0.06638
0.06967
0.07031
0.07443
0.07446
0.07913
0.07889
0.08179
0.06473
-0.00214
-0.10468
-0.11145
-0.07697
-0.11826
-0.10095
-0.10422
-0.10925
-0.09509
-0.10294
-0.08746
-0.08981
-0.07825
-0.07474
-0.06750
-0.06015
-0.05594
-0.04694
-0.04437
-0.03546
-0.03348
-0.02573
-0.02386
-0.01773
-0.01523
-0.01126
-0.00790
-0.00574
-0.00189
-0.00101
0.00311
0.00330
0.00726
0.00754
0.01065
0.01163
0.01385
0.01556
0.01712
0.01947
0.02039
0.02341
0.02386
0.02719
0.02774
0.03091
0.03192
0.03470
0.03622
0.03845
0.04083
0.04233
0.04547
0.04642
0.05008
0.05063
0.05444
0.05518
0.05875
0.05984
0.06296
0.06461
0.06680
0.06955
0.07086
0.07449
0.07492
0.07925
0.07898
0.08173
0.06055
-0.01279
-0.11307
-0.10562
-0.07938
-0.11993
-0.09799
-0.10690
-0.10684
-0.09604
-0.10187
-0.08673
-0.08960
-0.07687
-0.07486
-0.06616
-0.06009
-0.05481
-0.04657
-0.04346
-0.03497
-0.03293
-0.02518
-0.02347
-0.01706
-0.01508
-0.01062
-0.00787
-0.00519
-0.00189
-0.00055
0.00320
0.00363
0.00751
0.00763
0.01105
0.01160
0.01440
0.01550
0.01758
0.01944
0.02084
0.02328
0.02426
0.02734
0.02789
0.03134
0.03183
0.03525
0.03613
0.03909
0.04074
0.04297
0.04547
0.04675
0.05017
0.05087
0.05481
0.05530
0.05908
0.05991
0.06329
0.06464
0.06744
0.06967
0.07144
0.07449
0.07532
0.07935
0.07922
0.08130
0.05518
-0.02509
-0.11908
-0.09833
-0.08325
-0.12091
-0.09564
-0.10986
-0.10403
-0.09744
-0.10028
-0.08643
-0.08923
-0.07553
-0.07507
-0.06436
-0.06018
-0.05319
-0.04669
-0.04230
-0.03479
-0.03214
-0.02478
-0.02298
-0.01651
-0.01498
-0.00992
-0.00793
-0.00449
-0.00189
0.00009
0.00311
0.00415
0.00748
0.00793
0.01132
0.01163
0.01480
0.01547
0.01794
0.01947
0.02115
0.02347
0.02463
0.02747
0.02817
0.03156
0.03201
0.03558
0.03622
0.03958
0.04062
0.04343
0.04535
0.04739
0.05014
0.05139
0.05493
0.05551
0.05954
0.05991
0.06387
0.06470
0.06796
0.06949
0.07175
0.07446
0.07574
0.07956
0.07962
0.08038
0.04898
-0.03741
-0.12317
-0.09225
-0.08865
-0.12015
-0.09433
-0.11188
-0.10120
-0.09900
-0.09830
-0.08667
-0.08820
-0.07477
-0.07455
-0.06314
-0.06021
-0.05197
-0.04648
-0.04132
-0.03436
-0.03149
-0.02420
-0.02264
-0.01590
-0.01477
-0.00928
-0.00787
-0.00388
-0.00195
0.00055
0.00314
0.00452
0.00763
0.00818
0.01160
0.01172
0.01514
0.01547
0.01843
0.01944
0.02161
0.02347
0.02490
0.02753
0.02853
0.03165
0.03232
0.03586
0.03638
0.03983
0.04086
0.04379
0.04559
0.04776
0.05023
0.05176
0.05493
0.05597
0.05963
0.06018
0.06424
0.06464
0.06848
0.06940
0.07260
0.07455
0.07639
0.07962
0.07965
0.07935
0.04282
-0.04901
-0.12582
-0.08658
-0.09372
-0.11835
-0.09384
-0.11353
-0.09894
-0.10062
-0.09625
-0.08710
-0.08691
-0.07422
-0.07407
-0.06210
-0.06000
-0.05060
-0.04648
-0.04001
-0.03452
-0.03036
-0.02423
-0.02188
-0.01566
-0.01434
-0.00882
-0.00775
-0.00342
-0.00186
0.00107
0.00323
0.00500
0.00763
0.00854
0.01163
0.01202
0.01532
0.01563
0.01877
0.01938
0.02206
0.02332
0.02554
0.02750
0.02899
0.03165
0.03275
0.03592
0.03671
0.04010
0.04092
0.04431
0.04541
0.04828
0.05017
0.05228
0.05515
0.05621
0.05997
0.06042
0.06445
0.06488
0.06888
0.06952
0.07306
0.07419
0.07687
0.07904
0.08057
0.07739
0.03467
-0.06290
-0.12656
-0.08133
-0.09991
-0.11581
-0.09445
-0.11447
-0.09674
-0.10181
-0.09390
-0.08771
-0.08536
-0.07388
-0.07324
-0.06104
-0.05972
-0.04922
-0.04654
-0.03876
-0.03442
-0.02936
-0.02399
-0.02109
-0.01541
-0.01389
-0.00842
-0.00754
-0.00284
-0.00189
0.00162
0.00317
0.00537
0.00769
0.00882
0.01187
0.01221
0.01559
0.01572
0.01907
0.01944
0.02252
0.02335
0.02591
0.02750
0.02930
0.03177
0.03299
0.03616
0.03690
0.04044
0.04108
0.04468
0.04544
0.04892
0.05014
0.05289
0.05499
0.05676
0.05988
0.06082
0.06470
0.06506
0.06927
0.06949
0.07355
0.07419
0.07776
0.07932
0.08124
0.07486
0.02676
-0.07404
-0.12402
-0.07828
-0.10550
-0.11215
-0.09601
-0.11414
-0.09540
-0.10294
-0.09195
-0.08859
-0.08356
-0.07404
-0.07202
-0.06055
-0.05908
-0.04849
-0.04611
-0.03781
-0.03418
-0.02850
-0.02383
-0.02051
-0.01514
-0.01349
-0.00800
-0.00739
-0.00232
-0.00195
0.00229
0.00290
0.00623
0.00742
0.00955
0.01166
0.01263
0.01566
0.01596
0.01929
0.01959
0.02277
0.02347
0.02625
0.02753
0.02975
0.03192
0.03339
0.03629
0.03717
0.04065
0.04129
0.04489
0.04584
0.04898
0.05035
0.05316
0.05508
0.05725
0.06000
0.06134
0.06479
0.06540
0.06949
0.06964
0.07407
0.07422
0.07825
0.07874
0.08112
0.07187
0.01740
-0.08594
-0.12183
-0.07614
-0.11084
-0.10825
-0.09839
-0.11328
-0.09464
-0.10349
-0.08990
-0.08905
-0.08157
-0.07428
-0.07050
-0.06027
-0.05820
-0.04755
-0.04587
-0.03659
-0.03424
-0.02737
-0.02393
-0.01941
-0.01514
-0.01270
-0.00790
-0.00693
-0.00201
-0.00174
0.00262
0.00314
0.00638
0.00760
0.00977
0.01169
0.01306
0.01569
0.01633
0.01944
0.01974
0.02307
0.02356
0.02664
0.02759
0.03015
0.03186
0.03381
0.03622
0.03763
0.04074
0.04163
0.04520
0.04590
0.04947
0.05035
0.05374
0.05508
0.05780
0.05994
0.06165
0.06488
0.06570
0.06976
0.06985
0.07446
0.07419
0.07870
0.07892
0.08194
0.06934
0.00781
-0.09644
-0.11652
-0.07532
-0.11533
-0.10406
-0.10144
-0.11133
-0.09460
-0.10352
-0.08829
-0.08987
-0.07974
-0.07483
-0.06888
-0.06027
-0.05701
-0.04730
-0.04504
-0.03607
-0.03384
-0.02655
-0.02374
-0.01865
-0.01517
-0.01205
-0.00787
-0.00638
-0.00192
-0.00137
0.00290
0.00323
0.00687
0.00748
0.01041
0.01157
0.01364
0.01556
0.01672
0.01947
0.02002
0.02328
0.02371
0.02692
0.02765
0.03061
0.03180
0.03439
0.03619
0.03824
0.04065
0.04208
0.04529
0.04611
0.04984
0.05045
0.05420
0.05496
0.05841
0.05966
0.06259
0.06470
0.06647
0.06967
0.07031
0.07452
0.07443
0.07919
0.07880
0.08182
0.06418
-0.00342
-0.10556
-0.11090
-0.07730
-0.11847
-0.10065
-0.10437
-0.10913
-0.09515
-0.10284
-0.08731
-0.08978
-0.07816
-0.07462
-0.06747
-0.06000
-0.05591
-0.04681
-0.04431
-0.03540
-0.03336
-0.02579
-0.02359
-0.01788
-0.01501
-0.01132
-0.00778
-0.00577
-0.00183
-0.00098
0.00308
0.00342
0.00717
0.00760
0.01074
0.01157
0.01395
0.01556
0.01709
0.01959
0.02036
0.02347
0.02383
0.02725
0.02774
0.03098
0.03192
0.03467
0.03635
0.03842
0.04086
0.04239
0.04550
0.04642
0.05008
0.05072
0.05444
0.05521
0.05875
0.05994
0.06290
0.06467
0.06683
0.06952
0.07092
0.07458
0.07486
0.07941
0.07892
0.08176
0.06018
-0.01407
-0.11377
-0.10480
-0.07971
-0.12006
-0.09763
-0.10727
-0.10654
-0.09616
-0.10181
-0.08655
-0.08972
-0.07663
-0.07501
-0.06586
-0.06018
-0.05460
-0.04660
-0.04337
-0.03491
-0.03290
-0.02509
-0.02347
-0.01697
-0.01514
-0.01044
-0.00793
-0.00519
-0.00183
-0.00052
0.00323
0.00372
0.00742
0.00772
0.01111
0.01157
0.01443
0.01556
0.01761
0.01947
0.02072
0.02353
0.02411
0.02747
0.02792
0.03128
0.03204
0.03503
0.03638
0.03897
0.04089
0.04294
0.04544
0.04688
0.05014
0.05099
0.05475
0.05530
0.05923
0.05988
0.06332
0.06470
0.06744
0.06976
0.07141
0.07458
0.07523
0.07950
0.07907
0.08133
0.05435
-0.02673
-0.11966
-0.09763
-0.08383
-0.12103
-0.09534
-0.11035
-0.10352
-0.09772
-0.10004
-0.08640
-0.08914
-0.07544
-0.07495
-0.06415
-0.06036
-0.05286
-0.04678
-0.04211
-0.03473
-0.03214
-0.02466
-0.02292
-0.01648
-0.01489
-0.00989
-0.00790
-0.00443
-0.00183
0.00006
0.00327
0.00400
0.00763
0.00790
0.01138
0.01166
0.01477
0.01550
0.01801
0.01944
0.02121
0.02359
0.02444
0.02765
0.02814
0.03152
0.03217
0.03543
0.03644
0.03943
0.04080
0.04340
0.04538
0.04739
0.05026
0.05136
0.05502
0.05548
0.05957
0.05997
0.06390
0.06467
0.06805
0.06940
0.07193
0.07434
0.07584
0.07968
0.07953
0.08035
0.04828
-0.03879
-0.12338
-0.09177
-0.08908
-0.12003
-0.09418
-0.11206
-0.10095
-0.09912
-0.09818
-0.08661
-0.08813
-0.07471
-0.07443
-0.06311
-0.06012
-0.05185
-0.04648
-0.04114
-0.03439
-0.03137
-0.02417
-0.02258
-0.01584
-0.01477
-0.00922
-0.00781
-0.00385
-0.00201
0.00070
0.00308
0.00461
0.00760
0.00827
0.01151
0.01190
0.01498
0.01563
0.01840
0.01944
0.02167
0.02347
0.02490
0.02759
0.02850
0.03174
0.03232
0.03589
0.03635
0.03995
0.04083
0.04388
0.04553
0.04785
0.05023
0.05182
0.05490
0.05606
0.05963
0.06030
0.06421
0.06464
0.06857
0.06943
0.07263
0.07455
0.07651
0.07941
0.07980
0.07904
0.04184
-0.05063
-0.12598
-0.08597
-0.09430
-0.11826
-0.09372
-0.11380
-0.09866
-0.10074
-0.09604
-0.08710
-0.08679
-0.07416
-0.07397
-0.06192
-0.06006
-0.05032
-0.04663
-0.03973
-0.03448
-0.03040
-0.02405
-0.02194
-0.01553
-0.01431
-0.00876
-0.00781
-0.00317
-0.00204
0.00125
0.00320
0.00500
0.00775
0.00845
0.01175
0.01199
0.01538
0.01566
0.01871
0.01953
0.02194
0.02353
0.02539
0.02765
0.02890
0.03186
0.03256
0.03610
0.03659
0.04022
0.04099
0.04422
0.04556
0.04822
0.05026
0.05234
0.05505
0.05643
0.05984
0.06052
0.06448
0.06485
0.06903
0.06943
0.07312
0.07422
0.07687
0.07925
0.08051
0.07733
0.03381
-0.06421
-0.12625
-0.08090
-0.10065
-0.11526
-0.09479
-0.11426
-0.09662
-0.10190
-0.09375
-0.08768
-0.08530
-0.07382
-0.07315
-0.06097
-0.05957
-0.04932
-0.04633
-0.03876
-0.03433
-0.02927
-0.02399
-0.02100
-0.01538
-0.01385
-0.00836
-0.00751
-0.00281
-0.00186
0.00168
0.00311
0.00555
0.00757
0.00900
0.01172
0.01236
0.01556
0.01575
0.01910
0.01941
0.02261
0.02332
0.02597
0.02744
0.02942
0.03177
0.03302
0.03619
0.03693
0.04044
0.04117
0.04462
0.04562
0.04880
0.05020
0.05295
0.05493
0.05685
0.05988
0.06082
0.06479
0.06503
0.06937
0.06946
0.07361
0.07425
0.07779
0.07928
0.08115
0.07462
0.02570
-0.07529
-0.12387
-0.07800
-0.10611
-0.11169
-0.09628
-0.11404
-0.09534
-0.10294
-0.09183
-0.08862
-0.08331
-0.07410
-0.07175
-0.06064
-0.05893
-0.04834
-0.04617
-0.03757
-0.03427
-0.02835
-0.02390
-0.02032
-0.01526
-0.01324
-0.00815
-0.00720
-0.00235
-0.00186
0.00223
0.00308
0.00607
0.00757
0.00952
0.01166
0.01273
0.01553
0.01611
0.01929
0.01959
0.02283
0.02341
0.02634
0.02753
0.02979
0.03198
0.03336
0.03632
0.03723
0.04062
0.04132
0.04504
0.04562
0.04926
0.05017
0.05338
0.05496
0.05750
0.05984
0.06149
0.06476
0.06540
0.06961
0.06958
0.07419
0.07413
0.07828
0.07880
0.08118
0.07162
0.01630
-0.08749
-0.12134
-0.07602
-0.11124
-0.10794
-0.09866
-0.11307
-0.09464
-0.10345
-0.08975
-0.08905
-0.08148
-0.07419
-0.07047
-0.06009
-0.05820
-0.04742
-0.04581
-0.03650
-0.03418
-0.02731
-0.02386
-0.01938
-0.01501
-0.01270
-0.00790
-0.00684
-0.00208
-0.00162
0.00259
0.00311
0.00653
0.00748
0.00992
0.01172
0.01303
0.01575
0.01630
0.01947
0.01984
0.02304
0.02359
0.02661
0.02759
0.03030
0.03177
0.03391
0.03613
0.03778
0.04068
0.04175
0.04517
0.04590
0.04953
0.05042
0.05374
0.05515
0.05777
0.05997
0.06171
0.06485
0.06580
0.06976
0.06995
0.07443
0.07419
0.07886
0.07883
0.08209
0.06857
0.00665
-0.09756
-0.11572
-0.07544
-0.11578
-0.10361
-0.10181
-0.11108
-0.09464
-0.10345
-0.08820
-0.08987
-0.07959
-0.07477
-0.06876
-0.06018
-0.05698
-0.04709
-0.04514
-0.03589
-0.03384
-0.02643
-0.02377
-0.01855
-0.01514
-0.01199
-0.00790
-0.00626
-0.00195
-0.00131
0.00293
0.00323
0.00693
0.00748
0.01044
0.01160
0.01364
0.01563
0.01663
0.01959
0.01999
0.02341
0.02362
0.02704
0.02762
0.03064
0.03186
0.03439
0.03632
0.03815
0.04077
0.04205
0.04532
0.04617
0.04987
0.05051
0.05414
0.05505
0.05841
0.05978
0.06256
0.06473
0.06653
0.06964
0.07040
0.07446
0.07452
0.07919
0.07886
0.08163
0.06372
-0.00461
-0.10666
-0.11014
-0.07773
-0.11865
-0.10034
-0.10468
-0.10880
-0.09534
-0.10266
-0.08728
-0.08975
-0.07788
-0.07480
-0.06711
-0.06018
-0.05566
-0.04684
-0.04416
-0.03531
-0.03339
-0.02560
-0.02368
-0.01770
-0.01508
-0.01120
-0.00781
-0.00562
-0.00189
-0.00092
0.00314
0.00336
0.00732
0.00754
0.01080
0.01154
0.01407
0.01547
0.01730
0.01944
0.02054
0.02335
0.02393
0.02728
0.02771
0.03110
0.03180
0.03488
0.03616
0.03864
0.04071
0.04257
0.04544
0.04651
0.05011
0.05066
0.05453
0.05521
0.05881
0.05997
0.06290
0.06464
0.06693
0.06955
0.07095
0.07462
0.07492
0.07944
0.07889
0.08182
0.05975
-0.01526
-0.11450
-0.10403
-0.07990
-0.12030
-0.09720
-0.10767
-0.10626
-0.09625
-0.10162
-0.08661
-0.08960
-0.07654
-0.07501
-0.06570
-0.06021
-0.05438
-0.04657
-0.04330
-0.03485
-0.03284
-0.02505
-0.02335
-0.01700
-0.01501
-0.01047
-0.00793
-0.00504
-0.00189
-0.00040
0.00317
0.00378
0.00751
0.00763
0.01120
0.01157
0.01450
0.01553
0.01758
0.01950
0.02084
0.02335
0.02435
0.02740
0.02789
0.03143
0.03189
0.03528
0.03622
0.03909
0.04089
0.04294
0.04550
0.04681
0.05020
0.05099
0.05484
0.05533
0.05914
0.05997
0.06335
0.06479
0.06747
0.06973
0.07144
0.07462
0.07526
0.07941
0.07928
0.08105
0.05371
-0.02832
-0.12042
-0.09677
-0.08453
-0.12091
-0.09531
-0.11053
-0.10327
-0.09775
-0.09988
-0.08643
-0.08899
-0.07535
-0.07489
-0.06400
-0.06030
-0.05280
-0.04666
-0.04205
-0.03473
-0.03198
-0.02451
-0.02301
-0.01636
-0.01486
-0.00986
-0.00778
-0.00443
-0.00186
0.00015
0.00323
0.00409
0.00763
0.00790
0.01141
0.01169
0.01483
0.01547
0.01807
0.01938
0.02139
0.02338
0.02478
0.02740
0.02829
0.03149
0.03220
0.03552
0.03638
0.03952
0.04074
0.04349
0.04538
0.04752
0.05020
0.05148
0.05490
0.05566
0.05951
0.06000
0.06403
0.06454
0.06821
0.06931
0.07205
0.07434
0.07602
0.07956
0.07974
0.08008
0.04767
-0.04010
-0.12372
-0.09116
-0.08963
-0.11984
-0.09412
-0.11218
-0.10071
-0.09924
-0.09802
-0.08664
-0.08804
-0.07446
-0.07465
-0.06274
-0.06033
-0.05148
-0.04669
-0.04086
-0.03445
-0.03119
-0.02420
-0.02252
-0.01581
-0.01471
-0.00912
-0.00787
-0.00372
-0.00204
0.00076
0.00308
0.00470
0.00763
0.00824
0.01163
0.01178
0.01520
0.01550
0.01846
0.01950
0.02167
0.02347
0.02496
0.02756
0.02853
0.03186
0.03223
0.03601
0.03632
0.04001
0.04083
0.04401
0.04541
0.04797
0.05020
0.05182
0.05505
0.05594
0.05975
0.06027
0.06424
0.06470
0.06860
0.06937
0.07285
0.07434
0.07666
0.07932
0.07983
0.07870
0.04105
-0.05240
-0.12604
-0.08536
-0.09509
-0.11780
-0.09399
-0.11377
-0.09851
-0.10083
-0.09579
-0.08713
-0.08661
-0.07410
-0.07391
-0.06177
-0.06003
-0.05017
-0.04657
-0.03967
-0.03442
-0.03033
-0.02405
-0.02173
-0.01556
-0.01428
-0.00870
-0.00775
-0.00320
-0.00189
0.00122
0.00323
0.00507
0.00769
0.00854
0.01169
0.01212
0.01532
0.01572
0.01877
0.01941
0.02219
0.02338
0.02554
0.02756
0.02905
0.03174
0.03271
0.03604
0.03662
0.04031
0.04086
0.04440
0.04550
0.04828
0.05029
0.05234
0.05518
0.05640
0.05988
0.06058
0.06445
0.06497
0.06894
0.06952
0.07312
0.07422
0.07703
0.07916
0.08078
0.07697
0.03317
-0.06558
-0.12592
-0.08047
-0.10141
-0.11481
-0.09488
-0.11432
-0.09641
-0.10208
-0.09341
-0.08795
-0.08493
-0.07407
-0.07278
-0.06107
-0.05948
-0.04922
-0.04633
-0.03860
-0.03433
-0.02924
-0.02383
-0.02103
-0.01529
-0.01382
-0.00833
-0.00751
-0.00269
-0.00195
0.00180
0.00311
0.00552
0.00769
0.00894
0.01184
0.01236
0.01556
0.01578
0.01913
0.01944
0.02261
0.02338
0.02597
0.02750
0.02939
0.03183
0.03305
0.03619
0.03702
0.04044
0.04114
0.04474
0.04553
0.04886
0.05032
0.05283
0.05508
0.05676
0.05994
0.06091
0.06473
0.06519
0.06931
0.06949
0.07376
0.07413
0.07803
0.07907
0.08118
0.07428
0.02472
-0.07660
-0.12363
-0.07779
-0.10675
-0.11115
-0.09662
-0.11392
-0.09518
-0.10318
-0.09146
-0.08868
-0.08313
-0.07410
-0.07153
-0.06070
-0.05869
-0.04843
-0.04596
-0.03754
-0.03427
-0.02817
-0.02396
-0.02017
-0.01526
-0.01321
-0.00809
-0.00714
-0.00238
-0.00177
0.00223
0.00311
0.00613
0.00754
0.00958
0.01163
0.01279
0.01559
0.01605
0.01935
0.01959
0.02295
0.02335
0.02643
0.02750
0.02991
0.03189
0.03348
0.03622
0.03732
0.04065
0.04135
0.04504
0.04565
0.04932
0.05020
0.05334
0.05508
0.05740
0.06006
0.06137
0.06482
0.06549
0.06946
0.06982
0.07404
0.07425
0.07828
0.07870
0.08148
0.07114
0.01535
-0.08908
-0.12082
-0.07596
-0.11160
-0.10770
-0.09872
-0.11316
-0.09439
-0.10358
-0.08951
-0.08917
-0.08121
-0.07428
-0.07028
-0.06012
-0.05798
-0.04749
-0.04562
-0.03650
-0.03415
-0.02713
-0.02393
-0.01917
-0.01514
-0.01254
-0.00790
-0.00674
-0.00208
-0.00159
0.00269
0.00308
0.00659
0.00742
0.01010
0.01151
0.01334
0.01559
0.01636
0.01959
0.01965
0.02328
0.02341
0.02682
0.02756
0.03024
0.03186
0.03391
0.03625
0.03775
0.04077
0.04169
0.04529
0.04587
0.04959
0.05045
0.05374
0.05518
0.05786
0.05984
0.06189
0.06473
0.06598
0.06973
0.07001
0.07443
0.07425
0.07886
0.07895
0.08206
0.06799
0.00537
-0.09872
-0.11478
-0.07571
-0.11609
-0.10330
-0.10205
-0.11090
-0.09470
-0.10333
-0.08820
-0.08975
-0.07950
-0.07468
-0.06866
-0.06009
-0.05682
-0.04715
-0.04492
-0.03592
-0.03378
-0.02625
-0.02383
-0.01846
-0.01511
-0.01196
-0.00775
-0.00638
-0.00180
-0.00125
0.00287
0.00330
0.00696
0.00751
0.01047
0.01163
0.01361
0.01563
0.01678
0.01941
0.02023
0.02322
0.02377
0.02707
0.02753
0.03085
0.03174
0.03452
0.03625
0.03821
0.04077
0.04208
0.04538
0.04614
0.04993
0.05048
0.05426
0.05502
0.05847
0.05981
0.06253
0.06488
0.06644
0.06967
0.07043
0.07446
0.07455
0.07928
0.07874
0.08167
0.06314
-0.00583
-0.10760
-0.10953
-0.07809
-0.11887
-0.10004
-0.10492
-0.10864
-0.09525
-0.10275
-0.08701
-0.08984
-0.07767
-0.07483
-0.06696
-0.06012
-0.05563
-0.04672
-0.04410
-0.03522
-0.03333
-0.02551
-0.02374
-0.01746
-0.01520
-0.01102
-0.00778
-0.00568
-0.00177
-0.00092
0.00311
0.00351
0.00723
0.00763
0.01080
0.01151
0.01416
0.01547
0.01733
0.01941
0.02066
0.02328
0.02402
0.02728
0.02768
0.03122
0.03174
0.03500
0.03610
0.03873
0.04071
0.04263
0.04547
0.04657
0.05005
0.05078
0.05450
0.05527
0.05884
0.05991
0.06299
0.06467
0.06696
0.06955
0.07104
0.07465
0.07501
0.07935
0.07901
0.08182
0.05930
-0.01636
-0.11542
-0.10306
-0.08035
-0.12042
-0.09686
-0.10803
-0.10590
-0.09650
-0.10144
-0.08652
-0.08963
-0.07635
-0.07504
-0.06555
-0.06018
-0.05423
-0.04663
-0.04312
-0.03485
-0.03275
-0.02502
-0.02332
-0.01688
-0.01508
-0.01038
-0.00797
-0.00491
-0.00195
-0.00027
0.00317
0.00385
0.00748
0.00772
0.01117
0.01163
0.01453
0.01553
0.01767
0.01950
0.02075
0.02356
0.02423
0.02750
0.02795
0.03137
0.03198
0.03525
0.03625
0.03928
0.04071
0.04306
0.04550
0.04684
0.05023
0.05106
0.05478
0.05542
0.05923
0.05991
0.06348
0.06470
0.06766
0.06964
0.07153
0.07455
0.07523
0.07950
0.07925
0.08105
0.05283
-0.02988
-0.12106
-0.09601
-0.08517
-0.12088
-0.09518
-0.11069
-0.10306
-0.09787
-0.09970
-0.08633
-0.08902
-0.07510
-0.07495
-0.06369
-0.06046
-0.05252
-0.04669
-0.04196
-0.03464
-0.03189
-0.02454
-0.02283
-0.01636
-0.01483
-0.00977
-0.00778
-0.00439
-0.00177
0.00012
0.00327
0.00412
0.00763
0.00793
0.01147
0.01166
0.01483
0.01553
0.01804
0.01953
0.02130
0.02350
0.02469
0.02750
0.02829
0.03156
0.03217
0.03561
0.03635
0.03952
0.04086
0.04340
0.04556
0.04742
0.05032
0.05145
0.05499
0.05557
0.05963
0.06003
0.06396
0.06470
0.06805
0.06946
0.07208
0.07434
0.07617
0.07950
0.07986
0.07993
0.04700
-0.04138
-0.12415
-0.09033
-0.09039
-0.11945
-0.09415
-0.11234
-0.10049
-0.09943
-0.09781
-0.08667
-0.08789
-0.07446
-0.07449
-0.06274
-0.06018
-0.05151
-0.04648
-0.04083
-0.03442
-0.03101
-0.02429
-0.02237
-0.01578
-0.01468
-0.00906
-0.00790
-0.00363
-0.00208
0.00089
0.00305
0.00479
0.00757
0.00839
0.01154
0.01190
0.01514
0.01559
0.01852
0.01941
0.02182
0.02335
0.02515
0.02750
0.02866
0.03174
0.03238
0.03592
0.03647
0.03998
0.04083
0.04407
0.04544
0.04794
0.05026
0.05185
0.05499
0.05603
0.05978
0.06027
0.06433
0.06467
0.06863
0.06955
0.07266
0.07452
0.07654
0.07928
0.07993
0.07837
0.04010
-0.05396
-0.12637
-0.08450
-0.09598
-0.11746
-0.09409
-0.11389
-0.09821
-0.10098
-0.09552
-0.08719
-0.08643
-0.07407
-0.07376
-0.06168
-0.05991
-0.05014
-0.04642
-0.03964
-0.03439
-0.03012
-0.02414
-0.02158
-0.01556
-0.01419
-0.00870
-0.00763
-0.00327
-0.00180
0.00125
0.00320
0.00513
0.00766
0.00864
0.01169
0.01208
0.01544
0.01556
0.01895
0.01932
0.02228
0.02338
0.02557
0.02762
0.02899
0.03186
0.03262
0.03616
0.03659
0.04037
0.04089
0.04443
0.04547
0.04840
0.05029
0.05240
0.05518
0.05649
0.05981
0.06067
0.06442
0.06500
0.06903
0.06946
0.07321
0.07419
0.07709
0.07925
0.08084
0.07687
0.03226
-0.06677
-0.12579
-0.07993
-0.10211
-0.11438
-0.09503
-0.11438
-0.09613
-0.10226
-0.09320
-0.08804
-0.08472
-0.07413
-0.07263
-0.06104
-0.05942
-0.04910
-0.04636
-0.03845
-0.03430
-0.02908
-0.02396
-0.02084
-0.01532
-0.01376
-0.00830
-0.00748
-0.00262
-0.00198
0.00192
0.00296
0.00577
0.00754
0.00912
0.01181
0.01236
0.01563
0.01584
0.01907
0.01962
0.02249
0.02347
0.02597
0.02756
0.02936
0.03198
0.03296
0.03635
0.03690
0.04062
0.04108
0.04477
0.04562
0.04886
0.05035
0.05276
0.05518
0.05679
0.05997
0.06091
0.06485
0.06516
0.06934
0.06955
0.07376
0.07422
0.07806
0.07898
0.08124
0.07385
0.02374
-0.07788
-0.12350
-0.07736
-0.10751
-0.11063
-0.09698
-0.11377
-0.09518
-0.10318
-0.09122
-0.08884
-0.08279
-0.07416
-0.07147
-0.06042
-0.05884
-0.04816
-0.04602
-0.03738
-0.03418
-0.02814
-0.02393
-0.02008
-0.01523
-0.01309
-0.00809
-0.00711
-0.00232
-0.00174
0.00226
0.00314
0.00613
0.00763
0.00949
0.01175
0.01276
0.01563
0.01608
0.01941
0.01956
0.02301
0.02335
0.02649
0.02747
0.03003
0.03183
0.03354
0.03629
0.03723
0.04077
0.04132
0.04517
0.04559
0.04935
0.05023
0.05344
0.05505
0.05743
0.06009
0.06140
0.06485
0.06543
0.06958
0.06976
0.07419
0.07413
0.07837
0.07874
0.08151
0.07095
0.01413
-0.09030
-0.12054
-0.07562
-0.11227
-0.10712
-0.09915
-0.11288
-0.09445
-0.10349
-0.08939
-0.08914
-0.08115
-0.07425
-0.07010
-0.06018
-0.05777
-0.04749
-0.04550
-0.03644
-0.03412
-0.02707
-0.02380
-0.01920
-0.01501
-0.01254
-0.00787
-0.00668
-0.00214
-0.00146
0.00262
0.00320
0.00656
0.00751
0.01001
0.01169
0.01321
0.01569
0.01645
0.01947
0.01984
0.02316
0.02356
0.02679
0.02750
0.03046
0.03168
0.03409
0.03616
0.03793
0.04065
0.04187
0.04517
0.04596
0.04965
0.05042
0.05380
0.05521
0.05774
0.06012
0.06168
0.06497
0.06589
0.06982
0.07004
0.07440
0.07434
0.07886
0.07904
0.08200
0.06744
0.00400
-0.09967
-0.11420
-0.07593
-0.11636
-0.10306
-0.10226
-0.11075
-0.09467
-0.10336
-0.08795
-0.08990
-0.07919
-0.07474
-0.06842
-0.06012
-0.05670
-0.04700
-0.04498
-0.03571
-0.03378
-0.02621
-0.02374
-0.01837
-0.01514
-0.01184
-0.00778
-0.00623
-0.00180
-0.00128
0.00296
0.00336
0.00687
0.00766
0.01044
0.01163
0.01370
0.01556
0.01682
0.01947
0.02023
0.02325
0.02383
0.02701
0.02771
0.03064
0.03201
0.03433
0.03647
0.03802
0.04099
0.04196
0.04541
0.04623
0.04996
0.05045
0.05435
0.05502
0.05850
0.05984
0.06259
0.06485
0.06644
0.06982
0.07025
0.07465
0.07452
0.07935
0.07867
0.08176
0.06238
-0.00684
-0.10867
-0.10895
-0.07816
-0.11926
-0.09949
-0.10541
-0.10822
-0.09543
-0.10257
-0.08694
-0.08984
-0.07742
-0.07492
-0.06674
-0.06015
-0.05551
-0.04663
-0.04410
-0.03510
-0.03326
-0.02551
-0.02359
-0.01749
-0.01511
-0.01099
-0.00781
-0.00555
-0.00186
-0.00076
0.00302
0.00360
0.00729
0.00754
0.01096
0.01147
0.01422
0.01550
0.01727
0.01962
0.02048
0.02344
0.02396
0.02734
0.02774
0.03116
0.03186
0.03491
0.03622
0.03867
0.04083
0.04263
0.04550
0.04660
0.05011
0.05069
0.05469
0.05518
0.05899
0.05988
0.06299
0.06470
0.06696
0.06973
0.07098
0.07468
0.07507
0.07935
0.07907
0.08176
0.05896
-0.01776
-0.11606
-0.10226
-0.08069
-0.12064
-0.09653
-0.10843
-0.10556
-0.09671
-0.10123
-0.08649
-0.08963
-0.07617
-0.07516
-0.06522
-0.06039
-0.05386
-0.04678
-0.04291
-0.03485
-0.03271
-0.02496
-0.02322
-0.01691
-0.01498
-0.01031
-0.00793
-0.00491
-0.00189
-0.00021
0.00317
0.00391
0.00748
0.00772
0.01129
0.01154
0.01468
0.01541
0.01782
0.01938
0.02094
0.02353
0.02420
0.02762
0.02792
0.03146
0.03192
0.03537
0.03622
0.03931
0.04077
0.04303
0.04556
0.04688
0.05023
0.05109
0.05487
0.05536
0.05936
0.05984
0.06360
0.06470
0.06772
0.06958
0.07162
0.07446
0.07535
0.07947
0.07928
0.08099
0.05203
-0.03128
-0.12155
-0.09534
-0.08575
-0.12091
-0.09488
-0.11102
-0.10263
-0.09808
-0.09946
-0.08636
-0.08884
-0.07507
-0.07480
-0.06372
-0.06021
-0.05258
-0.04654
-0.04193
-0.03455
-0.03183
-0.02451
-0.02277
-0.01627
-0.01486
-0.00961
-0.00790
-0.00412
-0.00198
0.00031
0.00323
0.00412
0.00769
0.00800
0.01138
0.01178
0.01486
0.01547
0.01822
0.01941
0.02139
0.02350
0.02469
0.02762
0.02817
0.03168
0.03214
0.03564
0.03638
0.03958
0.04086
0.04343
0.04556
0.04755
0.05026
0.05154
0.05496
0.05573
0.05951
0.06018
0.06390
0.06476
0.06808
0.06943
0.07220
0.07440
0.07617
0.07962
0.07983
0.07983
0.04623
-0.04254
-0.12460
-0.08954
-0.09103
-0.11920
-0.09412
-0.11255
-0.10013
-0.09979
-0.09735
-0.08691
-0.08765
-0.07443
-0.07446
-0.06256
-0.06027
-0.05118
-0.04672
-0.04044
-0.03461
-0.03085
-0.02429
-0.02228
-0.01578
-0.01459
-0.00909
-0.00778
-0.00375
-0.00180
0.00067
0.00327
0.00470
0.00772
0.00830
0.01166
0.01184
0.01526
0.01553
0.01859
0.01941
0.02179
0.02347
0.02512
0.02756
0.02866
0.03183
0.03238
0.03592
0.03656
0.03986
0.04108
0.04391
0.04553
0.04800
0.05020
0.05194
0.05505
0.05603
0.05984
0.06027
0.06442
0.06458
0.06888
0.06934
0.07294
0.07434
0.07669
0.07919
0.07993
0.07822
0.03903
-0.05554
-0.12653
-0.08389
-0.09665
-0.11725
-0.09412
-0.11411
-0.09778
-0.10132
-0.09509
-0.08734
-0.08615
-0.07407
-0.07367
-0.06155
-0.05981
-0.04999
-0.04645
-0.03946
-0.03442
-0.03000
-0.02402
-0.02158
-0.01547
-0.01416
-0.00864
-0.00766
-0.00308
-0.00192
0.00134
0.00330
0.00504
0.00778
0.00858
0.01172
0.01215
0.01544
0.01566
0.01889
0.01941
0.02228
0.02338
0.02570
0.02753
0.02908
0.03180
0.03278
0.03604
0.03677
0.04028
0.04099
0.04440
0.04550
0.04846
0.05032
0.05243
0.05521
0.05643
0.05991
0.06061
0.06454
0.06500
0.06903
0.06949
0.07321
0.07413
0.07733
0.07922
0.08090
0.07669
0.03131
-0.06808
-0.12540
-0.07956
-0.10284
-0.11386
-0.09531
-0.11417
-0.09610
-0.10236
-0.09299
-0.08817
-0.08450
-0.07416
-0.07251
-0.06097
-0.05939
-0.04895
-0.04633
-0.03839
-0.03427
-0.02902
-0.02383
-0.02087
-0.01526
-0.01373
-0.00827
-0.00745
-0.00259
-0.00189
0.00186
0.00308
0.00574
0.00757
0.00919
0.01178
0.01248
0.01550
0.01593
0.01910
0.01953
0.02267
0.02335
0.02609
0.02747
0.02951
0.03183
0.03320
0.03622
0.03702
0.04059
0.04108
0.04489
0.04550
0.04907
0.05014
0.05307
0.05499
0.05695
0.05991
0.06110
0.06476
0.06525
0.06937
0.06955
0.07382
0.07431
0.07800
0.07907
0.08105
0.07361
0.02258
-0.07925
-0.12323
-0.07724
-0.10803
-0.11032
-0.09708
-0.11380
-0.09503
-0.10330
-0.09100
-0.08875
-0.08279
-0.07394
-0.07141
-0.06036
-0.05869
-0.04810
-0.04596
-0.03723
-0.03424
-0.02802
-0.02383
-0.02008
-0.01514
-0.01309
-0.00797
-0.00714
-0.00223
-0.00180
0.00241
0.00305
0.00632
0.00748
0.00967
0.01166
0.01282
0.01566
0.01608
0.01944
0.01962
0.02295
0.02341
0.02652
0.02750
0.03009
0.03174
0.03366
0.03622
0.03738
0.04062
0.04153
0.04498
0.04578
0.04938
0.05017
0.05359
0.05502
0.05753
0.06006
0.06140
0.06491
0.06543
0.06958
0.06982
0.07419
0.07413
0.07849
0.07855
0.08176
0.07071
0.01309
-0.09140
-0.11990
-0.07541
-0.11298
-0.10641
-0.09964
-0.11255
-0.09448
-0.10352
-0.08914
-0.08936
-0.08084
-0.07431
-0.07004
-0.06009
-0.05774
-0.04733
-0.04553
-0.03632
-0.03409
-0.02695
-0.02386
-0.01901
-0.01517
-0.01233
-0.00793
-0.00671
-0.00192
-0.00165
0.00287
0.00305
0.00668
0.00751
0.01004
0.01169
0.01334
0.01556
0.01663
0.01932
0.01999
0.02310
0.02365
0.02673
0.02765
0.03030
0.03192
0.03391
0.03641
0.03772
0.04095
0.04169
0.04535
0.04590
0.04974
0.05035
0.05399
0.05502
0.05801
0.05988
0.06198
0.06479
0.06607
0.06979
0.07010
0.07446
0.07431
0.07898
0.07901
0.08194
0.06693
0.00259
-0.10068
-0.11368
-0.07605
-0.11691
-0.10254
-0.10272
-0.11041
-0.09479
-0.10327
-0.08789
-0.08981
-0.07907
-0.07471
-0.06827
-0.06006
-0.05655
-0.04700
-0.04483
-0.03568
-0.03363
-0.02621
-0.02371
-0.01831
-0.01508
-0.01175
-0.00781
-0.00613
-0.00183
-0.00119
0.00299
0.00327
0.00711
0.00751
0.01056
0.01154
0.01385
0.01544
0.01703
0.01935
0.02032
0.02325
0.02386
0.02704
0.02771
0.03073
0.03195
0.03452
0.03625
0.03830
0.04080
0.04214
0.04541
0.04623
0.04996
0.05057
0.05429
0.05515
0.05844
0.06000
0.06253
0.06491
0.06650
0.06967
0.07043
0.07452
0.07471
0.07925
0.07880
0.08160
0.06210
-0.00818
-0.10965
-0.10828
-0.07840
-0.11938
-0.09921
-0.10559
-0.10803
-0.09552
-0.10242
-0.08694
-0.08963
-0.07742
-0.07486
-0.06662
-0.06018
-0.05524
-0.04675
-0.04385
-0.03510
-0.03323
-0.02539
-0.02356
-0.01743
-0.01511
-0.01080
-0.00797
-0.00540
-0.00186
-0.00082
0.00320
0.00351
0.00732
0.00763
0.01086
0.01163
0.01410
0.01566
0.01730
0.01953
0.02057
0.02344
0.02396
0.02740
0.02774
0.03116
0.03192
0.03491
0.03622
0.03882
0.04077
0.04272
0.04544
0.04669
0.05011
0.05075
0.05469
0.05521
0.05899
0.05988
0.06305
0.06473
0.06705
0.06967
0.07111
0.07474
0.07504
0.07947
0.07898
0.08173
0.05811
-0.01929
-0.11667
-0.10147
-0.08115
-0.12076
-0.09634
-0.10870
-0.10532
-0.09671
-0.10126
-0.08630
-0.08960
-0.07608
-0.07510
-0.06503
-0.06036
-0.05371
-0.04678
-0.04276
-0.03485
-0.03259
-0.02487
-0.02328
-0.01672
-0.01505
-0.01019
-0.00793
-0.00488
-0.00177
-0.00031
0.00327
0.00394
0.00745
0.00784
0.01117
0.01172
0.01450
0.01566
0.01764
0.01953
0.02097
0.02338
0.02451
0.02744
0.02805
0.03146
0.03195
0.03537
0.03638
0.03925
0.04080
0.04312
0.04541
0.04712
0.05011
0.05127
0.05478
0.05548
0.05933
0.05991
0.06369
0.06467
0.06778
0.06955
0.07169
0.07440
0.07550
0.07935
0.07941
0.08090
0.05130
-0.03250
-0.12201
-0.09457
-0.08649
-0.12076
-0.09470
-0.11127
-0.10233
-0.09821
-0.09927
-0.08640
-0.08871
-0.07495
-0.07477
-0.06360
-0.06021
-0.05246
-0.04648
-0.04184
-0.03452
-0.03171
-0.02448
-0.02271
-0.01620
-0.01483
-0.00955
-0.00781
-0.00418
-0.00192
0.00037
0.00317
0.00424
0.00769
0.00793
0.01154
0.01172
0.01495
0.01547
0.01822
0.01944
0.02148
0.02341
0.02484
0.02747
0.02835
0.03165
0.03210
0.03580
0.03629
0.03970
0.04080
0.04358
0.04547
0.04767
0.05020
0.05164
0.05496
0.05566
0.05969
0.05997
0.06424
0.06448
0.06833
0.06931
0.07233
0.07440
0.07626
0.07959
0.07986
0.07971
0.04559
-0.04388
-0.12485
-0.08899
-0.09149
-0.11908
-0.09387
-0.11295
-0.09982
-0.09991
-0.09720
-0.08694
-0.08746
-0.07449
-0.07425
-0.06259
-0.06012
-0.05115
-0.04657
-0.04047
-0.03448
-0.03085
-0.02417
-0.02225
-0.01581
-0.01450
-0.00906
-0.00772
-0.00369
-0.00189
0.00082
0.00327
0.00470
0.00778
0.00827
0.01172
0.01184
0.01526
0.01556
0.01865
0.01938
0.02188
0.02335
0.02527
0.02753
0.02875
0.03174
0.03253
0.03592
0.03647
0.04013
0.04083
0.04413
0.04547
0.04800
0.05029
0.05200
0.05499
0.05615
0.05988
0.06030
0.06439
0.06476
0.06873
0.06955
0.07291
0.07428
0.07678
0.07913
0.08005
0.07803
0.03812
-0.05728
-0.12653
-0.08344
-0.09726
-0.11700
-0.09424
-0.11411
-0.09775
-0.10120
-0.09500
-0.08731
-0.08600
-0.07404
-0.07358
-0.06137
-0.05991
-0.04974
-0.04645
-0.03937
-0.03436
-0.02988
-0.02408
-0.02139
-0.01550
-0.01407
-0.00858
-0.00766
-0.00302
-0.00192
0.00153
0.00305
0.00537
0.00754
0.00876
0.01172
0.01212
0.01553
0.01566
0.01895
0.01938
0.02234
0.02341
0.02567
0.02759
0.02905
0.03192
0.03271
0.03610
0.03671
0.04047
0.04083
0.04462
0.04538
0.04868
0.05011
0.05270
0.05502
0.05661
0.05988
0.06058
0.06467
0.06491
0.06915
0.06943
0.07333
0.07413
0.07736
0.07932
0.08096
0.07626
0.03043
-0.06943
-0.12503
-0.07932
-0.10330
-0.11356
-0.09546
-0.11414
-0.09589
-0.10254
-0.09268
-0.08835
-0.08423
-0.07425
-0.07227
-0.06100
-0.05917
-0.04904
-0.04617
-0.03830
-0.03421
-0.02896
-0.02380
-0.02084
-0.01517
-0.01373
-0.00818
-0.00751
-0.00244
-0.00198
0.00195
0.00311
0.00574
0.00763
0.00919
0.01181
0.01242
0.01572
0.01575
0.01932
0.01941
0.02277
0.02335
0.02612
0.02740
0.02969
0.03177
0.03329
0.03619
0.03711
0.04050
0.04129
0.04477
0.04568
0.04889
0.05038
0.05289
0.05515
0.05692
0.06000
0.06110
0.06479
0.06531
0.06937
0.06958
0.07391
0.07419
0.07822
0.07889
0.08109
0.07318
0.02151
-0.08072
-0.12283
-0.07715
-0.10858
-0.10989
-0.09735
-0.11368
-0.09497
-0.10339
-0.09073
-0.08890
-0.08237
-0.07416
-0.07114
-0.06036
-0.05865
-0.04782
-0.04605
-0.03705
-0.03427
-0.02783
-0.02393
-0.01990
-0.01511
-0.01306
-0.00797
-0.00699
-0.00232
-0.00168
0.00238
0.00314
0.00623
0.00760
0.00961
0.01169
0.01291
0.01559
0.01617
0.01944
0.01962
0.02304
0.02335
0.02664
0.02747
0.03009
0.03183
0.03363
0.03629
0.03735
0.04074
0.04144
0.04510
0.04584
0.04929
0.05032
0.05353
0.05511
0.05756
0.06000
0.06155
0.06479
0.06552
0.06961
0.06985
0.07419
0.07422
0.07837
0.07886
0.08167
0.07056
0.01205
-0.09256
-0.11911
-0.07544
-0.11337
-0.10593
-0.10001
-0.11234
-0.09445
-0.10352
-0.08893
-0.08951
-0.08054
-0.07449
-0.06973
-0.06018
-0.05753
-0.04742
-0.04529
-0.03647
-0.03384
-0.02698
-0.02380
-0.01889
-0.01523
-0.01224
-0.00793
-0.00659
-0.00208
-0.00137
0.00266
0.00327
0.00662
0.00751
0.01010
0.01172
0.01331
0.01566
0.01657
0.01944
0.01990
0.02319
0.02362
0.02689
0.02750
0.03052
0.03171
0.03418
0.03625
0.03790
0.04083
0.04187
0.04517
0.04614
0.04956
0.05054
0.05399
0.05496
0.05814
0.05978
0.06216
0.06473
0.06625
0.06961
0.07037
0.07434
0.07434
0.07907
0.07895
0.08194
0.06631
0.00128
-0.10181
-0.11295
-0.07648
-0.11710
-0.10229
-0.10303
-0.11014
-0.09485
-0.10318
-0.08780
-0.08987
-0.07877
-0.07471
-0.06808
-0.06009
-0.05637
-0.04703
-0.04462
-0.03568
-0.03357
-0.02612
-0.02368
-0.01822
-0.01511
-0.01160
-0.00784
-0.00604
-0.00177
-0.00125
0.00314
0.00320
0.00717
0.00748
0.01065
0.01151
0.01389
0.01547
0.01697
0.01953
0.02020
0.02341
0.02383
0.02704
0.02777
0.03076
0.03192
0.03461
0.03622
0.03839
0.04074
0.04224
0.04541
0.04626
0.05005
0.05054
0.05438
0.05511
0.05853
0.06000
0.06262
0.06488
0.06647
0.06982
0.07031
0.07471
0.07465
0.07925
0.07898
0.08142
0.06186
-0.00955
-0.11057
-0.10760
-0.07867
-0.11951
-0.09894
-0.10590
-0.10770
-0.09564
-0.10229
-0.08682
-0.08969
-0.07721
-0.07489
-0.06644
-0.06018
-0.05508
-0.04672
-0.04379
-0.03500
-0.03311
-0.02536
-0.02356
-0.01727
-0.01514
-0.01071
-0.00790
-0.00543
-0.00183
-0.00070
0.00311
0.00363
0.00732
0.00760
0.01099
0.01157
0.01419
0.01563
0.01736
0.01956
0.02051
0.02353
0.02396
0.02744
0.02774
0.03122
0.03189
0.03500
0.03625
0.03879
0.04086
0.04272
0.04547
0.04675
0.05005
0.05084
0.05466
0.05527
0.05905
0.05981
0.06314
0.06470
0.06708
0.06976
0.07114
0.07468
0.07520
0.07935
0.07907
0.08167
0.05722
-0.02075
-0.11740
-0.10052
-0.08173
-0.12076
-0.09613
-0.10907
-0.10495
-0.09702
-0.10086
-0.08643
-0.08945
-0.07602
-0.07498
-0.06497
-0.06021
-0.05365
-0.04666
-0.04276
-0.03473
-0.03253
-0.02487
-0.02313
-0.01669
-0.01501
-0.01013
-0.00800
-0.00470
-0.00186
-0.00015
0.00323
0.00394
0.00757
0.00769
0.01141
0.01147
0.01483
0.01538
0.01788
0.01938
0.02109
0.02341
0.02451
0.02747
0.02808
0.03149
0.03195
0.03546
0.03632
0.03925
0.04086
0.04315
0.04541
0.04721
0.05005
0.05136
0.05481
0.05548
0.05939
0.05994
0.06372
0.06467
0.06787
0.06955
0.07172
0.07437
0.07559
0.07938
0.07950
0.08075
0.05069
-0.03384
-0.12231
-0.09402
-0.08701
-0.12070
-0.09454
-0.11145
-0.10202
-0.09839
-0.09900
-0.08652
-0.08850
-0.07501
-0.07462
-0.06354
-0.06015
-0.05231
-0.04663
-0.04147
-0.03464
-0.03159
-0.02435
-0.02277
-0.01608
-0.01480
-0.00949
-0.00781
-0.00409
-0.00192
0.00040
0.00317
0.00436
0.00760
0.00809
0.01154
0.01169
0.01501
0.01550
0.01822
0.01947
0.02151
0.02344
0.02481
0.02756
0.02832
0.03168
0.03217
0.03580
0.03629
0.03979
0.04074
0.04364
0.04562
0.04752
0.05038
0.05151
0.05508
0.05563
0.05972
0.06006
0.06415
0.06467
0.06815
0.06955
0.07220
0.07455
0.07626
0.07962
0.07974
0.07968
0.04489
-0.04523
-0.12509
-0.08841
-0.09195
-0.11902
-0.09369
-0.11322
-0.09949
-0.10013
-0.09702
-0.08691
-0.08740
-0.07434
-0.07428
-0.06241
-0.06015
-0.05096
-0.04657
-0.04031
-0.03452
-0.03073
-0.02417
-0.02219
-0.01575
-0.01447
-0.00897
-0.00781
-0.00354
-0.00195
0.00098
0.00314
0.00488
0.00766
0.00836
0.01175
0.01184
0.01532
0.01556
0.01868
0.01932
0.02203
0.02325
0.02539
0.02747
0.02884
0.03177
0.03250
0.03601
0.03647
0.04010
0.04092
0.04410
0.04553
0.04803
0.05023
0.05209
0.05499
0.05624
0.05981
0.06042
0.06433
0.06488
0.06866
0.06964
0.07288
0.07437
0.07666
0.07925
0.08014
0.07782
0.03717
-0.05890
-0.12671
-0.08273
-0.09802
-0.11682
-0.09409
-0.11450
-0.09720
-0.10153
-0.09467
-0.08737
-0.08582
-0.07407
-0.07336
-0.06137
-0.05978
-0.04962
-0.04651
-0.03915
-0.03439
-0.02979
-0.02390
-0.02151
-0.01529
-0.01410
-0.00851
-0.00763
-0.00296
-0.00192
0.00156
0.00308
0.00531
0.00769
0.00864
0.01187
0.01208
0.01556
0.01566
0.01898
0.01938
0.02243
0.02332
0.02588
0.02744
0.02924
0.03177
0.03284
0.03610
0.03677
0.04044
0.04099
0.04453
0.04553
0.04852
0.05038
0.05252
0.05521
0.05652
0.05991
0.06067
0.06461
0.06500
0.06921
0.06940
0.07339
0.07413
0.07755
0.07925
0.08109
0.07590
0.02942
-0.07065
-0.12473
-0.07895
-0.10400
-0.11307
-0.09564
-0.11407
-0.09579
-0.10260
-0.09256
-0.08832
-0.08417
-0.07407
-0.07233
-0.06076
-0.05927
-0.04874
-0.04636
-0.03799
-0.03433
-0.02872
-0.02390
-0.02072
-0.01514
-0.01376
-0.00806
-0.00748
-0.00247
-0.00192
0.00201
0.00311
0.00574
0.00772
0.00922
0.01169
0.01266
0.01544
0.01599
0.01923
0.01944
0.02283
0.02328
0.02625
0.02744
0.02966
0.03186
0.03323
0.03629
0.03708
0.04062
0.04120
0.04483
0.04568
0.04901
0.05029
0.05301
0.05502
0.05710
0.06000
0.06113
0.06482
0.06531
0.06940
0.06964
0.07385
0.07434
0.07806
0.07898
0.08096
0.07285
0.02039
-0.08212
-0.12259
-0.07693
-0.10916
-0.10950
-0.09766
-0.11349
-0.09500
-0.10330
-0.09055
-0.08899
-0.08206
-0.07425
-0.07092
-0.06036
-0.05847
-0.04785
-0.04593
-0.03693
-0.03430
-0.02765
-0.02402
-0.01968
-0.01517
-0.01291
-0.00797
-0.00699
-0.00220
-0.00171
0.00247
0.00308
0.00635
0.00754
0.00970
0.01163
0.01303
0.01550
0.01636
0.01929
0.01978
0.02301
0.02341
0.02661
0.02750
0.03018
0.03174
0.03372
0.03625
0.03745
0.04074
0.04150
0.04517
0.04575
0.04944
0.05029
0.05359
0.05511
0.05768
0.05991
0.06161
0.06485
0.06552
0.06967
0.06985
0.07428
0.07416
0.07858
0.07874
0.08188
0.07022
0.01111
-0.09378
-0.11826
-0.07550
-0.11380
-0.10544
-0.10040
-0.11200
-0.09457
-0.10345
-0.08878
-0.08960
-0.08035
-0.07455
-0.06955
-0.06012
-0.05746
-0.04733
-0.04532
-0.03625
-0.03394
-0.02679
-0.02383
-0.01880
-0.01520
-0.01218
-0.00800
-0.00644
-0.00204
-0.00143
0.00281
0.00314
0.00681
0.00742
0.01025
0.01166
0.01340
0.01563
0.01660
0.01947
0.01993
0.02316
0.02368
0.02664
0.02676
0.02832
0.02832
0.02939
0.02951
0.02957
0.03024
0.02921
0.03036
0.02866
0.02988
0.02814
0.02887
0.02747
0.02765
0.02667
0.02631
0.02588
0.02478
0.02509
0.02328
0.02399
0.02203
0.02274
0.02097
0.02100
0.01511
-0.00345
-0.03137
-0.03238
-0.02158
-0.03189
-0.02606
-0.02597
-0.02621
-0.02167
-0.02274
-0.01813
-0.01779
-0.01453
-0.01294
-0.01083
-0.00873
-0.00732
-0.00525
-0.00430
-0.00244
-0.00183
-0.00052
0.00003
0.00085
0.00134
0.00168
0.00214
0.00208
0.00253
0.00229
0.00244
0.00232
0.00229
0.00211
0.00201
0.00186
0.00165
0.00156
0.00137
0.00125
0.00101
0.00110
0.00064
0.00089
0.00052
0.00055
0.00049
0.00034
0.00031
0.00031
0.00021
0.00018
0.00015
0.00015
0.00006
0.00012
0.00009
0.00003
0.00006
0.00003
0.00003
0.00000
0.00006
-0.00003
0.00003
-0.00003
0.00003
-0.00006
0.00003
-0.00009
0.00003
-0.00015
0.00000
-0.00021
0.00003
-0.00009
-0.00006
0.00000
-0.00009
0.00003
-0.00003
-0.00003
0.00000
0.00000
-0.00003
0.00003
0.00000
0.00000
0.00003
-0.00003
0.00006
-0.00003
0.00003
-0.00006
0.00015
-0.00015
0.00009
0.00000
0.00000
0.00000
0.00003
-0.00006
0.00012
-0.00012
0.00009
-0.00006
0.00006
-0.00003
0.00000
-0.00003
0.00006
-0.00006
0.00003
0.00000
-0.00003
0.00006
-0.00003
0.00000
0.00000
-0.00003
0.00006
-0.00006
0.00003
-0.00003
0.00000
0.00003
0.00000
-0.00003
0.00003
-0.00006
0.00012
-0.00012
0.00009
-0.00006
0.00006
-0.00006
0.00003
-0.00003
0.00006
-0.00003
-0.00003
0.00009
-0.00012
0.00009
-0.00006
0.00006
-0.00006
0.00012
-0.00018
0.00018
-0.00012
0.00003
0.00006
-0.00015
0.00018
-0.00018
0.00015
-0.00012
0.00009
-0.00009
0.00006
-0.00003
0.00000
0.00000
-0.00003
0.00009
-0.00012
0.00012
-0.00009
0.00003
0.00003
-0.00003
0.00000
0.00006
-0.00012
0.00018
-0.00018
0.00012
-0.00006
0.00000
0.00003
-0.00003
0.00003
-0.00003
0.00003
0.00000
-0.00003
0.00003
0.00000
-0.00003
0.00003
0.00000
-0.00003
0.00006
-0.00003
0.00000
0.00000
-0.00006
0.00009
-0.00009
0.00009
-0.00009
0.00006
-0.00003
0.00003
-0.00006
0.00006
-0.00003
0.00000
0.00003
-0.00003
0.00000
0.00000
0.00000
0.00000
0.00003
-0.00003
0.00000
0.00000
-0.00003
0.00003
0.00003
-0.00006
0.00006
-0.00006
0.00003
0.00000
-0.00003
0.00003
0.00000
-0.00003
0.00003
-0.00003
0.00003
-0.00003
0.00003
-0.00003
0.00003
0.00003
-0.00006
0.00003
0.00000
0.00000
0.00000
0.00000
-0.00003
0.00006
-0.00009
0.00012
-0.00015
0.00009
0.00000
-0.00006
0.00006
-0.00006
0.00003
0.00003
-0.00009
0.00009
-0.00003
-0.00003
0.00006
-0.00003
0.00000
0.00000
0.00000
-0.00003
0.00006
-0.00006
0.00003
0.00000
0.00000
0.00003
-0.00003
0.00003
-0.00003
0.00003
0.00000
0.00000
-0.00003
0.00006
-0.00003
0.00000
-0.00003
0.00006
0.00000
-0.00006
0.00009
-0.00012
0.00012
-0.00006
0.00003
-0.00003
0.00003
0.00000
-0.00006
0.00009
-0.00012
0.00012
-0.00009
0.00006
-0.00003
0.00000
0.00003
-0.00006
0.00009
-0.00012
0.00012
-0.00009
0.00000
0.00006
-0.00009
0.00006
-0.00003
0.00000
0.00003
-0.00003
0.00000
0.00003
-0.00006
0.00009
-0.00012
0.00012
-0.00009
0.00006
-0.00006
0.00003
0.00000
-0.00003
0.00009
-0.00012
0.00009
-0.00003
0.00000
0.00000
0.00003
-0.00006
0.00006
-0.00006
0.00006
-0.00003
-0.00003
0.00006
-0.00006
0.00003
0.00003
-0.00006
0.00006
-0.00003
0.00000
0.00006
-0.00009
0.00006
-0.00003
0.00003
0.00000
-0.00003
0.00006
-0.00009
0.00006
-0.00003
0.00003
-0.00003
0.00000
0.00000
0.00003
-0.00006
0.00003
0.00000
0.00000
0.00000
0.00003
-0.00006
0.00006
-0.00003
0.00003
0.00000
-0.00003
0.00000
0.00003
0.00000
-0.00006
0.00009
-0.00009
0.00006
0.00000
-0.00003
0.00000
0.00000
0.00000
0.00000
-0.00003
0.00006
-0.00009
0.00006
-0.00003
0.00000
0.00000
0.00003
0.00000
-0.00006
0.00003
0.00003
-0.00006
0.00006
-0.00003
-0.00003
0.00009
-0.00009
0.00003
0.00000
-0.00003
0.00003
0.00000
-0.00006
0.00009
-0.00009
0.00006
-0.00009
0.00009
-0.00003
0.00003
-0.00009
0.00009
-0.00012
0.00015
-0.00012
0.00009
-0.00012
0.00012
-0.00015
0.00021
-0.00021
0.00015
-0.00006
0.00000
0.00000
0.00003
-0.00006
0.00006
-0.00006
0.00006
-0.00003
0.00003
-0.00006
0.00009
-0.00006
0.00006
-0.00003
-0.00003
0.00003
-0.00003
0.00003
0.00000
-0.00003
0.00003
-0.00003
0.00006
-0.00009
0.00006
-0.00006
0.00009
-0.00009
0.00006
-0.00006
0.00009
-0.00006
0.00000
0.00000
0.00003
-0.00006
0.00012
-0.00018
0.00015
-0.00009
0.00006
-0.00006
0.00006
-0.00006
0.00006
-0.00003
0.00000
-0.00003
0.00006
-0.00003
0.00000
0.00000
0.00003
-0.00006
0.00006
-0.00003
-0.00003
0.00009
-0.00009
0.00009
-0.00009
0.00003
0.00003
-0.00003
0.00003
-0.00003
-0.00003
0.00006
-0.00006
0.00006
-0.00006
0.00003
-0.00003
0.00003
-0.00003
0.00003
-0.00006
0.00006
-0.00003
0.00003
-0.00003
0.00003
-0.00003
0.00003
-0.00003
0.00003
