-0.00003
0.00006
-0.00006
0.00000
0.00012
-0.00003
0.00031
0.00034
0.00073
0.00098
0.00156
0.00195
0.00278
0.00348
0.00443
0.00558
0.00647
0.00815
0.00912
0.01105
0.01242
0.01422
0.01633
0.01785
0.02036
0.02213
0.02460
0.02698
0.02902
0.03201
0.03400
0.03693
0.03973
0.04175
0.04562
0.04706
0.05103
0.05365
0.05573
0.06052
0.05838
0.04514
-0.01788
-0.08591
-0.07214
-0.06604
-0.08896
-0.08017
-0.08398
-0.08817
-0.08032
-0.08472
-0.07837
-0.07587
-0.07419
-0.06665
-0.06622
-0.05917
-0.05618
-0.05228
-0.04642
-0.04440
-0.03812
-0.03516
-0.03137
-0.02649
-0.02493
-0.01987
-0.01828
-0.01501
-0.01193
-0.01068
-0.00690
-0.00616
-0.00333
-0.00131
-0.00037
0.00293
0.00311
0.00598
0.00726
0.00854
0.01141
0.01154
0.01465
0.01553
0.01733
0.01987
0.02029
0.02347
0.02429
0.02652
0.02878
0.02960
0.03290
0.03339
0.03635
0.03806
0.03937
0.04260
0.04303
0.04617
0.04782
0.04916
0.05264
0.05255
0.05643
0.05734
0.05920
0.06256
0.06216
0.06665
0.06683
0.06921
0.07239
0.07172
0.07697
0.07578
0.07993
0.08118
0.07217
0.02960
-0.07990
-0.12152
-0.08398
-0.10486
-0.11456
-0.10031
-0.11298
-0.10355
-0.10049
-0.10007
-0.08875
-0.08868
-0.07895
-0.07379
-0.06879
-0.05988
-0.05688
-0.04910
-0.04437
-0.04010
-0.03342
-0.03159
-0.02533
-0.02313
-0.01950
-0.01566
-0.01450
-0.01025
-0.00931
-0.00671
-0.00418
-0.00375
-0.00031
-0.00018
0.00229
0.00391
0.00461
0.00745
0.00760
0.01022
0.01141
0.01260
0.01535
0.01559
0.01855
0.01959
0.02130
0.02396
0.02441
0.02774
0.02853
0.03082
0.03317
0.03406
0.03738
0.03809
0.04074
0.04291
0.04391
0.04736
0.04773
0.05099
0.05267
0.05380
0.05753
0.05734
0.06128
0.06219
0.06400
0.06741
0.06689
0.07159
0.07153
0.07413
0.07736
0.07602
0.08237
0.07800
0.06253
-0.01431
-0.11478
-0.10358
-0.08603
-0.11679
-0.10529
-0.10559
-0.11151
-0.09937
-0.10272
-0.09436
-0.08838
-0.08572
-0.07513
-0.07291
-0.06424
-0.05850
-0.05414
-0.04590
-0.04346
-0.03656
-0.03265
-0.02921
-0.02359
-0.02225
-0.01730
-0.01526
-0.01282
-0.00931
-0.00876
-0.00500
-0.00439
-0.00211
-0.00006
0.00058
0.00342
0.00375
0.00610
0.00757
0.00842
0.01129
0.01129
0.01422
0.01538
0.01666
0.01944
0.01987
0.02283
0.02402
0.02579
0.02841
0.02908
0.03232
0.03326
0.03552
0.03806
0.03870
0.04233
0.04285
0.04568
0.04770
0.04877
0.05225
0.05264
0.05582
0.05753
0.05859
0.06241
0.06204
0.06628
0.06686
0.06873
0.07224
0.07138
0.07675
0.07602
0.07895
0.08163
0.07327
0.03879
-0.06677
-0.12332
-0.08630
-0.10052
-0.11630
-0.10068
-0.11176
-0.10532
-0.09995
-0.10098
-0.08981
-0.08868
-0.08047
-0.07382
-0.06992
-0.06058
-0.05753
-0.04990
-0.04477
-0.04080
-0.03403
-0.03186
-0.02615
-0.02307
-0.02029
-0.01572
-0.01492
-0.01065
-0.00931
-0.00714
-0.00427
-0.00403
-0.00055
-0.00021
0.00198
0.00381
0.00433
0.00723
0.00760
0.00977
0.01151
0.01218
0.01520
0.01547
0.01816
0.01965
0.02087
0.02377
0.02423
0.02737
0.02856
0.03033
0.03317
0.03366
0.03708
0.03821
0.04010
0.04303
0.04343
0.04721
0.04767
0.05054
0.05264
0.05341
0.05737
0.05725
0.06082
0.06226
0.06339
0.06735
0.06683
0.07114
0.07162
0.07339
0.07733
0.07587
0.08215
0.07864
0.06583
-0.00186
-0.10818
-0.10944
-0.08380
-0.11447
-0.10776
-0.10379
-0.11246
-0.10022
-0.10211
-0.09598
-0.08826
-0.08673
-0.07605
-0.07309
-0.06549
-0.05875
-0.05496
-0.04666
-0.04379
-0.03735
-0.03287
-0.02991
-0.02393
-0.02267
-0.01767
-0.01547
-0.01328
-0.00949
-0.00903
-0.00537
-0.00433
-0.00262
0.00003
0.00015
0.00330
0.00375
0.00565
0.00769
0.00803
0.01102
0.01144
0.01367
0.01547
0.01620
0.01938
0.01965
0.02252
0.02402
0.02524
0.02844
0.02872
0.03214
0.03317
0.03510
0.03781
0.03857
0.04190
0.04291
0.04504
0.04779
0.04822
0.05222
0.05243
0.05533
0.05753
0.05814
0.06232
0.06201
0.06561
0.06711
0.06796
0.07248
0.07126
0.07617
0.07626
0.07800
0.08234
0.07529
0.04752
-0.05261
-0.12350
-0.09003
-0.09628
-0.11761
-0.10104
-0.11032
-0.10733
-0.09933
-0.10208
-0.09070
-0.08862
-0.08218
-0.07379
-0.07123
-0.06125
-0.05789
-0.05112
-0.04492
-0.04175
-0.03458
-0.03210
-0.02698
-0.02313
-0.02100
-0.01596
-0.01517
-0.01105
-0.00937
-0.00769
-0.00439
-0.00418
-0.00089
-0.00018
0.00146
0.00385
0.00406
0.00702
0.00757
0.00937
0.01151
0.01181
0.01508
0.01538
0.01776
0.01968
0.02039
0.02383
0.02393
0.02710
0.02847
0.02991
0.03308
0.03348
0.03677
0.03799
0.03986
0.04276
0.04330
0.04688
0.04770
0.04987
0.05270
0.05307
0.05710
0.05728
0.06009
0.06247
0.06281
0.06735
0.06653
0.07059
0.07178
0.07272
0.07745
0.07568
0.08115
0.07956
0.06836
0.01099
-0.09872
-0.11423
-0.08249
-0.11160
-0.11041
-0.10226
-0.11304
-0.10098
-0.10175
-0.09753
-0.08838
-0.08765
-0.07697
-0.07343
-0.06674
-0.05908
-0.05594
-0.04733
-0.04410
-0.03836
-0.03308
-0.03055
-0.02444
-0.02277
-0.01843
-0.01547
-0.01376
-0.00977
-0.00909
-0.00586
-0.00433
-0.00299
-0.00012
0.00009
0.00293
0.00381
0.00519
0.00763
0.00787
0.01080
0.01135
0.01328
0.01541
0.01596
0.01917
0.01959
0.02200
0.02399
0.02493
0.02823
0.02859
0.03162
0.03314
0.03473
0.03772
0.03833
0.04150
0.04285
0.04465
0.04770
0.04807
0.05167
0.05258
0.05472
0.05762
0.05780
0.06204
0.06192
0.06503
0.06732
0.06757
0.07233
0.07117
0.07538
0.07669
0.07733
0.08267
0.07593
0.05325
-0.03922
-0.12296
-0.09460
-0.09174
-0.11813
-0.10205
-0.10892
-0.10904
-0.09900
-0.10248
-0.09174
-0.08878
-0.08331
-0.07434
-0.07166
-0.06232
-0.05804
-0.05228
-0.04517
-0.04248
-0.03506
-0.03238
-0.02780
-0.02328
-0.02145
-0.01645
-0.01514
-0.01187
-0.00916
-0.00827
-0.00446
-0.00430
-0.00140
-0.00006
0.00107
0.00375
0.00397
0.00662
0.00757
0.00900
0.01144
0.01169
0.01468
0.01544
0.01727
0.01959
0.02029
0.02338
0.02408
0.02640
0.02869
0.02942
0.03296
0.03333
0.03625
0.03809
0.03934
0.04272
0.04303
0.04645
0.04764
0.04944
0.05273
0.05264
0.05679
0.05722
0.05957
0.06259
0.06244
0.06693
0.06659
0.06992
0.07211
0.07227
0.07715
0.07565
0.08038
0.08090
0.07138
0.02322
-0.08786
-0.11868
-0.08289
-0.10815
-0.11273
-0.10120
-0.11292
-0.10257
-0.10114
-0.09894
-0.08884
-0.08804
-0.07846
-0.07336
-0.06836
-0.05920
-0.05688
-0.04797
-0.04465
-0.03922
-0.03336
-0.03107
-0.02502
-0.02292
-0.01917
-0.01550
-0.01425
-0.00995
-0.00931
-0.00632
-0.00424
-0.00348
-0.00015
-0.00012
0.00256
0.00391
0.00470
0.00772
0.00760
0.01044
0.01138
0.01291
0.01538
0.01575
0.01880
0.01953
0.02164
0.02399
0.02469
0.02783
0.02863
0.03113
0.03323
0.03424
0.03769
0.03799
0.04120
0.04285
0.04416
0.04770
0.04773
0.05142
0.05246
0.05435
0.05750
0.05762
0.06149
0.06213
0.06433
0.06750
0.06705
0.07187
0.07135
0.07462
0.07718
0.07648
0.08234
0.07678
0.05893
-0.02457
-0.11847
-0.09961
-0.08801
-0.11737
-0.10431
-0.10651
-0.11090
-0.09882
-0.10278
-0.09332
-0.08844
-0.08493
-0.07458
-0.07260
-0.06326
-0.05853
-0.05328
-0.04559
-0.04312
-0.03586
-0.03268
-0.02853
-0.02344
-0.02203
-0.01682
-0.01535
-0.01236
-0.00919
-0.00864
-0.00470
-0.00443
-0.00183
0.00006
0.00061
0.00378
0.00369
0.00638
0.00757
0.00867
0.01129
0.01160
0.01428
0.01547
0.01691
0.01953
0.01999
0.02310
0.02393
0.02618
0.02841
0.02930
0.03250
0.03329
0.03583
0.03806
0.03897
0.04245
0.04288
0.04596
0.04779
0.04895
0.05252
0.05255
0.05621
0.05743
0.05905
0.06253
0.06213
0.06653
0.06686
0.06921
0.07233
0.07166
0.07697
0.07584
0.07974
0.08139
0.07248
0.03223
-0.07651
-0.12268
-0.08447
-0.10349
-0.11536
-0.10040
-0.11261
-0.10416
-0.10025
-0.10037
-0.08896
-0.08871
-0.07944
-0.07367
-0.06915
-0.05997
-0.05716
-0.04922
-0.04449
-0.04034
-0.03348
-0.03171
-0.02554
-0.02313
-0.01968
-0.01578
-0.01447
-0.01053
-0.00922
-0.00684
-0.00430
-0.00372
-0.00049
-0.00021
0.00226
0.00381
0.00455
0.00742
0.00745
0.01019
0.01141
0.01245
0.01532
0.01553
0.01840
0.01971
0.02109
0.02399
0.02432
0.02762
0.02853
0.03073
0.03317
0.03391
0.03732
0.03809
0.04062
0.04297
0.04367
0.04742
0.04767
0.05090
0.05261
0.05371
0.05743
0.05731
0.06113
0.06223
0.06375
0.06738
0.06677
0.07150
0.07156
0.07391
0.07724
0.07596
0.08228
0.07843
0.06409
-0.00989
-0.11304
-0.10541
-0.08499
-0.11649
-0.10568
-0.10526
-0.11176
-0.09955
-0.10281
-0.09454
-0.08871
-0.08572
-0.07574
-0.07281
-0.06479
-0.05850
-0.05444
-0.04611
-0.04367
-0.03674
-0.03278
-0.02936
-0.02368
-0.02240
-0.01743
-0.01535
-0.01291
-0.00937
-0.00885
-0.00510
-0.00439
-0.00229
0.00009
0.00027
0.00354
0.00369
0.00598
0.00763
0.00824
0.01123
0.01138
0.01398
0.01547
0.01648
0.01944
0.01974
0.02277
0.02399
0.02567
0.02832
0.02908
0.03210
0.03342
0.03525
0.03809
0.03857
0.04224
0.04285
0.04550
0.04779
0.04849
0.05234
0.05249
0.05579
0.05743
0.05853
0.06238
0.06207
0.06604
0.06705
0.06842
0.07242
0.07129
0.07672
0.07596
0.07870
0.08163
0.07379
0.04166
-0.06241
-0.12350
-0.08716
-0.09921
-0.11664
-0.10092
-0.11115
-0.10602
-0.09964
-0.10138
-0.09006
-0.08862
-0.08112
-0.07358
-0.07059
-0.06058
-0.05777
-0.05020
-0.04483
-0.04114
-0.03418
-0.03201
-0.02637
-0.02313
-0.02054
-0.01578
-0.01508
-0.01068
-0.00943
-0.00723
-0.00439
-0.00403
-0.00070
-0.00018
0.00189
0.00372
0.00436
0.00708
0.00763
0.00964
0.01154
0.01208
0.01514
0.01544
0.01816
0.01950
0.02087
0.02368
0.02423
0.02728
0.02850
0.03024
0.03308
0.03360
0.03711
0.03793
0.04022
0.04279
0.04343
0.04709
0.04773
0.05026
0.05270
0.05325
0.05728
0.05728
0.06061
0.06223
0.06332
0.06723
0.06686
0.07080
0.07190
0.07294
0.07764
0.07574
0.08191
0.07895
0.06653
0.00198
-0.10580
-0.11136
-0.08322
-0.11356
-0.10883
-0.10312
-0.11292
-0.10031
-0.10199
-0.09650
-0.08817
-0.08713
-0.07620
-0.07318
-0.06589
-0.05878
-0.05527
-0.04684
-0.04382
-0.03769
-0.03290
-0.03009
-0.02408
-0.02267
-0.01785
-0.01556
-0.01334
-0.00961
-0.00903
-0.00552
-0.00430
-0.00281
0.00003
0.00003
0.00323
0.00378
0.00543
0.00772
0.00787
0.01102
0.01141
0.01352
0.01547
0.01614
0.01926
0.01962
0.02246
0.02383
0.02536
0.02820
0.02884
0.03186
0.03323
0.03488
0.03793
0.03839
0.04193
0.04272
0.04504
0.04770
0.04825
0.05200
0.05252
0.05511
0.05753
0.05807
0.06219
0.06204
0.06534
0.06717
0.06784
0.07245
0.07114
0.07599
0.07629
0.07779
0.08252
0.07553
0.04980
-0.04803
-0.12366
-0.09137
-0.09464
-0.11801
-0.10104
-0.11005
-0.10782
-0.09927
-0.10236
-0.09088
-0.08878
-0.08249
-0.07413
-0.07129
-0.06171
-0.05783
-0.05157
-0.04495
-0.04211
-0.03455
-0.03241
-0.02707
-0.02325
-0.02112
-0.01617
-0.01501
-0.01151
-0.00912
-0.00793
-0.00439
-0.00415
-0.00110
-0.00009
0.00131
0.00388
0.00397
0.00702
0.00748
0.00934
0.01138
0.01187
0.01486
0.01547
0.01758
0.01962
0.02039
0.02359
0.02414
0.02676
0.02853
0.02979
0.03305
0.03339
0.03665
0.03799
0.03964
0.04282
0.04318
0.04672
0.04767
0.04974
0.05276
0.05292
0.05704
0.05719
0.06000
0.06250
0.06274
0.06723
0.06662
0.07025
0.07202
0.07251
0.07751
0.07559
0.08087
0.07983
0.06924
0.01483
-0.09534
-0.11569
-0.08249
-0.11060
-0.11111
-0.10190
-0.11304
-0.10132
-0.10165
-0.09793
-0.08853
-0.08777
-0.07730
-0.07349
-0.06720
-0.05920
-0.05615
-0.04755
-0.04428
-0.03860
-0.03323
-0.03073
-0.02463
-0.02274
-0.01877
-0.01544
-0.01401
-0.00967
-0.00925
-0.00601
-0.00424
-0.00327
0.00003
-0.00009
0.00287
0.00378
0.00510
0.00766
0.00778
0.01065
0.01147
0.01300
0.01559
0.01578
0.01913
0.01956
0.02188
0.02402
0.02484
0.02814
0.02866
0.03134
0.03333
0.03439
0.03781
0.03827
0.04126
0.04300
0.04437
0.04770
0.04803
0.05154
0.05252
0.05457
0.05765
0.05768
0.06192
0.06189
0.06491
0.06723
0.06757
0.07205
0.07123
0.07516
0.07690
0.07715
0.08276
0.07599
0.05511
-0.03482
-0.12183
-0.09634
-0.09052
-0.11786
-0.10291
-0.10806
-0.10971
-0.09900
-0.10248
-0.09232
-0.08853
-0.08395
-0.07428
-0.07205
-0.06247
-0.05835
-0.05240
-0.04547
-0.04242
-0.03546
-0.03244
-0.02795
-0.02338
-0.02161
-0.01648
-0.01529
-0.01193
-0.00922
-0.00839
-0.00449
-0.00439
-0.00150
-0.00009
0.00095
0.00378
0.00381
0.00659
0.00754
0.00885
0.01147
0.01157
0.01462
0.01538
0.01712
0.01968
0.02011
0.02328
0.02405
0.02628
0.02866
0.02939
0.03281
0.03333
0.03616
0.03802
0.03931
0.04260
0.04306
0.04617
0.04785
0.04919
0.05270
0.05267
0.05652
0.05731
0.05948
0.06244
0.06250
0.06665
0.06677
0.06967
0.07217
0.07199
0.07712
0.07553
0.08035
0.08096
0.07178
0.02618
-0.08423
-0.12000
-0.08337
-0.10666
-0.11362
-0.10080
-0.11285
-0.10315
-0.10077
-0.09955
-0.08875
-0.08832
-0.07877
-0.07349
-0.06860
-0.05948
-0.05688
-0.04855
-0.04446
-0.03964
-0.03336
-0.03134
-0.02518
-0.02295
-0.01938
-0.01556
-0.01437
-0.01001
-0.00937
-0.00641
-0.00436
-0.00342
-0.00031
-0.00012
0.00250
0.00378
0.00479
0.00751
0.00766
0.01031
0.01141
0.01276
0.01535
0.01569
0.01865
0.01968
0.02133
0.02408
0.02451
0.02783
0.02850
0.03107
0.03314
0.03421
0.03745
0.03812
0.04092
0.04300
0.04395
0.04758
0.04773
0.05121
0.05261
0.05408
0.05759
0.05740
0.06146
0.06216
0.06415
0.06750
0.06699
0.07175
0.07144
0.07440
0.07724
0.07629
0.08234
0.07736
0.06058
-0.02008
-0.11673
-0.10141
-0.08698
-0.11731
-0.10455
-0.10623
-0.11096
-0.09915
-0.10266
-0.09384
-0.08835
-0.08533
-0.07480
-0.07272
-0.06375
-0.05847
-0.05368
-0.04581
-0.04318
-0.03619
-0.03271
-0.02881
-0.02356
-0.02213
-0.01697
-0.01544
-0.01242
-0.00940
-0.00858
-0.00491
-0.00436
-0.00195
-0.00006
0.00064
0.00360
0.00372
0.00632
0.00748
0.00864
0.01123
0.01157
0.01419
0.01544
0.01675
0.01962
0.01978
0.02313
0.02386
0.02606
0.02844
0.02911
0.03250
0.03326
0.03568
0.03815
0.03873
0.04251
0.04279
0.04587
0.04776
0.04892
0.05228
0.05264
0.05597
0.05762
0.05869
0.06253
0.06207
0.06638
0.06696
0.06891
0.07239
0.07147
0.07690
0.07593
0.07947
0.08160
0.07275
0.03516
-0.07217
-0.12308
-0.08524
-0.10220
-0.11575
-0.10059
-0.11230
-0.10464
-0.10007
-0.10071
-0.08932
-0.08875
-0.07990
-0.07367
-0.06952
-0.06021
-0.05734
-0.04953
-0.04459
-0.04056
-0.03363
-0.03186
-0.02576
-0.02313
-0.01993
-0.01575
-0.01468
-0.01056
-0.00925
-0.00702
-0.00424
-0.00388
-0.00058
-0.00006
0.00195
0.00394
0.00439
0.00726
0.00763
0.00989
0.01154
0.01227
0.01526
0.01550
0.01831
0.01962
0.02109
0.02380
0.02435
0.02750
0.02853
0.03055
0.03323
0.03375
0.03729
0.03799
0.04056
0.04288
0.04364
0.04730
0.04767
0.05081
0.05252
0.05371
0.05725
0.05746
0.06091
0.06229
0.06357
0.06738
0.06674
0.07138
0.07162
0.07355
0.07730
0.07574
0.08224
0.07861
0.06467
-0.00620
-0.11111
-0.10709
-0.08453
-0.11554
-0.10669
-0.10452
-0.11212
-0.09985
-0.10242
-0.09531
-0.08835
-0.08633
-0.07578
-0.07297
-0.06512
-0.05847
-0.05487
-0.04623
-0.04382
-0.03696
-0.03287
-0.02951
-0.02390
-0.02243
-0.01761
-0.01535
-0.01306
-0.00943
-0.00888
-0.00531
-0.00427
-0.00244
0.00003
0.00024
0.00345
0.00369
0.00586
0.00766
0.00812
0.01114
0.01147
0.01376
0.01553
0.01633
0.01941
0.01978
0.02258
0.02402
0.02545
0.02841
0.02884
0.03220
0.03323
0.03519
0.03802
0.03848
0.04211
0.04294
0.04520
0.04785
0.04840
0.05222
0.05255
0.05554
0.05746
0.05841
0.06226
0.06216
0.06577
0.06711
0.06824
0.07245
0.07135
0.07648
0.07611
0.07840
0.08200
0.07458
0.04440
-0.05811
-0.12357
-0.08820
-0.09793
-0.11710
-0.10092
-0.11081
-0.10651
-0.09952
-0.10172
-0.09030
-0.08871
-0.08145
-0.07385
-0.07074
-0.06094
-0.05780
-0.05066
-0.04486
-0.04138
-0.03439
-0.03201
-0.02670
-0.02307
-0.02084
-0.01572
-0.01523
-0.01089
-0.00928
-0.00757
-0.00427
-0.00418
-0.00079
-0.00009
0.00153
0.00400
0.00403
0.00720
0.00751
0.00958
0.01147
0.01199
0.01511
0.01541
0.01794
0.01962
0.02066
0.02371
0.02420
0.02713
0.02850
0.03009
0.03311
0.03354
0.03699
0.03796
0.04001
0.04285
0.04330
0.04703
0.04767
0.05017
0.05258
0.05322
0.05713
0.05734
0.06033
0.06235
0.06302
0.06735
0.06674
0.07065
0.07181
0.07294
0.07742
0.07587
0.08145
0.07928
0.06723
0.00604
-0.10294
-0.11267
-0.08292
-0.11267
-0.10953
-0.10291
-0.11298
-0.10065
-0.10181
-0.09702
-0.08829
-0.08734
-0.07657
-0.07321
-0.06628
-0.05893
-0.05551
-0.04706
-0.04391
-0.03802
-0.03290
-0.03036
-0.02414
-0.02280
-0.01804
-0.01550
-0.01361
-0.00961
-0.00900
-0.00577
-0.00418
-0.00302
0.00009
-0.00003
0.00314
0.00378
0.00534
0.00766
0.00781
0.01102
0.01132
0.01346
0.01538
0.01608
0.01920
0.01965
0.02222
0.02399
0.02505
0.02826
0.02875
0.03177
0.03320
0.03479
0.03784
0.03842
0.04166
0.04288
0.04480
0.04776
0.04813
0.05194
0.05249
0.05493
0.05762
0.05792
0.06219
0.06192
0.06525
0.06717
0.06778
0.07233
0.07120
0.07565
0.07645
0.07755
0.08261
0.07568
0.05142
-0.04416
-0.12344
-0.09271
-0.09341
-0.11795
-0.10147
-0.10956
-0.10837
-0.09912
-0.10242
-0.09119
-0.08887
-0.08276
-0.07431
-0.07144
-0.06198
-0.05789
-0.05194
-0.04504
-0.04233
-0.03476
-0.03238
-0.02740
-0.02332
-0.02124
-0.01630
-0.01508
-0.01163
-0.00922
-0.00800
-0.00449
-0.00421
-0.00122
-0.00009
0.00125
0.00375
0.00406
0.00671
0.00772
0.00897
0.01157
0.01169
0.01492
0.01532
0.01755
0.01959
0.02026
0.02365
0.02396
0.02667
0.02853
0.02966
0.03299
0.03336
0.03644
0.03802
0.03958
0.04269
0.04315
0.04657
0.04770
0.04959
0.05273
0.05280
0.05688
0.05722
0.05984
0.06250
0.06262
0.06714
0.06659
0.07013
0.07208
0.07239
0.07758
0.07541
0.08081
0.08032
0.07022
0.01889
-0.09229
-0.11685
-0.08267
-0.10953
-0.11179
-0.10165
-0.11292
-0.10196
-0.10135
-0.09842
-0.08871
-0.08777
-0.07794
-0.07333
-0.06781
-0.05914
-0.05649
-0.04776
-0.04434
-0.03903
-0.03317
-0.03094
-0.02481
-0.02277
-0.01904
-0.01541
-0.01416
-0.00983
-0.00928
-0.00607
-0.00439
-0.00323
-0.00015
-0.00003
0.00269
0.00381
0.00500
0.00757
0.00778
0.01056
0.01135
0.01306
0.01538
0.01590
0.01889
0.01959
0.02176
0.02402
0.02475
0.02808
0.02859
0.03125
0.03336
0.03421
0.03793
0.03799
0.04132
0.04294
0.04422
0.04776
0.04785
0.05145
0.05255
0.05444
0.05759
0.05762
0.06171
0.06201
0.06470
0.06732
0.06729
0.07199
0.07111
0.07510
0.07687
0.07690
0.08243
0.07635
0.05679
-0.03033
-0.12051
-0.09796
-0.08929
-0.11771
-0.10345
-0.10757
-0.11011
-0.09903
-0.10254
-0.09277
-0.08847
-0.08444
-0.07434
-0.07236
-0.06281
-0.05832
-0.05292
-0.04541
-0.04282
-0.03555
-0.03259
-0.02820
-0.02338
-0.02179
-0.01657
-0.01538
-0.01205
-0.00931
-0.00833
-0.00470
-0.00433
-0.00168
0.00000
0.00073
0.00388
0.00366
0.00656
0.00754
0.00873
0.01141
0.01157
0.01453
0.01532
0.01712
0.01953
0.02011
0.02316
0.02405
0.02612
0.02872
0.02911
0.03287
0.03314
0.03610
0.03806
0.03909
0.04263
0.04282
0.04630
0.04767
0.04916
0.05261
0.05264
0.05637
0.05740
0.05923
0.06256
0.06226
0.06668
0.06674
0.06949
0.07227
0.07184
0.07700
0.07574
0.08002
0.08121
0.07205
0.02899
-0.08078
-0.12115
-0.08392
-0.10519
-0.11426
-0.10059
-0.11276
-0.10361
-0.10046
-0.10001
-0.08878
-0.08856
-0.07895
-0.07373
-0.06876
-0.05978
-0.05698
-0.04886
-0.04453
-0.03992
-0.03345
-0.03152
-0.02533
-0.02307
-0.01953
-0.01556
-0.01453
-0.01016
-0.00943
-0.00656
-0.00424
-0.00369
-0.00027
-0.00018
0.00232
0.00394
0.00455
0.00760
0.00757
0.01016
0.01151
0.01254
0.01544
0.01556
0.01859
0.01956
0.02136
0.02399
0.02438
0.02777
0.02850
0.03091
0.03320
0.03397
0.03748
0.03799
0.04089
0.04291
0.04382
0.04752
0.04761
0.05115
0.05252
0.05402
0.05743
0.05737
0.06134
0.06216
0.06403
0.06747
0.06686
0.07169
0.07144
0.07431
0.07721
0.07617
0.08231
0.07785
0.06219
-0.01550
-0.11520
-0.10312
-0.08624
-0.11694
-0.10513
-0.10574
-0.11139
-0.09930
-0.10278
-0.09412
-0.08856
-0.08542
-0.07523
-0.07275
-0.06424
-0.05841
-0.05408
-0.04587
-0.04340
-0.03653
-0.03262
-0.02908
-0.02365
-0.02219
-0.01718
-0.01541
-0.01260
-0.00940
-0.00870
-0.00504
-0.00433
-0.00217
0.00009
0.00043
0.00357
0.00375
0.00601
0.00775
0.00827
0.01138
0.01129
0.01428
0.01532
0.01678
0.01941
0.01981
0.02301
0.02386
0.02591
0.02841
0.02908
0.03235
0.03329
0.03555
0.03802
0.03879
0.04227
0.04294
0.04565
0.04776
0.04874
0.05234
0.05258
0.05591
0.05750
0.05862
0.06244
0.06210
0.06619
0.06702
0.06863
0.07233
0.07141
0.07675
0.07608
0.07895
0.08176
0.07303
0.03818
-0.06796
-0.12320
-0.08621
-0.10080
-0.11618
-0.10071
-0.11176
-0.10538
-0.09973
-0.10110
-0.08960
-0.08878
-0.08035
-0.07376
-0.06985
-0.06052
-0.05740
-0.04999
-0.04449
-0.04102
-0.03369
-0.03207
-0.02594
-0.02316
-0.02014
-0.01578
-0.01483
-0.01065
-0.00928
-0.00714
-0.00430
-0.00391
-0.00064
-0.00012
0.00189
0.00391
0.00430
0.00729
0.00754
0.00986
0.01141
0.01230
0.01514
0.01547
0.01828
0.01953
0.02094
0.02380
0.02426
0.02737
0.02859
0.03030
0.03323
0.03360
0.03729
0.03796
0.04034
0.04291
0.04349
0.04727
0.04767
0.05057
0.05258
0.05356
0.05722
0.05740
0.06079
0.06229
0.06342
0.06735
0.06680
0.07120
0.07169
0.07336
0.07739
0.07578
0.08215
0.07874
0.06546
-0.00272
-0.10880
-0.10907
-0.08380
-0.11484
-0.10745
-0.10394
-0.11249
-0.10004
-0.10220
-0.09589
-0.08820
-0.08670
-0.07596
-0.07306
-0.06546
-0.05862
-0.05499
-0.04654
-0.04379
-0.03732
-0.03281
-0.02988
-0.02393
-0.02258
-0.01773
-0.01535
-0.01334
-0.00940
-0.00909
-0.00519
-0.00452
-0.00241
-0.00012
0.00031
0.00323
0.00385
0.00558
0.00772
0.00806
0.01108
0.01138
0.01376
0.01544
0.01627
0.01938
0.01965
0.02252
0.02408
0.02521
0.02853
0.02866
0.03220
0.03314
0.03510
0.03799
0.03836
0.04211
0.04276
0.04526
0.04761
0.04840
0.05209
0.05252
0.05536
0.05753
0.05820
0.06229
0.06201
0.06570
0.06705
0.06812
0.07242
0.07129
0.07629
0.07608
0.07825
0.08221
0.07520
0.04700
-0.05374
-0.12357
-0.08960
-0.09665
-0.11749
-0.10098
-0.11047
-0.10712
-0.09937
-0.10208
-0.09052
-0.08878
-0.08191
-0.07388
-0.07111
-0.06113
-0.05801
-0.05084
-0.04507
-0.04160
-0.03455
-0.03214
-0.02682
-0.02325
-0.02081
-0.01605
-0.01511
-0.01105
-0.00934
-0.00766
-0.00439
-0.00415
-0.00095
-0.00006
0.00140
0.00391
0.00400
0.00711
0.00751
0.00946
0.01144
0.01184
0.01514
0.01535
0.01782
0.01959
0.02054
0.02371
0.02408
0.02704
0.02850
0.02997
0.03305
0.03354
0.03677
0.03802
0.03989
0.04272
0.04333
0.04694
0.04764
0.05002
0.05261
0.05313
0.05713
0.05722
0.06018
0.06238
0.06296
0.06720
0.06677
0.07034
0.07199
0.07260
0.07761
0.07562
0.08127
0.07944
0.06815
0.00995
-0.09949
-0.11395
-0.08252
-0.11194
-0.11014
-0.10242
-0.11304
-0.10089
-0.10178
-0.09744
-0.08838
-0.08755
-0.07697
-0.07324
-0.06677
-0.05899
-0.05588
-0.04727
-0.04407
-0.03827
-0.03302
-0.03058
-0.02432
-0.02280
-0.01834
-0.01550
-0.01367
-0.00980
-0.00900
-0.00586
-0.00430
-0.00302
-0.00006
0.00003
0.00308
0.00369
0.00534
0.00754
0.00787
0.01089
0.01129
0.01334
0.01541
0.01596
0.01917
0.01959
0.02203
0.02408
0.02481
0.02835
0.02856
0.03168
0.03320
0.03467
0.03781
0.03830
0.04153
0.04294
0.04459
0.04773
0.04810
0.05173
0.05252
0.05484
0.05753
0.05792
0.06201
0.06198
0.06506
0.06723
0.06772
0.07220
0.07129
0.07532
0.07678
0.07721
0.08282
0.07571
0.05301
-0.04050
-0.12308
-0.09421
-0.09207
-0.11813
-0.10190
-0.10910
-0.10876
-0.09921
-0.10229
-0.09177
-0.08859
-0.08334
-0.07425
-0.07166
-0.06223
-0.05798
-0.05225
-0.04507
-0.04254
-0.03488
-0.03256
-0.02750
-0.02347
-0.02130
-0.01645
-0.01514
-0.01178
-0.00928
-0.00806
-0.00455
-0.00427
-0.00134
-0.00012
0.00110
0.00388
0.00381
0.00677
0.00751
0.00903
0.01144
0.01175
0.01468
0.01541
0.01733
0.01965
0.02020
0.02353
0.02393
0.02661
0.02847
0.02966
0.03284
0.03339
0.03625
0.03809
0.03940
0.04269
0.04312
0.04630
0.04788
0.04932
0.05273
0.05280
0.05664
0.05731
0.05966
0.06244
0.06262
0.06686
0.06665
0.06985
0.07224
0.07217
0.07730
0.07556
0.08051
0.08081
0.07129
0.02252
-0.08884
-0.11829
-0.08282
-0.10846
-0.11246
-0.10141
-0.11279
-0.10257
-0.10104
-0.09900
-0.08871
-0.08804
-0.07834
-0.07343
-0.06812
-0.05942
-0.05661
-0.04813
-0.04440
-0.03931
-0.03329
-0.03104
-0.02499
-0.02286
-0.01920
-0.01541
-0.01434
-0.00983
-0.00940
-0.00613
-0.00446
-0.00330
-0.00024
-0.00012
0.00272
0.00366
0.00500
0.00745
0.00781
0.01038
0.01144
0.01288
0.01541
0.01575
0.01880
0.01962
0.02158
0.02405
0.02457
0.02811
0.02838
0.03134
0.03311
0.03436
0.03763
0.03809
0.04117
0.04288
0.04425
0.04761
0.04785
0.05127
0.05267
0.05417
0.05771
0.05743
0.06168
0.06198
0.06451
0.06738
0.06717
0.07184
0.07132
0.07474
0.07709
0.07657
0.08231
0.07663
0.05859
-0.02582
-0.11884
-0.09927
-0.08829
-0.11746
-0.10406
-0.10678
-0.11075
-0.09885
-0.10272
-0.09323
-0.08841
-0.08487
-0.07452
-0.07254
-0.06320
-0.05850
-0.05307
-0.04578
-0.04288
-0.03589
-0.03268
-0.02835
-0.02362
-0.02182
-0.01685
-0.01535
-0.01224
-0.00934
-0.00848
-0.00473
-0.00439
-0.00177
-0.00003
0.00073
0.00375
0.00372
0.00641
0.00751
0.00870
0.01138
0.01151
0.01443
0.01532
0.01697
0.01959
0.01993
0.02316
0.02396
0.02612
0.02847
0.02933
0.03247
0.03336
0.03583
0.03812
0.03897
0.04251
0.04285
0.04605
0.04773
0.04907
0.05249
0.05258
0.05624
0.05746
0.05902
0.06265
0.06207
0.06665
0.06677
0.06931
0.07230
0.07169
0.07697
0.07587
0.07974
0.08139
0.07236
0.03162
-0.07742
-0.12231
-0.08441
-0.10379
-0.11517
-0.10034
-0.11276
-0.10394
-0.10034
-0.10025
-0.08893
-0.08865
-0.07941
-0.07364
-0.06903
-0.06003
-0.05701
-0.04929
-0.04437
-0.04031
-0.03351
-0.03162
-0.02554
-0.02310
-0.01968
-0.01569
-0.01456
-0.01035
-0.00937
-0.00671
-0.00430
-0.00375
-0.00040
-0.00024
0.00229
0.00381
0.00458
0.00739
0.00757
0.01010
0.01144
0.01254
0.01529
0.01559
0.01840
0.01968
0.02115
0.02402
0.02429
0.02771
0.02850
0.03076
0.03314
0.03403
0.03726
0.03815
0.04056
0.04306
0.04364
0.04752
0.04758
0.05099
0.05258
0.05380
0.05737
0.05734
0.06119
0.06223
0.06381
0.06735
0.06680
0.07159
0.07150
0.07404
0.07721
0.07602
0.08228
0.07837
0.06375
-0.01093
-0.11353
-0.10495
-0.08527
-0.11646
-0.10574
-0.10522
-0.11179
-0.09952
-0.10272
-0.09464
-0.08847
-0.08585
-0.07559
-0.07275
-0.06473
-0.05844
-0.05441
-0.04605
-0.04364
-0.03659
-0.03287
-0.02921
-0.02377
-0.02228
-0.01743
-0.01529
-0.01291
-0.00934
-0.00885
-0.00507
-0.00439
-0.00220
-0.00003
0.00046
0.00339
0.00385
0.00592
0.00766
0.00830
0.01117
0.01144
0.01401
0.01541
0.01657
0.01944
0.01974
0.02283
0.02399
0.02560
0.02850
0.02887
0.03238
0.03317
0.03549
0.03796
0.03867
0.04221
0.04291
0.04544
0.04785
0.04852
0.05234
0.05252
0.05582
0.05740
0.05859
0.06238
0.06207
0.06610
0.06699
0.06848
0.07239
0.07132
0.07666
0.07611
0.07858
0.08173
0.07343
0.04111
-0.06363
-0.12344
-0.08688
-0.09964
-0.11649
-0.10089
-0.11130
-0.10587
-0.09964
-0.10138
-0.08987
-0.08871
-0.08090
-0.07370
-0.07037
-0.06052
-0.05783
-0.05002
-0.04486
-0.04102
-0.03418
-0.03192
-0.02640
-0.02301
-0.02051
-0.01584
-0.01492
-0.01074
-0.00937
-0.00720
-0.00439
-0.00400
-0.00067
-0.00015
0.00183
0.00385
0.00424
0.00720
0.00757
0.00967
0.01154
0.01205
0.01520
0.01544
0.01813
0.01959
0.02081
0.02377
0.02420
0.02728
0.02859
0.03015
0.03317
0.03360
0.03708
0.03802
0.04016
0.04288
0.04340
0.04718
0.04764
0.05038
0.05264
0.05338
0.05722
0.05734
0.06064
0.06223
0.06342
0.06717
0.06693
0.07086
0.07181
0.07312
0.07748
0.07587
0.08194
0.07892
0.06625
0.00110
-0.10641
-0.11093
-0.08331
-0.11380
-0.10858
-0.10324
-0.11282
-0.10031
-0.10199
-0.09641
-0.08813
-0.08710
-0.07611
-0.07324
-0.06567
-0.05884
-0.05515
-0.04684
-0.04382
-0.03757
-0.03293
-0.02997
-0.02411
-0.02261
-0.01791
-0.01541
-0.01346
-0.00949
-0.00909
-0.00540
-0.00443
-0.00266
-0.00006
0.00012
0.00327
0.00372
0.00558
0.00757
0.00809
0.01093
0.01144
0.01358
0.01544
0.01617
0.01929
0.01968
0.02237
0.02399
0.02527
0.02826
0.02887
0.03183
0.03333
0.03482
0.03799
0.03839
0.04193
0.04285
0.04495
0.04776
0.04825
0.05203
0.05252
0.05515
0.05756
0.05801
0.06229
0.06195
0.06549
0.06708
0.06793
0.07245
0.07117
0.07605
0.07620
0.07794
0.08237
0.07556
0.04913
-0.04913
-0.12369
-0.09097
-0.09515
-0.11777
-0.10120
-0.11002
-0.10773
-0.09930
-0.10229
-0.09076
-0.08887
-0.08234
-0.07401
-0.07135
-0.06146
-0.05795
-0.05145
-0.04492
-0.04199
-0.03461
-0.03229
-0.02707
-0.02328
-0.02100
-0.01620
-0.01495
-0.01144
-0.00922
-0.00778
-0.00446
-0.00415
-0.00104
-0.00009
0.00131
0.00394
0.00394
0.00702
0.00751
0.00928
0.01151
0.01175
0.01508
0.01526
0.01776
0.01953
0.02045
0.02368
0.02402
0.02689
0.02853
0.02979
0.03305
0.03348
0.03659
0.03812
0.03958
0.04291
0.04312
0.04681
0.04767
0.04984
0.05261
0.05313
0.05692
0.05734
0.05991
0.06253
0.06277
0.06729
0.06653
0.07037
0.07196
0.07251
0.07755
0.07556
0.08099
0.07974
0.06900
0.01382
-0.09616
-0.11530
-0.08252
-0.11087
-0.11093
-0.10205
-0.11288
-0.10135
-0.10162
-0.09787
-0.08847
-0.08771
-0.07730
-0.07336
-0.06717
-0.05914
-0.05609
-0.04749
-0.04425
-0.03851
-0.03323
-0.03064
-0.02463
-0.02274
-0.01868
-0.01547
-0.01392
-0.00977
-0.00919
-0.00586
-0.00446
-0.00299
-0.00018
0.00003
0.00290
0.00372
0.00525
0.00751
0.00790
0.01068
0.01138
0.01318
0.01544
0.01593
0.01904
0.01959
0.02197
0.02396
0.02484
0.02823
0.02863
0.03143
0.03323
0.03448
0.03787
0.03815
0.04150
0.04276
0.04459
0.04764
0.04807
0.05157
0.05249
0.05469
0.05753
0.05786
0.06180
0.06201
0.06485
0.06735
0.06747
0.07224
0.07111
0.07532
0.07675
0.07736
0.08261
0.07602
0.05466
-0.03592
-0.12210
-0.09592
-0.09082
-0.11795
-0.10260
-0.10840
-0.10944
-0.09903
-0.10251
-0.09213
-0.08862
-0.08380
-0.07422
-0.07205
-0.06235
-0.05832
-0.05237
-0.04538
-0.04245
-0.03534
-0.03244
-0.02792
-0.02332
-0.02167
-0.01636
-0.01532
-0.01190
-0.00922
-0.00833
-0.00458
-0.00421
-0.00162
0.00003
0.00085
0.00391
0.00375
0.00668
0.00748
0.00897
0.01135
0.01169
0.01459
0.01541
0.01721
0.01959
0.02017
0.02338
0.02399
0.02643
0.02853
0.02948
0.03287
0.03326
0.03625
0.03796
0.03940
0.04257
0.04306
0.04626
0.04776
0.04932
0.05258
0.05283
0.05646
0.05740
0.05939
0.06256
0.06241
0.06680
0.06668
0.06967
0.07227
0.07196
0.07721
0.07544
0.08041
0.08093
0.07162
0.02551
-0.08521
-0.11963
-0.08328
-0.10709
-0.11334
-0.10092
-0.11285
-0.10303
-0.10080
-0.09949
-0.08868
-0.08829
-0.07867
-0.07349
-0.06848
-0.05945
-0.05688
-0.04840
-0.04456
-0.03940
-0.03357
-0.03110
-0.02524
-0.02292
-0.01935
-0.01547
-0.01443
-0.00995
-0.00934
-0.00644
-0.00424
-0.00357
-0.00015
-0.00018
0.00253
0.00381
0.00476
0.00757
0.00763
0.01038
0.01141
0.01273
0.01541
0.01569
0.01871
0.01953
0.02161
0.02390
0.02457
0.02789
0.02850
0.03104
0.03333
0.03403
0.03769
0.03796
0.04105
0.04294
0.04404
0.04761
0.04773
0.05124
0.05258
0.05420
0.05753
0.05746
0.06146
0.06216
0.06421
0.06754
0.06693
0.07187
0.07132
0.07452
0.07718
0.07642
0.08224
0.07727
0.06012
-0.02118
-0.11725
-0.10086
-0.08725
-0.11737
-0.10437
-0.10645
-0.11084
-0.09912
-0.10266
-0.09366
-0.08847
-0.08511
-0.07483
-0.07263
-0.06366
-0.05850
-0.05353
-0.04584
-0.04309
-0.03619
-0.03265
-0.02872
-0.02362
-0.02200
-0.01700
-0.01535
-0.01251
-0.00925
-0.00867
-0.00485
-0.00433
-0.00201
0.00009
0.00058
0.00360
0.00385
0.00616
0.00766
0.00854
0.01132
0.01154
0.01419
0.01550
0.01672
0.01968
0.01984
0.02304
0.02396
0.02603
0.02844
0.02921
0.03244
0.03333
0.03571
0.03812
0.03879
0.04245
0.04288
0.04587
0.04776
0.04886
0.05246
0.05246
0.05624
0.05734
0.05896
0.06238
0.06219
0.06638
0.06696
0.06897
0.07239
0.07153
0.07687
0.07593
0.07956
0.08148
0.07278
0.03433
-0.07327
-0.12299
-0.08502
-0.10260
-0.11557
-0.10062
-0.11237
-0.10455
-0.10007
-0.10071
-0.08914
-0.08881
-0.07977
-0.07361
-0.06955
-0.05997
-0.05746
-0.04929
-0.04471
-0.04034
-0.03372
-0.03177
-0.02570
-0.02313
-0.01990
-0.01572
-0.01465
-0.01053
-0.00928
-0.00696
-0.00430
-0.00375
-0.00058
-0.00012
0.00201
0.00394
0.00443
0.00732
0.00754
0.01004
0.01141
0.01242
0.01526
0.01544
0.01843
0.01959
0.02109
0.02393
0.02423
0.02759
0.02850
0.03064
0.03314
0.03384
0.03723
0.03815
0.04041
0.04300
0.04361
0.04730
0.04779
0.05066
0.05276
0.05347
0.05756
0.05722
0.06107
0.06229
0.06354
0.06741
0.06677
0.07135
0.07169
0.07358
0.07730
0.07584
0.08221
0.07861
0.06445
-0.00711
-0.11160
-0.10666
-0.08463
-0.11581
-0.10641
-0.10477
-0.11194
-0.09988
-0.10245
-0.09512
-0.08844
-0.08618
-0.07574
-0.07303
-0.06488
-0.05859
-0.05475
-0.04614
-0.04385
-0.03683
-0.03287
-0.02951
-0.02383
-0.02240
-0.01761
-0.01526
-0.01315
-0.00925
-0.00906
-0.00507
-0.00446
-0.00229
-0.00003
0.00031
0.00336
0.00388
0.00571
0.00778
0.00809
0.01120
0.01135
0.01398
0.01535
0.01651
0.01929
0.01984
0.02258
0.02411
0.02542
0.02844
0.02884
0.03226
0.03317
0.03531
0.03796
0.03851
0.04218
0.04285
0.04532
0.04785
0.04834
0.05231
0.05252
0.05557
0.05750
0.05844
0.06226
0.06213
0.06589
0.06705
0.06830
0.07245
0.07135
0.07654
0.07611
0.07840
0.08203
0.07428
0.04373
-0.05917
-0.12354
-0.08789
-0.09824
-0.11703
-0.10086
-0.11090
-0.10641
-0.09955
-0.10156
-0.09036
-0.08856
-0.08151
-0.07367
-0.07080
-0.06079
-0.05783
-0.05051
-0.04489
-0.04138
-0.03421
-0.03210
-0.02658
-0.02310
-0.02072
-0.01584
-0.01514
-0.01080
-0.00943
-0.00739
-0.00443
-0.00403
-0.00085
-0.00009
0.00165
0.00385
0.00421
0.00711
0.00760
0.00952
0.01154
0.01205
0.01501
0.01553
0.01794
0.01962
0.02063
0.02377
0.02420
0.02713
0.02856
0.03009
0.03311
0.03357
0.03696
0.03806
0.03995
0.04288
0.04330
0.04709
0.04764
0.05020
0.05264
0.05319
0.05719
0.05731
0.06039
0.06235
0.06311
0.06729
0.06671
0.07080
0.07172
0.07309
0.07733
0.07590
0.08160
0.07907
0.06723
0.00482
-0.10364
-0.11246
-0.08295
-0.11285
-0.10950
-0.10278
-0.11310
-0.10046
-0.10190
-0.09689
-0.08817
-0.08743
-0.07623
-0.07352
-0.06589
-0.05905
-0.05536
-0.04709
-0.04382
-0.03796
-0.03284
-0.03036
-0.02408
-0.02277
-0.01804
-0.01550
-0.01346
-0.00967
-0.00906
-0.00562
-0.00430
-0.00290
0.00003
0.00003
0.00314
0.00378
0.00534
0.00766
0.00793
0.01093
0.01132
0.01349
0.01541
0.01611
0.01920
0.01968
0.02216
0.02411
0.02502
0.02829
0.02875
0.03177
0.03323
0.03488
0.03775
0.03851
0.04163
0.04297
0.04471
0.04785
0.04813
0.05197
0.05249
0.05499
0.05756
0.05801
0.06213
0.06201
0.06522
0.06723
0.06772
0.07239
0.07120
0.07578
0.07632
0.07767
0.08252
0.07574
0.05096
-0.04501
-0.12360
-0.09232
-0.09372
-0.11801
-0.10126
-0.10977
-0.10812
-0.09927
-0.10233
-0.09116
-0.08881
-0.08273
-0.07422
-0.07150
-0.06183
-0.05789
-0.05194
-0.04489
-0.04233
-0.03473
-0.03232
-0.02737
-0.02325
-0.02127
-0.01617
-0.01520
-0.01144
-0.00928
-0.00803
-0.00433
-0.00430
-0.00116
-0.00009
0.00122
0.00385
0.00397
0.00693
0.00751
0.00912
0.01154
0.01172
0.01492
0.01538
0.01749
0.01962
0.02032
0.02356
0.02408
0.02667
0.02850
0.02972
0.03296
0.03342
0.03650
0.03802
0.03955
0.04276
0.04315
0.04660
0.04767
0.04968
0.05264
0.05298
0.05679
0.05731
0.05981
0.06247
0.06277
0.06708
0.06659
0.07022
0.07199
0.07251
0.07745
0.07553
0.08078
0.08023
0.06995
0.01782
-0.09296
-0.11664
-0.08264
-0.10974
-0.11166
-0.10168
-0.11298
-0.10175
-0.10150
-0.09824
-0.08868
-0.08780
-0.07776
-0.07333
-0.06769
-0.05914
-0.05640
-0.04770
-0.04434
-0.03894
-0.03314
-0.03094
-0.02469
-0.02289
-0.01883
-0.01550
-0.01410
-0.00983
-0.00919
-0.00616
-0.00421
-0.00339
-0.00003
-0.00012
0.00281
0.00378
0.00500
0.00760
0.00778
0.01056
0.01147
0.01291
0.01556
0.01575
0.01904
0.01947
0.02197
0.02380
0.02499
0.02792
0.02869
0.03131
0.03323
0.03445
0.03772
0.03812
0.04138
0.04282
0.04437
0.04770
0.04788
0.05148
0.05255
0.05444
0.05762
0.05768
0.06168
0.06207
0.06467
0.06732
0.06738
0.07199
0.07114
0.07510
0.07690
0.07697
0.08249
0.07629
0.05634
-0.03143
-0.12100
-0.09760
-0.08957
-0.11774
-0.10342
-0.10757
-0.11011
-0.09897
-0.10248
-0.09280
-0.08835
-0.08435
-0.07431
-0.07227
-0.06271
-0.05838
-0.05273
-0.04544
-0.04269
-0.03552
-0.03256
-0.02808
-0.02350
-0.02161
-0.01663
-0.01532
-0.01196
-0.00940
-0.00827
-0.00467
-0.00439
-0.00156
-0.00006
0.00082
0.00378
0.00381
0.00644
0.00763
0.00879
0.01132
0.01169
0.01443
0.01535
0.01721
0.01947
0.02014
0.02325
0.02390
0.02634
0.02850
0.02936
0.03278
0.03320
0.03613
0.03799
0.03922
0.04260
0.04291
0.04620
0.04770
0.04929
0.05252
0.05273
0.05634
0.05743
0.05923
0.06256
0.06229
0.06671
0.06671
0.06955
0.07220
0.07190
0.07706
0.07565
0.08014
0.08109
0.07208
0.02826
-0.08163
-0.12076
-0.08395
-0.10538
-0.11423
-0.10059
-0.11276
-0.10352
-0.10056
-0.09985
-0.08881
-0.08844
-0.07901
-0.07358
-0.06876
-0.05969
-0.05695
-0.04877
-0.04453
-0.03979
-0.03357
-0.03128
-0.02542
-0.02298
-0.01950
-0.01563
-0.01440
-0.01022
-0.00928
-0.00665
-0.00418
-0.00366
-0.00024
-0.00018
0.00235
0.00394
0.00458
0.00763
0.00751
0.01028
0.01147
0.01260
0.01538
0.01563
0.01859
0.01965
0.02130
0.02402
0.02441
0.02780
0.02853
0.03088
0.03326
0.03397
0.03757
0.03790
0.04102
0.04282
0.04398
0.04742
0.04773
0.05109
0.05261
0.05399
0.05753
0.05737
0.06131
0.06229
0.06400
0.06754
0.06683
0.07178
0.07138
0.07437
0.07718
0.07629
0.08221
0.07779
0.06177
-0.01666
-0.11557
-0.10272
-0.08643
-0.11703
-0.10495
-0.10593
-0.11121
-0.09930
-0.10272
-0.09409
-0.08847
-0.08542
-0.07501
-0.07288
-0.06396
-0.05859
-0.05389
-0.04587
-0.04330
-0.03647
-0.03265
-0.02905
-0.02359
-0.02219
-0.01715
-0.01538
-0.01266
-0.00925
-0.00879
-0.00488
-0.00452
-0.00195
-0.00003
0.00052
0.00354
0.00372
0.00613
0.00766
0.00836
0.01138
0.01132
0.01425
0.01538
0.01666
0.01965
0.01968
0.02301
0.02399
0.02582
0.02853
0.02899
0.03247
0.03320
0.03568
0.03793
0.03888
0.04224
0.04291
0.04575
0.04776
0.04871
0.05240
0.05255
0.05597
0.05743
0.05878
0.06235
0.06207
0.06635
0.06683
0.06891
0.07224
0.07147
0.07675
0.07605
0.07913
0.08167
0.07300
0.03738
-0.06900
-0.12323
-0.08588
-0.10120
-0.11615
-0.10052
-0.11209
-0.10495
-0.10001
-0.10092
-0.08957
-0.08875
-0.08026
-0.07367
-0.06989
-0.06027
-0.05759
-0.04965
-0.04474
-0.04065
-0.03391
-0.03183
-0.02603
-0.02304
-0.02017
-0.01569
-0.01486
-0.01056
-0.00934
-0.00708
-0.00427
-0.00397
-0.00052
-0.00021
0.00201
0.00388
0.00427
0.00735
0.00754
0.00986
0.01151
0.01224
0.01523
0.01547
0.01825
0.01962
0.02094
0.02383
0.02426
0.02734
0.02872
0.03027
0.03326
0.03369
0.03720
0.03799
0.04050
0.04276
0.04364
0.04721
0.04770
0.05063
0.05258
0.05359
0.05719
0.05750
0.06073
0.06235
0.06345
0.06732
0.06686
0.07123
0.07162
0.07349
0.07727
0.07590
0.08206
0.07877
0.06525
-0.00369
-0.10944
-0.10846
-0.08414
-0.11487
-0.10736
-0.10410
-0.11230
-0.10007
-0.10226
-0.09567
-0.08829
-0.08658
-0.07590
-0.07309
-0.06531
-0.05862
-0.05496
-0.04648
-0.04376
-0.03726
-0.03281
-0.02982
-0.02383
-0.02274
-0.01749
-0.01550
-0.01318
-0.00943
-0.00903
-0.00525
-0.00436
-0.00253
0.00006
0.00012
0.00348
0.00357
0.00589
0.00751
0.00821
0.01105
0.01135
0.01385
0.01538
0.01633
0.01938
0.01968
0.02255
0.02405
0.02530
0.02847
0.02872
0.03220
0.03314
0.03519
0.03787
0.03851
0.04205
0.04282
0.04520
0.04773
0.04837
0.05215
0.05255
0.05533
0.05759
0.05820
0.06232
0.06204
0.06570
0.06711
0.06808
0.07245
0.07132
0.07626
0.07620
0.07822
0.08218
0.07516
0.04636
-0.05490
-0.12341
-0.08945
-0.09674
-0.11755
-0.10089
-0.11057
-0.10699
-0.09940
-0.10190
-0.09061
-0.08856
-0.08200
-0.07373
-0.07108
-0.06113
-0.05780
-0.05096
-0.04492
-0.04160
-0.03452
-0.03201
-0.02695
-0.02304
-0.02100
-0.01587
-0.01514
-0.01102
-0.00934
-0.00760
-0.00443
-0.00409
-0.00092
-0.00015
0.00162
0.00375
0.00415
0.00702
0.00754
0.00952
0.01138
0.01202
0.01498
0.01544
0.01782
0.01962
0.02054
0.02374
0.02408
0.02710
0.02847
0.03006
0.03293
0.03366
0.03677
0.03799
0.03995
0.04272
0.04340
0.04691
0.04767
0.05002
0.05264
0.05316
0.05707
0.05731
0.06021
0.06235
0.06296
0.06723
0.06674
0.07047
0.07193
0.07266
0.07758
0.07562
0.08139
0.07932
0.06796
0.00891
-0.10034
-0.11365
-0.08264
-0.11203
-0.11017
-0.10239
-0.11307
-0.10083
-0.10178
-0.09732
-0.08841
-0.08749
-0.07681
-0.07327
-0.06665
-0.05890
-0.05597
-0.04697
-0.04425
-0.03809
-0.03302
-0.03055
-0.02423
-0.02283
-0.01822
-0.01556
-0.01361
-0.00977
-0.00903
-0.00577
-0.00436
-0.00293
-0.00009
0.00009
0.00302
0.00378
0.00522
0.00772
0.00778
0.01093
0.01132
0.01337
0.01535
0.01608
0.01907
0.01971
0.02203
0.02405
0.02490
0.02832
0.02866
0.03159
0.03333
0.03455
0.03793
0.03827
0.04163
0.04279
0.04480
0.04764
0.04813
0.05182
0.05249
0.05484
0.05762
0.05786
0.06210
0.06198
0.06506
0.06732
0.06757
0.07239
0.07120
0.07547
0.07657
0.07745
0.08258
0.07590
0.05243
-0.04126
-0.12335
-0.09366
-0.09253
-0.11804
-0.10178
-0.10925
-0.10861
-0.09924
-0.10233
-0.09149
-0.08884
-0.08307
-0.07428
-0.07166
-0.06207
-0.05807
-0.05209
-0.04510
-0.04248
-0.03479
-0.03259
-0.02747
-0.02341
-0.02127
-0.01645
-0.01505
-0.01184
-0.00916
-0.00812
-0.00449
-0.00430
-0.00128
-0.00015
0.00116
0.00385
0.00388
0.00677
0.00751
0.00909
0.01144
0.01175
0.01471
0.01544
0.01733
0.01968
0.02020
0.02353
0.02402
0.02649
0.02863
0.02951
0.03296
0.03336
0.03632
0.03806
0.03940
0.04276
0.04303
0.04651
0.04767
0.04953
0.05261
0.05289
0.05664
0.05734
0.05960
0.06259
0.06250
0.06699
0.06662
0.06995
0.07214
0.07233
0.07730
0.07556
0.08060
0.08069
0.07117
0.02158
-0.08963
-0.11801
-0.08270
-0.10873
-0.11237
-0.10132
-0.11295
-0.10236
-0.10120
-0.09879
-0.08871
-0.08804
-0.07819
-0.07343
-0.06805
-0.05930
-0.05664
-0.04800
-0.04443
-0.03918
-0.03329
-0.03101
-0.02496
-0.02280
-0.01923
-0.01532
-0.01437
-0.00980
-0.00931
-0.00623
-0.00433
-0.00320
0.00040
0.00113
0.00406
0.00534
0.00638
0.00870
0.00864
0.01044
0.01093
0.01123
0.01266
0.01196
0.01328
0.01294
0.01309
0.01370
0.01291
0.01379
0.01297
0.01324
0.01321
0.01257
0.01315
0.01212
0.01257
0.01205
0.01175
0.01190
0.01111
0.01135
0.01077
0.01071
0.01047
0.00995
0.01004
0.00955
0.00928
0.00931
0.00854
0.00885
0.00809
0.00809
0.00787
0.00726
0.00757
0.00632
0.00430
-0.00412
-0.01291
-0.00998
-0.00894
-0.01093
-0.00928
-0.00916
-0.00897
-0.00760
-0.00754
-0.00629
-0.00577
-0.00494
-0.00409
-0.00348
-0.00275
-0.00217
-0.00165
-0.00113
-0.00067
-0.00043
0.00009
0.00012
0.00055
0.00052
0.00070
0.00076
0.00085
0.00079
0.00089
0.00076
0.00076
0.00076
0.00058
0.00067
0.00049
0.00049
0.00043
0.00031
0.00031
0.00024
0.00012
0.00024
0.00000
0.00012
-0.00006
0.00009
-0.00006
-0.00003
-0.00006
-0.00009
-0.00003
-0.00012
-0.00003
-0.00012
-0.00003
-0.00012
0.00000
-0.00012
0.00000
-0.00009
-0.00003
-0.00003
-0.00003
0.00000
-0.00006
0.00003
-0.00009
0.00009
-0.00009
0.00009
-0.00009
0.00006
0.00000
0.00000
-0.00003
0.00009
-0.00009
0.00012
-0.00009
0.00006
0.00000
-0.00003
0.00006
-0.00003
0.00003
-0.00003
0.00003
0.00000
0.00000
-0.00003
0.00006
-0.00006
0.00009
-0.00015
0.00012
-0.00009
0.00012
-0.00012
0.00009
-0.00009
0.00006
0.00000
0.00000
0.00000
0.00000
-0.00003
0.00003
0.00000
-0.00003
0.00006
-0.00009
0.00009
-0.00006
0.00006
-0.00012
0.00018
-0.00021
0.00021
-0.00018
0.00009
0.00003
-0.00009
0.00009
-0.00006
0.00000
0.00003
0.00000
-0.00003
0.00003
-0.00003
0.00003
0.00000
0.00000
-0.00006
0.00006
-0.00003
0.00000
0.00003
-0.00006
0.00006
-0.00003
-0.00003
0.00003
-0.00003
0.00003
-0.00003
0.00006
-0.00009
0.00006
0.00000
0.00000
-0.00006
0.00009
-0.00006
0.00003
0.00000
-0.00003
0.00003
-0.00003
0.00003
-0.00006
0.00006
-0.00006
0.00006
-0.00006
0.00006
-0.00009
0.00009
-0.00006
0.00003
0.00000
0.00000
-0.00003
0.00006
-0.00006
0.00003
0.00003
-0.00003
0.00003
0.00000
0.00000
-0.00003
0.00006
-0.00006
0.00006
-0.00003
-0.00003
0.00009
-0.00006
0.00000
0.00000
-0.00003
0.00006
-0.00009
0.00012
-0.00015
0.00012
-0.00012
0.00015
-0.00015
0.00012
-0.00012
0.00012
-0.00009
0.00006
-0.00006
0.00000
0.00009
-0.00009
0.00003
0.00003
-0.00006
0.00003
0.00000
0.00000
0.00000
0.00000
0.00000
0.00003
-0.00009
0.00012
-0.00009
0.00006
-0.00003
0.00000
0.00003
-0.00003
0.00000
0.00000
0.00003
-0.00006
0.00006
-0.00003
0.00000
-0.00003
0.00009
-0.00009
0.00009
-0.00009
0.00006
-0.00003
0.00000
0.00000
0.00003
-0.00009
0.00009
-0.00006
0.00003
0.00006
-0.00012
0.00012
-0.00009
0.00006
-0.00003
0.00006
-0.00006
0.00003
-0.00003
0.00003
-0.00003
0.00006
-0.00009
0.00009
-0.00012
0.00015
-0.00012
0.00009
-0.00006
0.00003
0.00003
-0.00009
0.00009
-0.00009
0.00012
-0.00009
0.00003
0.00000
-0.00003
0.00009
-0.00006
0.00000
0.00006
-0.00003
0.00000
0.00000
0.00000
0.00003
-0.00006
0.00006
-0.00003
-0.00003
0.00006
-0.00006
0.00003
0.00003
-0.00006
0.00006
-0.00003
-0.00003
0.00006
-0.00003
0.00000
0.00000
-0.00003
0.00003
0.00003
-0.00009
0.00012
-0.00012
0.00006
0.00003
-0.00009
0.00012
-0.00015
0.00015
-0.00006
-0.00006
0.00006
-0.00003
0.00003
0.00000
-0.00006
0.00006
-0.00003
0.00000
0.00000
0.00000
-0.00003
0.00006
-0.00003
0.00003
-0.00003
0.00000
0.00006
-0.00003
0.00000
0.00003
-0.00006
0.00009
-0.00006
0.00003
-0.00003
0.00000
0.00003
0.00000
-0.00003
0.00003
-0.00003
0.00000
0.00003
-0.00003
0.00000
0.00000
0.00000
0.00000
0.00000
-0.00003
0.00006
-0.00006
0.00006
-0.00003
0.00000
0.00000
0.00003
-0.00003
0.00000
-0.00003
0.00009
-0.00009
0.00003
-0.00003
0.00009
-0.00015
0.00018
-0.00015
0.00012
-0.00009
0.00006
-0.00003
0.00000
0.00003
-0.00003
0.00003
-0.00003
0.00000
0.00003
0.00000
-0.00009
0.00015
-0.00015
0.00012
-0.00012
0.00009
-0.00006
0.00006
-0.00006
0.00006
-0.00006
0.00003
0.00000
0.00000
0.00000
0.00000
0.00003
-0.00006
0.00009
-0.00009
0.00006
-0.00003
0.00003
-0.00003
-0.00003
0.00006
-0.00003
-0.00003
0.00006
-0.00006
0.00009
-0.00009
0.00006
-0.00003
-0.00003
0.00006
-0.00006
0.00006
-0.00006
0.00003
-0.00003
0.00003
-0.00003
0.00003
-0.00006
0.00009
-0.00006
0.00003
-0.00006
0.00006
0.00000
0.00000
-0.00003
-0.00003
0.00009
-0.00009
0.00006
-0.00003
0.00000
0.00003
-0.00003
0.00000
0.00003
-0.00003
0.00006
-0.00009
0.00006
0.00003
-0.00009
0.00009
-0.00006
0.00003
-0.00003
0.00003
0.00000
0.00000
0.00000
-0.00003
0.00006
-0.00006
0.00009
-0.00012
0.00009
-0.00006
0.00006
-0.00003
0.00000
0.00003
-0.00003
0.00000
0.00000
0.00000
0.00000
0.00000
0.00000
-0.00003
0.00000
0.00003
-0.00003
0.00000
0.00003
-0.00003
0.00000
0.00000
0.00000
0.00000
0.00003
-0.00003
0.00006
-0.00012
0.00015
-0.00012
0.00003
