0.00000
0.00000
-0.00003
0.00006
-0.00012
0.00015
-0.00015
0.00009
-0.00006
0.00003
0.00000
0.00000
-0.00003
0.00000
0.00006
-0.00009
0.00003
0.00003
-0.00006
0.00006
-0.00003
0.00000
0.00000
0.00003
-0.00003
0.00003
0.00000
0.00003
-0.00006
0.00006
-0.00006
0.00006
-0.00003
0.00006
-0.00012
0.00012
-0.00003
-0.00003
0.00006
-0.00006
0.00006
-0.00006
0.00006
-0.00006
0.00009
0.05737
0.05109
0.05151
0.06744
0.06863
0.06738
0.06738
0.07480
0.07535
0.07574
0.07584
0.07880
0.07889
0.07886
0.07855
0.07901
0.07864
0.07733
0.07697
0.07529
0.07483
0.07230
0.07169
0.06873
0.06805
0.06461
0.06381
0.06015
0.05920
0.05539
0.05426
0.05042
0.04932
0.04532
0.04431
0.04025
0.03925
0.03540
0.03439
0.03064
0.02972
0.02609
0.02530
0.02200
0.02109
0.01816
0.01721
0.01477
0.01370
0.01163
0.01065
0.00882
0.00790
0.00647
0.00546
0.00436
0.00354
0.00253
0.00177
0.00116
0.00021
0.00000
-0.00095
-0.00113
-0.00180
-0.00201
-0.00259
-0.00272
-0.00323
-0.00327
-0.00388
-0.00369
-0.00449
-0.00406
-0.00500
-0.00455
-0.00540
-0.00510
-0.00595
-0.00555
-0.00650
-0.00626
-0.00702
-0.00705
-0.00769
-0.00781
-0.00861
-0.00864
-0.00961
-0.00961
-0.01068
-0.01074
-0.01190
-0.01199
-0.01318
-0.01340
-0.01456
-0.01501
-0.01596
-0.01669
-0.01758
-0.01840
-0.01929
-0.02023
-0.02109
-0.02209
-0.02295
-0.02408
-0.02493
-0.02600
-0.02701
-0.02798
-0.02908
-0.03003
-0.03125
-0.03204
-0.03333
-0.03424
-0.03534
-0.03641
-0.03745
-0.03851
-0.03949
-0.04068
-0.04156
-0.04276
-0.04364
-0.04474
-0.04581
-0.04666
-0.04785
-0.04868
-0.04980
-0.05072
-0.05164
-0.05267
-0.05362
-0.05450
-0.05548
-0.05634
-0.05743
-0.05807
-0.05920
-0.05994
-0.06091
-0.06177
-0.06262
-0.06345
-0.06436
-0.06509
-0.06610
-0.06680
-0.06766
-0.06851
-0.06924
-0.07013
-0.07089
-0.07166
-0.07263
-0.07306
-0.07428
-0.07468
-0.07574
-0.07632
-0.07718
-0.07797
-0.07867
-0.07947
-0.08026
-0.08093
-0.08185
-0.08240
-0.08331
-0.08398
-0.08478
-0.08545
-0.08633
-0.08688
-0.08783
-0.08838
-0.08929
-0.08984
-0.09085
-0.09125
-0.09229
-0.09283
-0.09363
-0.09430
-0.09509
-0.09573
-0.09659
-0.09714
-0.09799
-0.09860
-0.09937
-0.10004
-0.10086
-0.10132
-0.10233
-0.10272
-0.10367
-0.10416
-0.10495
-0.10565
-0.10620
-0.10703
-0.10764
-0.10831
-0.10895
-0.10971
-0.11020
-0.11102
-0.11154
-0.11227
-0.11285
-0.11356
-0.11411
-0.11484
-0.11536
-0.11606
-0.11664
-0.11728
-0.11789
-0.11838
-0.11917
-0.11960
-0.12036
-0.12073
-0.12152
-0.12201
-0.12259
-0.12320
-0.12363
-0.12442
-0.12476
-0.12552
-0.12589
-0.12653
-0.12708
-0.12753
-0.12823
-0.12857
-0.12924
-0.12967
-0.13028
-0.13071
-0.13129
-0.13177
-0.13223
-0.13284
-0.13321
-0.13370
-0.11972
0.02628
0.23959
0.16922
0.22385
0.29935
0.25848
0.28394
0.27567
0.31906
0.29846
0.31125
0.30750
0.32025
0.31357
0.31238
0.31113
0.30832
0.30475
0.29648
0.29327
0.28427
0.27881
0.26797
0.26151
0.25061
0.24249
0.23117
0.22217
0.21109
0.20120
0.19040
0.17999
0.16977
0.15918
0.14938
0.13898
0.12973
0.11972
0.11108
0.10162
0.09378
0.08481
0.07782
0.06946
0.06357
0.05560
0.05075
0.04358
0.03943
0.03317
0.02972
0.02429
0.02161
0.01691
0.01489
0.01096
0.00958
0.00626
0.00552
0.00278
0.00244
0.00046
0.00031
-0.00107
-0.00089
-0.00189
-0.00146
-0.00201
-0.00156
-0.00168
-0.00113
-0.00113
-0.00040
-0.00031
0.00049
0.00061
0.00140
0.00165
0.00217
0.00266
0.00290
0.00345
0.00348
0.00403
0.00388
0.00433
0.00409
0.00424
0.00403
0.00394
0.00360
0.00339
0.00278
0.00256
0.00168
0.00131
0.00037
-0.00018
-0.00134
-0.00189
-0.00330
-0.00400
-0.00537
-0.00638
-0.00766
-0.00885
-0.01028
-0.01147
-0.01303
-0.01425
-0.01584
-0.01721
-0.01874
-0.02026
-0.02173
-0.02325
-0.02481
-0.02637
-0.02780
-0.02951
-0.03079
-0.03259
-0.03387
-0.03552
-0.03696
-0.03839
-0.03992
-0.04135
-0.04266
-0.04425
-0.04538
-0.04703
-0.04810
-0.04956
-0.05078
-0.05206
-0.05328
-0.05457
-0.05566
-0.05685
-0.05807
-0.05905
-0.06030
-0.06128
-0.06235
-0.06345
-0.06433
-0.06549
-0.06635
-0.06741
-0.06821
-0.06934
-0.07001
-0.07117
-0.07181
-0.07291
-0.07358
-0.07455
-0.07532
-0.07626
-0.07690
-0.07791
-0.07855
-0.07953
-0.08011
-0.08112
-0.08173
-0.08258
-0.08340
-0.08401
-0.08499
-0.08557
-0.08649
-0.08716
-0.08786
-0.08878
-0.08936
-0.09030
-0.09085
-0.09171
-0.09250
-0.09308
-0.09406
-0.09457
-0.09549
-0.09616
-0.09686
-0.09769
-0.09830
-0.09921
-0.09976
-0.10062
-0.10129
-0.10202
-0.10275
-0.10352
-0.10410
-0.10504
-0.10553
-0.10638
-0.10703
-0.10776
-0.10837
-0.10925
-0.10971
-0.11057
-0.11121
-0.11182
-0.11261
-0.11319
-0.11383
-0.11462
-0.11511
-0.11591
-0.11652
-0.11703
-0.11786
-0.11832
-0.11908
-0.11963
-0.12021
-0.12094
-0.12137
-0.12216
-0.12259
-0.12332
-0.12378
-0.12448
-0.12494
-0.12558
-0.12607
-0.12674
-0.12717
-0.12781
-0.12833
-0.12878
-0.12946
-0.12988
-0.13043
-0.13095
-0.13144
-0.13205
-0.13242
-0.13306
-0.13336
-0.13409
-0.13437
-0.13504
-0.13528
-0.13602
-0.13629
-0.13547
-0.07852
0.16504
0.26987
0.17938
0.32874
0.30539
0.31454
0.30792
0.33969
0.35004
0.34167
0.34872
0.35190
0.35876
0.34970
0.35123
0.34668
0.34540
0.33652
0.33133
0.32401
0.31604
0.30740
0.29678
0.28870
0.27634
0.26785
0.25409
0.24594
0.23135
0.22330
0.20816
0.20068
0.18518
0.17850
0.16281
0.15686
0.14166
0.13614
0.12177
0.11679
0.10330
0.09891
0.08646
0.08273
0.07123
0.06830
0.05786
0.05536
0.04648
0.04413
0.03665
0.03476
0.02841
0.02692
0.02182
0.02051
0.01666
0.01556
0.01263
0.01187
0.00980
0.00934
0.00784
0.00772
0.00681
0.00674
0.00653
0.00641
0.00674
0.00656
0.00732
0.00708
0.00821
0.00778
0.00912
0.00870
0.01010
0.00964
0.01089
0.01050
0.01166
0.01120
0.01221
0.01157
0.01263
0.01169
0.01266
0.01163
0.01236
0.01120
0.01178
0.01047
0.01074
0.00955
0.00940
0.00821
0.00778
0.00650
0.00595
0.00455
0.00378
0.00235
0.00128
0.00003
-0.00137
-0.00269
-0.00406
-0.00558
-0.00699
-0.00851
-0.01010
-0.01157
-0.01321
-0.01477
-0.01642
-0.01791
-0.01968
-0.02118
-0.02283
-0.02444
-0.02603
-0.02768
-0.02914
-0.03082
-0.03235
-0.03387
-0.03543
-0.03677
-0.03851
-0.03967
-0.04135
-0.04257
-0.04407
-0.04538
-0.04672
-0.04800
-0.04932
-0.05054
-0.05182
-0.05292
-0.05429
-0.05521
-0.05652
-0.05759
-0.05859
-0.05984
-0.06067
-0.06189
-0.06281
-0.06378
-0.06485
-0.06570
-0.06671
-0.06760
-0.06854
-0.06946
-0.07025
-0.07132
-0.07190
-0.07309
-0.07358
-0.07480
-0.07529
-0.07639
-0.07697
-0.07797
-0.07864
-0.07959
-0.08026
-0.08115
-0.08185
-0.08276
-0.08334
-0.08441
-0.08493
-0.08591
-0.08655
-0.08740
-0.08807
-0.08899
-0.08963
-0.09052
-0.09119
-0.09204
-0.09265
-0.09363
-0.09418
-0.09512
-0.09570
-0.09665
-0.09720
-0.09811
-0.09872
-0.09964
-0.10019
-0.10110
-0.10168
-0.10257
-0.10315
-0.10400
-0.10461
-0.10544
-0.10608
-0.10684
-0.10748
-0.10828
-0.10889
-0.10962
-0.11029
-0.11099
-0.11169
-0.11234
-0.11301
-0.11365
-0.11438
-0.11493
-0.11569
-0.11621
-0.11694
-0.11758
-0.11807
-0.11887
-0.11935
-0.12009
-0.12054
-0.12128
-0.12177
-0.12244
-0.12296
-0.12360
-0.12405
-0.12476
-0.12524
-0.12579
-0.12643
-0.12683
-0.12753
-0.12796
-0.12848
-0.12918
-0.12943
-0.13022
-0.13049
-0.13123
-0.13150
-0.13220
-0.13260
-0.13303
-0.13367
-0.13400
-0.13458
-0.12433
0.01328
0.26859
0.21805
0.24185
0.35318
0.29922
0.33173
0.31558
0.36722
0.34592
0.35782
0.35400
0.36694
0.36172
0.35818
0.35773
0.35352
0.35046
0.34042
0.33698
0.32672
0.32071
0.30869
0.30099
0.28937
0.27972
0.26776
0.25696
0.24554
0.23361
0.22253
0.21011
0.19974
0.18686
0.17737
0.16434
0.15588
0.14288
0.13538
0.12289
0.11621
0.10452
0.09845
0.08780
0.08252
0.07272
0.06836
0.05942
0.05594
0.04797
0.04520
0.03827
0.03610
0.03024
0.02859
0.02374
0.02261
0.01862
0.01801
0.01471
0.01462
0.01205
0.01208
0.01041
0.01059
0.00940
0.00992
0.00906
0.00974
0.00937
0.00989
0.01010
0.01038
0.01093
0.01123
0.01178
0.01218
0.01273
0.01291
0.01373
0.01358
0.01443
0.01422
0.01495
0.01450
0.01523
0.01462
0.01514
0.01443
0.01477
0.01392
0.01401
0.01312
0.01294
0.01193
0.01163
0.01041
0.01001
0.00848
0.00818
0.00632
0.00595
0.00412
0.00327
0.00174
0.00046
-0.00092
-0.00244
-0.00385
-0.00537
-0.00699
-0.00842
-0.01010
-0.01169
-0.01328
-0.01492
-0.01657
-0.01813
-0.01987
-0.02142
-0.02310
-0.02466
-0.02631
-0.02789
-0.02945
-0.03110
-0.03253
-0.03412
-0.03561
-0.03708
-0.03851
-0.04004
-0.04135
-0.04282
-0.04407
-0.04556
-0.04672
-0.04810
-0.04932
-0.05054
-0.05182
-0.05292
-0.05411
-0.05527
-0.05634
-0.05753
-0.05847
-0.05963
-0.06052
-0.06174
-0.06259
-0.06357
-0.06458
-0.06552
-0.06641
-0.06741
-0.06824
-0.06915
-0.07013
-0.07083
-0.07181
-0.07269
-0.07343
-0.07440
-0.07510
-0.07605
-0.07675
-0.07770
-0.07840
-0.07925
-0.08011
-0.08075
-0.08176
-0.08237
-0.08334
-0.08392
-0.08487
-0.08557
-0.08646
-0.08710
-0.08801
-0.08862
-0.08960
-0.09024
-0.09106
-0.09186
-0.09253
-0.09341
-0.09418
-0.09482
-0.09573
-0.09637
-0.09720
-0.09793
-0.09875
-0.09933
-0.10028
-0.10089
-0.10162
-0.10251
-0.10300
-0.10400
-0.10449
-0.10535
-0.10608
-0.10669
-0.10751
-0.10806
-0.10892
-0.10956
-0.11023
-0.11093
-0.11160
-0.11224
-0.11301
-0.11353
-0.11429
-0.11496
-0.11551
-0.11624
-0.11682
-0.11752
-0.11801
-0.11880
-0.11926
-0.12000
-0.12054
-0.12109
-0.12180
-0.12225
-0.12299
-0.12344
-0.12402
-0.12466
-0.12515
-0.12576
-0.12622
-0.12695
-0.12720
-0.12808
-0.12833
-0.12900
-0.12952
-0.12997
-0.13055
-0.13098
-0.13156
-0.13199
-0.13257
-0.13300
-0.13348
-0.13330
-0.09024
0.13910
0.28809
0.18420
0.32339
0.32379
0.31845
0.32080
0.34180
0.36383
0.34918
0.35947
0.35971
0.36938
0.35974
0.36069
0.35681
0.35486
0.34711
0.34048
0.33423
0.32541
0.31735
0.30600
0.29822
0.28540
0.27707
0.26288
0.25470
0.23990
0.23163
0.21637
0.20856
0.19318
0.18573
0.17065
0.16354
0.14917
0.14246
0.12885
0.12277
0.11002
0.10449
0.09290
0.08786
0.07751
0.07300
0.06384
0.05988
0.05200
0.04852
0.04187
0.03894
0.03333
0.03110
0.02631
0.02466
0.02087
0.01953
0.01682
0.01569
0.01376
0.01303
0.01184
0.01114
0.01080
0.01010
0.01041
0.00977
0.01041
0.01004
0.01083
0.01056
0.01160
0.01123
0.01260
0.01205
0.01349
0.01294
0.01437
0.01376
0.01511
0.01440
0.01559
0.01489
0.01587
0.01505
0.01593
0.01486
0.01559
0.01450
0.01492
0.01379
0.01389
0.01276
0.01254
0.01138
0.01093
0.00961
0.00909
0.00760
0.00687
0.00531
0.00452
0.00278
0.00183
0.00018
-0.00113
-0.00259
-0.00418
-0.00558
-0.00723
-0.00879
-0.01041
-0.01199
-0.01361
-0.01529
-0.01691
-0.01852
-0.02023
-0.02176
-0.02347
-0.02509
-0.02664
-0.02832
-0.02979
-0.03140
-0.03302
-0.03433
-0.03610
-0.03729
-0.03900
-0.04028
-0.04169
-0.04318
-0.04440
-0.04581
-0.04709
-0.04837
-0.04959
-0.05087
-0.05203
-0.05322
-0.05435
-0.05557
-0.05655
-0.05783
-0.05862
-0.05997
-0.06073
-0.06198
-0.06274
-0.06390
-0.06473
-0.06580
-0.06662
-0.06757
-0.06848
-0.06946
-0.07013
-0.07132
-0.07181
-0.07300
-0.07367
-0.07452
-0.07541
-0.07623
-0.07697
-0.07797
-0.07855
-0.07956
-0.08020
-0.08121
-0.08176
-0.08282
-0.08331
-0.08447
-0.08490
-0.08597
-0.08655
-0.08752
-0.08807
-0.08914
-0.08963
-0.09064
-0.09131
-0.09210
-0.09286
-0.09369
-0.09433
-0.09534
-0.09579
-0.09683
-0.09738
-0.09827
-0.09900
-0.09973
-0.10046
-0.10123
-0.10199
-0.10272
-0.10342
-0.10419
-0.10492
-0.10559
-0.10635
-0.10709
-0.10773
-0.10852
-0.10910
-0.10992
-0.11053
-0.11127
-0.11185
-0.11273
-0.11307
-0.11414
-0.11435
-0.11545
-0.11572
-0.11667
-0.11707
-0.11780
-0.11844
-0.11908
-0.11957
-0.12039
-0.12076
-0.12155
-0.12201
-0.12268
-0.12323
-0.12381
-0.12436
-0.12500
-0.12540
-0.12619
-0.12653
-0.12720
-0.12772
-0.12827
-0.12869
-0.12936
-0.12979
-0.13037
-0.13083
-0.13138
-0.13184
-0.13239
-0.13284
-0.13342
-0.13370
-0.12769
-0.01382
0.25067
0.23636
0.22299
0.35693
0.30084
0.33347
0.31454
0.36606
0.34979
0.35791
0.35577
0.36725
0.36465
0.35953
0.35980
0.35519
0.35291
0.34271
0.33902
0.32932
0.32288
0.31146
0.30307
0.29227
0.28174
0.27084
0.25879
0.24869
0.23529
0.22574
0.21170
0.20279
0.18845
0.18024
0.16583
0.15863
0.14429
0.13797
0.12418
0.11865
0.10559
0.10089
0.08868
0.08472
0.07361
0.07034
0.06021
0.05774
0.04865
0.04684
0.03888
0.03754
0.03085
0.02982
0.02432
0.02365
0.01917
0.01892
0.01526
0.01529
0.01260
0.01273
0.01093
0.01105
0.00998
0.01025
0.00961
0.01004
0.00986
0.01025
0.01047
0.01068
0.01138
0.01138
0.01236
0.01224
0.01324
0.01309
0.01413
0.01376
0.01498
0.01422
0.01553
0.01459
0.01572
0.01477
0.01559
0.01453
0.01532
0.01398
0.01453
0.01331
0.01328
0.01224
0.01196
0.01065
0.01038
0.00879
0.00836
0.00690
0.00598
0.00455
0.00363
0.00186
0.00098
-0.00085
-0.00195
-0.00372
-0.00500
-0.00674
-0.00815
-0.00992
-0.01132
-0.01312
-0.01459
-0.01645
-0.01782
-0.01965
-0.02130
-0.02277
-0.02466
-0.02594
-0.02789
-0.02911
-0.03107
-0.03232
-0.03403
-0.03540
-0.03705
-0.03836
-0.03998
-0.04123
-0.04272
-0.04404
-0.04544
-0.04672
-0.04803
-0.04926
-0.05057
-0.05167
-0.05307
-0.05402
-0.05530
-0.05637
-0.05750
-0.05850
-0.05975
-0.06049
-0.06183
-0.06256
-0.06378
-0.06454
-0.06567
-0.06644
-0.06754
-0.06836
-0.06927
-0.07010
-0.07111
-0.07193
-0.07275
-0.07364
-0.07446
-0.07535
-0.07614
-0.07697
-0.07779
-0.07861
-0.07947
-0.08023
-0.08102
-0.08188
-0.08264
-0.08340
-0.08432
-0.08493
-0.08591
-0.08664
-0.08731
-0.08826
-0.08893
-0.08978
-0.09055
-0.09134
-0.09201
-0.09296
-0.09357
-0.09448
-0.09512
-0.09601
-0.09665
-0.09753
-0.09821
-0.09897
-0.09985
-0.10034
-0.10141
-0.10193
-0.10275
-0.10345
-0.10431
-0.10477
-0.10590
-0.10617
-0.10727
-0.10770
-0.10861
-0.10919
-0.10995
-0.11060
-0.11136
-0.11194
-0.11273
-0.11331
-0.11398
-0.11475
-0.11533
-0.11594
-0.11670
-0.11719
-0.11798
-0.11853
-0.11917
-0.11972
-0.12045
-0.12094
-0.12164
-0.12222
-0.12271
-0.12344
-0.12396
-0.12448
-0.12521
-0.12552
-0.12634
-0.12674
-0.12735
-0.12787
-0.12839
-0.12900
-0.12949
-0.12994
-0.13065
-0.13092
-0.13165
-0.13199
-0.13263
-0.13303
-0.13354
-0.13412
-0.13406
-0.10333
0.10446
0.29132
0.18665
0.30399
0.33316
0.31180
0.32462
0.33340
0.36670
0.34695
0.35974
0.35754
0.36942
0.35974
0.36023
0.35681
0.35449
0.34799
0.34021
0.33499
0.32544
0.31821
0.30637
0.29889
0.28613
0.27762
0.26376
0.25513
0.24097
0.23196
0.21756
0.20868
0.19446
0.18576
0.17188
0.16348
0.15039
0.14221
0.13013
0.12231
0.11121
0.10397
0.09396
0.08728
0.07837
0.07239
0.06451
0.05930
0.05246
0.04794
0.04214
0.03827
0.03354
0.03027
0.02649
0.02371
0.02094
0.01862
0.01669
0.01477
0.01358
0.01202
0.01151
0.01028
0.01022
0.00940
0.00964
0.00903
0.00974
0.00916
0.01019
0.00967
0.01086
0.01053
0.01163
0.01144
0.01251
0.01236
0.01334
0.01321
0.01410
0.01379
0.01462
0.01428
0.01495
0.01440
0.01501
0.01428
0.01468
0.01392
0.01398
0.01328
0.01291
0.01227
0.01160
0.01089
0.00998
0.00912
0.00821
0.00702
0.00607
0.00479
0.00357
0.00235
0.00098
-0.00046
-0.00180
-0.00333
-0.00476
-0.00641
-0.00778
-0.00952
-0.01108
-0.01263
-0.01443
-0.01581
-0.01770
-0.01913
-0.02097
-0.02243
-0.02423
-0.02567
-0.02747
-0.02887
-0.03070
-0.03195
-0.03378
-0.03510
-0.03680
-0.03809
-0.03964
-0.04108
-0.04242
-0.04395
-0.04514
-0.04657
-0.04782
-0.04919
-0.05032
-0.05170
-0.05273
-0.05411
-0.05511
-0.05637
-0.05731
-0.05862
-0.05954
-0.06061
-0.06168
-0.06271
-0.06360
-0.06476
-0.06546
-0.06677
-0.06729
-0.06860
-0.06912
-0.07043
-0.07092
-0.07214
-0.07272
-0.07379
-0.07449
-0.07547
-0.07617
-0.07712
-0.07785
-0.07880
-0.07944
-0.08044
-0.08109
-0.08200
-0.08270
-0.08359
-0.08438
-0.08514
-0.08591
-0.08679
-0.08743
-0.08838
-0.08911
-0.08978
-0.09079
-0.09131
-0.09232
-0.09296
-0.09378
-0.09454
-0.09534
-0.09604
-0.09686
-0.09769
-0.09824
-0.09937
-0.09964
-0.10083
-0.10132
-0.10217
-0.10291
-0.10361
-0.10437
-0.10510
-0.10580
-0.10654
-0.10733
-0.10794
-0.10867
-0.10944
-0.11008
-0.11078
-0.11151
-0.11218
-0.11282
-0.11359
-0.11417
-0.11487
-0.11551
-0.11627
-0.11673
-0.11761
-0.11795
-0.11890
-0.11932
-0.12003
-0.12057
-0.12128
-0.12183
-0.12238
-0.12314
-0.12344
-0.12436
-0.12469
-0.12534
-0.12598
-0.12640
-0.12714
-0.12750
-0.12817
-0.12869
-0.12924
-0.12970
-0.13031
-0.13080
-0.13135
-0.13177
-0.13242
-0.13278
-0.13342
-0.13379
-0.13440
-0.13474
-0.13138
-0.03983
0.22501
0.25241
0.20480
0.35370
0.30249
0.33063
0.31293
0.36035
0.35202
0.35468
0.35553
0.36441
0.36502
0.35837
0.35916
0.35440
0.35269
0.34250
0.33862
0.32938
0.32260
0.31186
0.30276
0.29285
0.28149
0.27148
0.25864
0.24933
0.23514
0.22644
0.21146
0.20352
0.18814
0.18097
0.16553
0.15918
0.14398
0.13840
0.12384
0.11899
0.10519
0.10101
0.08829
0.08478
0.07303
0.07028
0.05960
0.05750
0.04810
0.04636
0.03830
0.03696
0.03015
0.02921
0.02353
0.02289
0.01840
0.01797
0.01450
0.01434
0.01169
0.01181
0.00986
0.01010
0.00897
0.00912
0.00876
0.00876
0.00894
0.00903
0.00949
0.00949
0.01038
0.01019
0.01132
0.01105
0.01221
0.01193
0.01306
0.01263
0.01392
0.01315
0.01440
0.01355
0.01465
0.01364
0.01465
0.01340
0.01437
0.01282
0.01370
0.01199
0.01263
0.01096
0.01117
0.00949
0.00955
0.00772
0.00757
0.00565
0.00531
0.00339
0.00284
0.00085
0.00009
-0.00186
-0.00284
-0.00461
-0.00595
-0.00766
-0.00906
-0.01083
-0.01224
-0.01401
-0.01559
-0.01721
-0.01889
-0.02048
-0.02219
-0.02374
-0.02545
-0.02701
-0.02866
-0.03021
-0.03177
-0.03345
-0.03479
-0.03647
-0.03787
-0.03934
-0.04092
-0.04208
-0.04382
-0.04480
-0.04657
-0.04749
-0.04913
-0.05014
-0.05154
-0.05270
-0.05389
-0.05508
-0.05624
-0.05731
-0.05847
-0.05954
-0.06058
-0.06165
-0.06265
-0.06363
-0.06473
-0.06555
-0.06665
-0.06747
-0.06845
-0.06937
-0.07028
-0.07117
-0.07199
-0.07300
-0.07370
-0.07465
-0.07553
-0.07626
-0.07712
-0.07809
-0.07867
-0.07974
-0.08029
-0.08136
-0.08197
-0.08292
-0.08365
-0.08438
-0.08536
-0.08600
-0.08682
-0.08768
-0.08835
-0.08923
-0.08997
-0.09079
-0.09152
-0.09235
-0.09308
-0.09390
-0.09460
-0.09552
-0.09607
-0.09711
-0.09760
-0.09860
-0.09918
-0.10007
-0.10068
-0.10165
-0.10211
-0.10315
-0.10367
-0.10455
-0.10519
-0.10596
-0.10669
-0.10742
-0.10806
-0.10892
-0.10950
-0.11029
-0.11087
-0.11172
-0.11224
-0.11310
-0.11365
-0.11438
-0.11505
-0.11566
-0.11636
-0.11700
-0.11768
-0.11826
-0.11896
-0.11954
-0.12021
-0.12079
-0.12137
-0.12210
-0.12259
-0.12329
-0.12372
-0.12451
-0.12488
-0.12564
-0.12610
-0.12668
-0.12729
-0.12778
-0.12839
-0.12891
-0.12943
-0.13000
-0.13052
-0.13101
-0.13156
-0.13214
-0.13248
-0.13327
-0.13339
-0.13431
-0.13440
-0.13525
-0.13528
-0.11395
0.06937
0.28812
0.19360
0.28156
0.34149
0.30511
0.32751
0.32513
0.36765
0.34503
0.35895
0.35510
0.36841
0.35950
0.35889
0.35648
0.35342
0.34824
0.33942
0.33511
0.32498
0.31851
0.30618
0.29901
0.28632
0.27765
0.26422
0.25494
0.24167
0.23169
0.21832
0.20831
0.19537
0.18515
0.17291
0.16275
0.15134
0.14154
0.13086
0.12152
0.11200
0.10303
0.09460
0.08633
0.07889
0.07132
0.06494
0.05817
0.05267
0.04688
0.04214
0.03720
0.03339
0.02911
0.02628
0.02252
0.02060
0.01743
0.01617
0.01364
0.01291
0.01093
0.01074
0.00916
0.00943
0.00821
0.00876
0.00793
0.00873
0.00812
0.00906
0.00876
0.00964
0.00955
0.01053
0.01038
0.01144
0.01135
0.01218
0.01224
0.01291
0.01288
0.01352
0.01331
0.01376
0.01361
0.01373
0.01355
0.01343
0.01315
0.01285
0.01239
0.01190
0.01132
0.01071
0.00986
0.00912
0.00821
0.00720
0.00626
0.00504
0.00400
0.00266
0.00143
0.00012
-0.00128
-0.00269
-0.00418
-0.00568
-0.00711
-0.00885
-0.01019
-0.01205
-0.01340
-0.01526
-0.01672
-0.01846
-0.02005
-0.02170
-0.02341
-0.02490
-0.02670
-0.02811
-0.02991
-0.03137
-0.03293
-0.03455
-0.03601
-0.03757
-0.03903
-0.04044
-0.04196
-0.04327
-0.04480
-0.04599
-0.04749
-0.04868
-0.04999
-0.05127
-0.05255
-0.05362
-0.05499
-0.05594
-0.05725
-0.05826
-0.05942
-0.06046
-0.06152
-0.06253
-0.06360
-0.06454
-0.06552
-0.06656
-0.06741
-0.06839
-0.06937
-0.07016
-0.07114
-0.07196
-0.07297
-0.07367
-0.07468
-0.07541
-0.07635
-0.07703
-0.07809
-0.07870
-0.07965
-0.08044
-0.08124
-0.08206
-0.08282
-0.08365
-0.08447
-0.08524
-0.08612
-0.08673
-0.08771
-0.08838
-0.08920
-0.09000
-0.09076
-0.09158
-0.09232
-0.09314
-0.09381
-0.09476
-0.09537
-0.09622
-0.09702
-0.09763
-0.09863
-0.09918
-0.10010
-0.10074
-0.10153
-0.10226
-0.10312
-0.10370
-0.10455
-0.10522
-0.10599
-0.10672
-0.10742
-0.10815
-0.10895
-0.10944
-0.11044
-0.11090
-0.11169
-0.11243
-0.11304
-0.11374
-0.11447
-0.11502
-0.11588
-0.11630
-0.11716
-0.11768
-0.11844
-0.11893
-0.11975
-0.12015
-0.12100
-0.12143
-0.12216
-0.12268
-0.12338
-0.12384
-0.12460
-0.12497
-0.12576
-0.12619
-0.12683
-0.12735
-0.12799
-0.12839
-0.12912
-0.12949
-0.13019
-0.13055
-0.13123
-0.13168
-0.13220
-0.13272
-0.13324
-0.13370
-0.13431
-0.13467
-0.13528
-0.13568
-0.13391
-0.06235
0.19525
0.26697
0.19125
0.34573
0.30695
0.32614
0.31320
0.35333
0.35483
0.35132
0.35568
0.36139
0.36557
0.35727
0.35858
0.35382
0.35233
0.34271
0.33804
0.32971
0.32230
0.31250
0.30252
0.29346
0.28143
0.27222
0.25861
0.25009
0.23517
0.22723
0.21146
0.20428
0.18820
0.18155
0.16565
0.15958
0.14423
0.13858
0.12411
0.11896
0.10541
0.10104
0.08829
0.08469
0.07300
0.07004
0.05957
0.05713
0.04788
0.04590
0.03802
0.03647
0.02975
0.02859
0.02307
0.02219
0.01794
0.01715
0.01401
0.01343
0.01114
0.01080
0.00934
0.00909
0.00833
0.00812
0.00800
0.00784
0.00818
0.00800
0.00873
0.00851
0.00958
0.00916
0.01053
0.01010
0.01135
0.01102
0.01224
0.01166
0.01315
0.01215
0.01367
0.01263
0.01379
0.01288
0.01373
0.01263
0.01349
0.01212
0.01279
0.01135
0.01172
0.01028
0.01035
0.00882
0.00870
0.00708
0.00674
0.00504
0.00455
0.00272
0.00208
0.00024
-0.00070
-0.00247
-0.00348
-0.00540
-0.00653
-0.00836
-0.00977
-0.01135
-0.01306
-0.01459
-0.01630
-0.01782
-0.01959
-0.02112
-0.02286
-0.02438
-0.02618
-0.02756
-0.02948
-0.03067
-0.03265
-0.03387
-0.03564
-0.03702
-0.03864
-0.03995
-0.04156
-0.04282
-0.04443
-0.04559
-0.04709
-0.04834
-0.04965
-0.05087
-0.05225
-0.05334
-0.05460
-0.05576
-0.05695
-0.05795
-0.05923
-0.06018
-0.06128
-0.06241
-0.06323
-0.06448
-0.06522
-0.06650
-0.06714
-0.06833
-0.06903
-0.07019
-0.07089
-0.07190
-0.07272
-0.07358
-0.07452
-0.07532
-0.07617
-0.07706
-0.07779
-0.07870
-0.07950
-0.08035
-0.08109
-0.08200
-0.08267
-0.08359
-0.08438
-0.08511
-0.08594
-0.08676
-0.08749
-0.08838
-0.08905
-0.08994
-0.09061
-0.09152
-0.09222
-0.09302
-0.09381
-0.09457
-0.09531
-0.09616
-0.09689
-0.09763
-0.09845
-0.09915
-0.10001
-0.10062
-0.10156
-0.10208
-0.10306
-0.10364
-0.10449
-0.10513
-0.10596
-0.10660
-0.10733
-0.10818
-0.10870
-0.10965
-0.11008
-0.11102
-0.11160
-0.11230
-0.11307
-0.11365
-0.11441
-0.11499
-0.11578
-0.11636
-0.11697
-0.11774
-0.11832
-0.11893
-0.11969
-0.12021
-0.12079
-0.12158
-0.12204
-0.12274
-0.12326
-0.12393
-0.12451
-0.12506
-0.12567
-0.12625
-0.12677
-0.12741
-0.12793
-0.12851
-0.12900
-0.12964
-0.13007
-0.13071
-0.13116
-0.13171
-0.13226
-0.13269
-0.13330
-0.13379
-0.13422
-0.13483
-0.13519
-0.13586
-0.13605
-0.12189
0.03613
0.27884
0.20532
0.25842
0.34854
0.30026
0.32983
0.31842
0.36761
0.34430
0.35806
0.35349
0.36725
0.35986
0.35791
0.35641
0.35275
0.34875
0.33914
0.33542
0.32507
0.31894
0.30664
0.29926
0.28705
0.27786
0.26526
0.25500
0.24283
0.23163
0.21976
0.20804
0.19684
0.18478
0.17438
0.16238
0.15268
0.14111
0.13211
0.12109
0.11304
0.10266
0.09549
0.08582
0.07974
0.07068
0.06570
0.05746
0.05328
0.04605
0.04272
0.03632
0.03375
0.02838
0.02631
0.02185
0.02051
0.01675
0.01590
0.01303
0.01245
0.01035
0.01019
0.00861
0.00873
0.00766
0.00806
0.00739
0.00790
0.00763
0.00821
0.00821
0.00882
0.00906
0.00955
0.01001
0.01041
0.01096
0.01129
0.01172
0.01205
0.01248
0.01248
0.01303
0.01279
0.01324
0.01288
0.01312
0.01263
0.01270
0.01208
0.01199
0.01108
0.01102
0.00992
0.00949
0.00845
0.00775
0.00668
0.00568
0.00461
0.00348
0.00211
0.00107
-0.00052
-0.00165
-0.00320
-0.00464
-0.00613
-0.00763
-0.00925
-0.01068
-0.01251
-0.01382
-0.01578
-0.01709
-0.01898
-0.02048
-0.02216
-0.02383
-0.02539
-0.02713
-0.02859
-0.03030
-0.03186
-0.03336
-0.03506
-0.03641
-0.03802
-0.03949
-0.04089
-0.04254
-0.04358
-0.04538
-0.04636
-0.04807
-0.04907
-0.05057
-0.05161
-0.05310
-0.05405
-0.05548
-0.05643
-0.05774
-0.05875
-0.05991
-0.06091
-0.06204
-0.06296
-0.06415
-0.06497
-0.06610
-0.06693
-0.06802
-0.06876
-0.06992
-0.07068
-0.07156
-0.07257
-0.07330
-0.07428
-0.07510
-0.07593
-0.07678
-0.07764
-0.07852
-0.07919
-0.08017
-0.08087
-0.08176
-0.08255
-0.08334
-0.08411
-0.08499
-0.08572
-0.08655
-0.08728
-0.08820
-0.08881
-0.08978
-0.09042
-0.09128
-0.09207
-0.09277
-0.09360
-0.09442
-0.09509
-0.09595
-0.09668
-0.09747
-0.09821
-0.09903
-0.09973
-0.10049
-0.10132
-0.10193
-0.10287
-0.10342
-0.10434
-0.10492
-0.10577
-0.10645
-0.10724
-0.10788
-0.10867
-0.10931
-0.11011
-0.11072
-0.11151
-0.11215
-0.11288
-0.11349
-0.11426
-0.11484
-0.11566
-0.11615
-0.11691
-0.11761
-0.11804
-0.11899
-0.11935
-0.12018
-0.12076
-0.12131
-0.12201
-0.12256
-0.12326
-0.12369
-0.12451
-0.12485
-0.12561
-0.12619
-0.12659
-0.12741
-0.12775
-0.12842
-0.12897
-0.12949
-0.13004
-0.13058
-0.13107
-0.13168
-0.13211
-0.13272
-0.13321
-0.13367
-0.13428
-0.13464
-0.13522
-0.13574
-0.13611
-0.13553
-0.08099
0.16296
0.27881
0.18341
0.33347
0.31409
0.32053
0.31555
0.34552
0.35831
0.34854
0.35608
0.35892
0.36618
0.35690
0.35822
0.35382
0.35214
0.34348
0.33777
0.33060
0.32230
0.31354
0.30270
0.29443
0.28195
0.27316
0.25928
0.25082
0.23615
0.22781
0.21249
0.20486
0.18918
0.18213
0.16660
0.16003
0.14514
0.13904
0.12479
0.11945
0.10605
0.10129
0.08890
0.08484
0.07358
0.07004
0.06006
0.05698
0.04834
0.04568
0.03839
0.03610
0.03003
0.02817
0.02328
0.02173
0.01797
0.01672
0.01389
0.01297
0.01102
0.01025
0.00919
0.00842
0.00821
0.00745
0.00775
0.00726
0.00775
0.00754
0.00821
0.00809
0.00903
0.00876
0.00998
0.00955
0.01102
0.01035
0.01193
0.01111
0.01260
0.01181
0.01309
0.01230
0.01328
0.01245
0.01331
0.01233
0.01288
0.01196
0.01218
0.01111
0.01129
0.00992
0.01004
0.00839
0.00842
0.00674
0.00638
0.00479
0.00415
0.00244
0.00180
-0.00003
-0.00104
-0.00262
-0.00394
-0.00555
-0.00684
-0.00867
-0.00989
-0.01184
-0.01312
-0.01492
-0.01654
-0.01801
-0.01993
-0.02133
-0.02313
-0.02460
-0.02646
-0.02780
-0.02966
-0.03104
-0.03287
-0.03409
-0.03601
-0.03714
-0.03897
-0.04019
-0.04187
-0.04306
-0.04462
-0.04596
-0.04730
-0.04865
-0.04987
-0.05127
-0.05234
-0.05380
-0.05475
-0.05609
-0.05722
-0.05829
-0.05945
-0.06052
-0.06152
-0.06271
-0.06354
-0.06476
-0.06552
-0.06674
-0.06744
-0.06863
-0.06934
-0.07047
-0.07114
-0.07230
-0.07294
-0.07394
-0.07480
-0.07559
-0.07648
-0.07733
-0.07809
-0.07907
-0.07968
-0.08075
-0.08130
-0.08234
-0.08301
-0.08383
-0.08466
-0.08548
-0.08618
-0.08710
-0.08774
-0.08868
-0.08939
-0.09015
-0.09097
-0.09177
-0.09247
-0.09344
-0.09390
-0.09506
-0.09543
-0.09659
-0.09702
-0.09808
-0.09857
-0.09958
-0.10013
-0.10110
-0.10159
-0.10266
-0.10306
-0.10419
-0.10449
-0.10565
-0.10608
-0.10703
-0.10757
-0.10843
-0.10901
-0.10989
-0.11044
-0.11127
-0.11188
-0.11270
-0.11313
-0.11414
-0.11453
-0.11548
-0.11588
-0.11676
-0.11722
-0.11804
-0.11859
-0.11923
-0.11996
-0.12045
-0.12119
-0.12177
-0.12234
-0.12308
-0.12350
-0.12424
-0.12476
-0.12540
-0.12592
-0.12656
-0.12708
-0.12769
-0.12817
-0.12885
-0.12924
-0.12997
-0.13028
-0.13110
-0.13132
-0.13211
-0.13248
-0.13300
-0.13364
-0.13400
-0.13452
-0.13513
-0.13550
-0.13605
-0.13651
-0.12729
0.00531
0.26385
0.22037
0.23630
0.35312
0.29797
0.33096
0.31396
0.36591
0.34540
0.35657
0.35303
0.36588
0.36087
0.35724
0.35669
0.35254
0.34952
0.33945
0.33585
0.32581
0.31949
0.30768
0.29977
0.28824
0.27841
0.26669
0.25540
0.24451
0.23187
0.22147
0.20834
0.19846
0.18515
0.17593
0.16260
0.15433
0.14108
0.13385
0.12091
0.11472
0.10242
0.09692
0.08569
0.08090
0.07059
0.06668
0.05731
0.05414
0.04593
0.04330
0.03616
0.03433
0.02795
0.02692
0.02142
0.02087
0.01639
0.01614
0.01260
0.01263
0.00998
0.01010
0.00836
0.00854
0.00745
0.00775
0.00717
0.00760
0.00735
0.00790
0.00793
0.00848
0.00879
0.00919
0.00980
0.00998
0.01077
0.01080
0.01166
0.01151
0.01242
0.01202
0.01288
0.01242
0.01312
0.01245
0.01303
0.01224
0.01266
0.01172
0.01190
0.01083
0.01089
0.00958
0.00949
0.00818
0.00775
0.00629
0.00580
0.00430
0.00339
0.00201
0.00092
-0.00061
-0.00171
-0.00342
-0.00464
-0.00629
-0.00769
-0.00931
-0.01086
-0.01242
-0.01416
-0.01559
-0.01740
-0.01892
-0.02063
-0.02222
-0.02396
-0.02542
-0.02722
-0.02869
-0.03036
-0.03198
-0.03345
-0.03506
-0.03659
-0.03802
-0.03967
-0.04102
-0.04239
-0.04401
-0.04520
-0.04669
-0.04800
-0.04916
-0.05075
-0.05167
-0.05322
-0.05420
-0.05551
-0.05661
-0.05783
-0.05884
-0.06006
-0.06104
-0.06210
-0.06323
-0.06412
-0.06519
-0.06616
-0.06711
-0.06808
-0.06903
-0.06989
-0.07089
-0.07169
-0.07269
-0.07346
-0.07440
-0.07520
-0.07614
-0.07681
-0.07791
-0.07846
-0.07950
-0.08020
-0.08102
-0.08197
-0.08255
-0.08356
-0.08423
-0.08508
-0.08591
-0.08661
-0.08752
-0.08817
-0.08914
-0.08966
-0.09079
-0.09125
-0.09225
-0.09290
-0.09378
-0.09442
-0.09537
-0.09598
-0.09686
-0.09760
-0.09833
-0.09909
-0.09995
-0.10059
-0.10141
-0.10214
-0.10287
-0.10364
-0.10440
-0.10510
-0.10590
-0.10657
-0.10733
-0.10803
-0.10880
-0.10944
-0.11023
-0.11084
-0.11169
-0.11221
-0.11301
-0.11368
-0.11435
-0.11505
-0.11560
-0.11652
-0.11691
-0.11774
-0.11826
-0.11902
-0.11957
-0.12030
-0.12082
-0.12149
-0.12210
-0.12274
-0.12332
-0.12387
-0.12457
-0.12509
-0.12567
-0.12628
-0.12686
-0.12741
-0.12793
-0.12857
-0.12906
-0.12964
-0.13019
-0.13068
-0.13129
-0.13171
-0.13235
-0.13275
-0.13336
-0.13382
-0.13437
-0.13480
-0.13538
-0.13577
-0.13635
-0.13617
-0.09601
0.12906
0.28668
0.18164
0.31717
0.32309
0.31454
0.31903
0.33759
0.36197
0.34607
0.35709
0.35666
0.36694
0.35703
0.35818
0.35403
0.35236
0.34451
0.33789
0.33173
0.32266
0.31488
0.30334
0.29565
0.28281
0.27435
0.26041
0.25189
0.23734
0.22888
0.21381
0.20569
0.19073
0.18271
0.16818
0.16064
0.14648
0.13974
0.12601
0.12003
0.10727
0.10159
0.09027
0.08490
0.07486
0.07004
0.06116
0.05698
0.04929
0.04568
0.03912
0.03610
0.03058
0.02817
0.02371
0.02170
0.01828
0.01666
0.01407
0.01288
0.01111
0.01022
0.00909
0.00845
0.00803
0.00742
0.00766
0.00708
0.00772
0.00726
0.00818
0.00784
0.00891
0.00858
0.00983
0.00940
0.01077
0.01035
0.01157
0.01117
0.01230
0.01181
0.01282
0.01227
0.01306
0.01245
0.01306
0.01233
0.01273
0.01190
0.01212
0.01108
0.01114
0.01004
0.00977
0.00867
0.00812
0.00696
0.00623
0.00488
0.00406
0.00266
0.00156
0.00018
-0.00116
-0.00250
-0.00394
-0.00540
-0.00702
-0.00833
-0.01016
-0.01151
-0.01321
-0.01489
-0.01636
-0.01819
-0.01965
-0.02139
-0.02304
-0.02460
-0.02631
-0.02786
-0.02951
-0.03110
-0.03268
-0.03418
-0.03580
-0.03729
-0.03873
-0.04034
-0.04166
-0.04315
-0.04459
-0.04581
-0.04745
-0.04837
-0.05011
-0.05099
-0.05255
-0.05359
-0.05484
-0.05609
-0.05713
-0.05832
-0.05942
-0.06055
-0.06152
-0.06265
-0.06363
-0.06464
-0.06564
-0.06665
-0.06750
-0.06863
-0.06931
-0.07050
-0.07117
-0.07224
-0.07297
-0.07401
-0.07468
-0.07574
-0.07639
-0.07742
-0.07800
-0.07922
-0.07956
-0.08084
-0.08124
-0.08246
-0.08286
-0.08401
-0.08450
-0.08560
-0.08612
-0.08716
-0.08777
-0.08862
-0.08945
-0.09015
-0.09103
-0.09171
-0.09259
-0.09326
-0.09418
-0.09476
-0.09576
-0.09631
-0.09720
-0.09802
-0.09863
-0.09955
-0.10016
-0.10107
-0.10175
-0.10245
-0.10330
-0.10400
-0.10471
-0.10547
-0.10623
-0.10693
-0.10767
-0.10840
-0.10904
-0.10989
-0.11047
-0.11127
-0.11191
-0.11264
-0.11328
-0.11401
-0.11472
-0.11526
-0.11609
-0.11661
-0.11737
-0.11801
-0.11862
-0.11923
-0.11993
-0.12051
-0.12122
-0.12170
-0.12250
-0.12292
-0.12366
-0.12418
-0.12479
-0.12543
-0.12589
-0.12665
-0.12701
-0.12775
-0.12817
-0.12885
-0.12930
-0.12994
-0.13031
-0.13113
-0.13135
-0.13211
-0.13245
-0.13312
-0.13358
-0.13406
-0.13458
-0.13504
-0.13565
-0.13599
-0.13660
-0.13089
-0.02231
0.24316
0.23734
0.21643
0.35425
0.29852
0.33057
0.31165
0.36267
0.34772
0.35486
0.35327
0.36429
0.36227
0.35684
0.35721
0.35257
0.35046
0.34000
0.33667
0.32657
0.32047
0.30887
0.30054
0.28979
0.27908
0.26840
0.25613
0.24622
0.23267
0.22324
0.20898
0.20038
0.18564
0.17786
0.16306
0.15610
0.14163
0.13541
0.12146
0.11612
0.10291
0.09827
0.08609
0.08212
0.07092
0.06775
0.05756
0.05518
0.04602
0.04422
0.03625
0.03500
0.02817
0.02734
0.02164
0.02121
0.01651
0.01639
0.01273
0.01273
0.01013
0.01019
0.00836
0.00858
0.00751
0.00769
0.00723
0.00748
0.00745
0.00772
0.00800
0.00830
0.00885
0.00900
0.00989
0.00974
0.01086
0.01065
0.01166
0.01144
0.01242
0.01184
0.01306
0.01221
0.01328
0.01227
0.01324
0.01205
0.01291
0.01147
0.01215
0.01074
0.01105
0.00952
0.00974
0.00800
0.00806
0.00620
0.00604
0.00418
0.00375
0.00189
0.00119
-0.00058
-0.00156
-0.00330
-0.00446
-0.00626
-0.00742
-0.00928
-0.01065
-0.01233
-0.01392
-0.01553
-0.01718
-0.01880
-0.02051
-0.02197
-0.02386
-0.02524
-0.02707
-0.02859
-0.03018
-0.03177
-0.03345
-0.03479
-0.03656
-0.03781
-0.03955
-0.04083
-0.04239
-0.04373
-0.04514
-0.04657
-0.04782
-0.04916
-0.05051
-0.05170
-0.05295
-0.05423
-0.05530
-0.05661
-0.05762
-0.05881
-0.05991
-0.06094
-0.06204
-0.06308
-0.06406
-0.06509
-0.06607
-0.06702
-0.06796
-0.06900
-0.06970
-0.07086
-0.07162
-0.07251
-0.07349
-0.07422
-0.07513
-0.07608
-0.07672
-0.07782
-0.07843
-0.07932
-0.08023
-0.08093
-0.08170
-0.08276
-0.08325
-0.08432
-0.08490
-0.08585
-0.08655
-0.08743
-0.08810
-0.08902
-0.08969
-0.09061
-0.09122
-0.09216
-0.09283
-0.09366
-0.09442
-0.09528
-0.09589
-0.09683
-0.09741
-0.09833
-0.09912
-0.09967
-0.10068
-0.10126
-0.10205
-0.10287
-0.10352
-0.10437
-0.10495
-0.10593
-0.10638
-0.10733
-0.10794
-0.10867
-0.10944
-0.11008
-0.11081
-0.11157
-0.11215
-0.11298
-0.11356
-0.11432
-0.11487
-0.11575
-0.11612
-0.11719
-0.11737
-0.11841
-0.11884
-0.11960
-0.12015
-0.12079
-0.12146
-0.12198
-0.12271
-0.12323
-0.12384
-0.12448
-0.12500
-0.12570
-0.12613
-0.12683
-0.12732
-0.12787
-0.12860
-0.12888
-0.12967
-0.13004
-0.13071
-0.13116
-0.13171
-0.13220
-0.13278
-0.13327
-0.13373
-0.13434
-0.13477
-0.13525
-0.13580
-0.13620
-0.13654
-0.10764
0.09473
0.28928
0.18573
0.29755
0.33304
0.30838
0.32333
0.32974
0.36505
0.34457
0.35770
0.35507
0.36731
0.35776
0.35797
0.35483
0.35229
0.34601
0.33807
0.33304
0.32327
0.31628
0.30423
0.29694
0.28400
0.27563
0.26169
0.25305
0.23898
0.22977
0.21567
0.20639
0.19260
0.18347
0.16998
0.16122
0.14844
0.14001
0.12805
0.12015
0.10919
0.10178
0.09192
0.08511
0.07629
0.07025
0.06250
0.05707
0.05054
0.04562
0.04028
0.03604
0.03159
0.02811
0.02454
0.02161
0.01895
0.01657
0.01474
0.01266
0.01166
0.01007
0.00943
0.00839
0.00824
0.00742
0.00778
0.00705
0.00781
0.00726
0.00824
0.00784
0.00885
0.00870
0.00964
0.00964
0.01053
0.01053
0.01138
0.01135
0.01221
0.01190
0.01279
0.01236
0.01303
0.01260
0.01300
0.01248
0.01273
0.01208
0.01205
0.01132
0.01111
0.01025
0.00986
0.00879
0.00827
0.00708
0.00632
0.00516
0.00412
0.00287
0.00171
0.00040
-0.00098
-0.00229
-0.00378
-0.00525
-0.00665
-0.00830
-0.00983
-0.01129
-0.01315
-0.01447
-0.01633
-0.01782
-0.01956
-0.02112
-0.02283
-0.02438
-0.02606
-0.02774
-0.02924
-0.03088
-0.03244
-0.03403
-0.03561
-0.03699
-0.03870
-0.03995
-0.04160
-0.04291
-0.04437
-0.04572
-0.04712
-0.04837
-0.04977
-0.05096
-0.05222
-0.05356
-0.05460
-0.05588
-0.05701
-0.05817
-0.05923
-0.06036
-0.06134
-0.06253
-0.06342
-0.06454
-0.06546
-0.06647
-0.06738
-0.06842
-0.06921
-0.07031
-0.07101
-0.07211
-0.07278
-0.07388
-0.07452
-0.07562
-0.07620
-0.07730
-0.07791
-0.07892
-0.07962
-0.08054
-0.08124
-0.08218
-0.08286
-0.08374
-0.08450
-0.08539
-0.08600
-0.08704
-0.08755
-0.08862
-0.08917
-0.09015
-0.09079
-0.09161
-0.09244
-0.09320
-0.09387
-0.09488
-0.09534
-0.09644
-0.09695
-0.09787
-0.09848
-0.09946
-0.10004
-0.10089
-0.10156
-0.10242
-0.10309
-0.10388
-0.10455
-0.10544
-0.10599
-0.10687
-0.10745
-0.10828
-0.10901
-0.10965
-0.11041
-0.11111
-0.11172
-0.11258
-0.11316
-0.11383
-0.11456
-0.11523
-0.11588
-0.11655
-0.11719
-0.11795
-0.11838
-0.11929
-0.11963
-0.12054
-0.12100
-0.12161
-0.12241
-0.12274
-0.12360
-0.12405
-0.12463
-0.12537
-0.12573
-0.12653
-0.12689
-0.12769
-0.12802
-0.12872
-0.12921
-0.12976
-0.13031
-0.13086
-0.13135
-0.13196
-0.13239
-0.13300
-0.13342
-0.13400
-0.13443
-0.13498
-0.13547
-0.13596
-0.13641
-0.13333
-0.04645
0.21762
0.25421
0.20020
0.35114
0.30176
0.32855
0.31143
0.35779
0.35107
0.35272
0.35422
0.36234
0.36392
0.35663
0.35773
0.35287
0.35120
0.34116
0.33704
0.32800
0.32108
0.31049
0.30127
0.29144
0.27997
0.27020
0.25699
0.24802
0.23358
0.22510
0.20987
0.20212
0.18661
0.17953
0.16400
0.15768
0.14249
0.13690
0.12238
0.11737
0.10379
0.09949
0.08673
0.08331
0.07153
0.06873
0.05823
0.05594
0.04660
0.04492
0.03680
0.03549
0.02872
0.02771
0.02219
0.02136
0.01703
0.01654
0.01312
0.01285
0.01044
0.01028
0.00861
0.00864
0.00769
0.00778
0.00735
0.00748
0.00763
0.00766
0.00827
0.00809
0.00912
0.00885
0.01013
0.00961
0.01108
0.01050
0.01190
0.01132
0.01257
0.01187
0.01318
0.01227
0.01337
0.01233
0.01340
0.01212
0.01306
0.01157
0.01239
0.01068
0.01138
0.00961
0.00986
0.00830
0.00809
0.00659
0.00604
0.00455
0.00385
0.00220
0.00137
-0.00034
-0.00137
-0.00299
-0.00433
-0.00586
-0.00735
-0.00888
-0.01044
-0.01215
-0.01355
-0.01541
-0.01678
-0.01865
-0.02020
-0.02173
-0.02359
-0.02509
-0.02670
-0.02841
-0.02988
-0.03159
-0.03314
-0.03458
-0.03632
-0.03757
-0.03931
-0.04062
-0.04218
-0.04343
-0.04501
-0.04620
-0.04773
-0.04886
-0.05029
-0.05148
-0.05276
-0.05396
-0.05518
-0.05627
-0.05753
-0.05847
-0.05988
-0.06061
-0.06195
-0.06274
-0.06400
-0.06482
-0.06589
-0.06683
-0.06778
-0.06876
-0.06961
-0.07062
-0.07144
-0.07236
-0.07324
-0.07413
-0.07495
-0.07584
-0.07666
-0.07745
-0.07837
-0.07913
-0.08002
-0.08078
-0.08157
-0.08246
-0.08316
-0.08408
-0.08478
-0.08566
-0.08633
-0.08728
-0.08795
-0.08881
-0.08951
-0.09045
-0.09103
-0.09198
-0.09268
-0.09351
-0.09421
-0.09506
-0.09576
-0.09662
-0.09729
-0.09814
-0.09882
-0.09970
-0.10031
-0.10123
-0.10184
-0.10269
-0.10336
-0.10413
-0.10495
-0.10550
-0.10651
-0.10696
-0.10782
-0.10855
-0.10919
-0.11005
-0.11053
-0.11142
-0.11203
-0.11279
-0.11340
-0.11407
-0.11487
-0.11539
-0.11618
-0.11682
-0.11740
-0.11810
-0.11877
-0.11932
-0.12009
-0.12054
-0.12137
-0.12183
-0.12253
-0.12311
-0.12363
-0.12436
-0.12491
-0.12540
-0.12610
-0.12659
-0.12723
-0.12778
-0.12827
-0.12888
-0.12946
-0.12994
-0.13052
-0.13101
-0.13159
-0.13205
-0.13260
-0.13315
-0.13364
-0.13412
-0.13461
-0.13516
-0.13559
-0.13614
-0.13644
-0.11661
0.06104
0.28595
0.19482
0.27600
0.34225
0.30319
0.32724
0.32281
0.36700
0.34393
0.35797
0.35403
0.36722
0.35883
0.35776
0.35562
0.35248
0.34741
0.33847
0.33426
0.32410
0.31766
0.30536
0.29807
0.28546
0.27673
0.26346
0.25397
0.24088
0.23062
0.21768
0.20715
0.19470
0.18399
0.17224
0.16159
0.15067
0.14029
0.13019
0.12045
0.11105
0.10211
0.09369
0.08530
0.07809
0.07019
0.06421
0.05701
0.05203
0.04568
0.04141
0.03613
0.03262
0.02811
0.02548
0.02158
0.01974
0.01654
0.01535
0.01276
0.01208
0.01010
0.00989
0.00830
0.00870
0.00732
0.00803
0.00711
0.00797
0.00735
0.00827
0.00797
0.00894
0.00876
0.00977
0.00964
0.01065
0.01062
0.01144
0.01144
0.01221
0.01218
0.01263
0.01273
0.01291
0.01300
0.01285
0.01291
0.01257
0.01251
0.01202
0.01169
0.01111
0.01059
0.00989
0.00919
0.00827
0.00754
0.00632
0.00562
0.00412
0.00333
0.00177
0.00082
-0.00085
-0.00195
-0.00357
-0.00485
-0.00656
-0.00790
-0.00958
-0.01108
-0.01276
-0.01425
-0.01605
-0.01755
-0.01920
-0.02094
-0.02246
-0.02417
-0.02579
-0.02740
-0.02899
-0.03058
-0.03220
-0.03378
-0.03525
-0.03687
-0.03824
-0.03986
-0.04126
-0.04263
-0.04413
-0.04547
-0.04684
-0.04813
-0.04950
-0.05072
-0.05203
-0.05322
-0.05441
-0.05569
-0.05664
-0.05807
-0.05884
-0.06027
-0.06107
-0.06229
-0.06323
-0.06433
-0.06516
-0.06638
-0.06705
-0.06827
-0.06903
-0.07001
-0.07089
-0.07187
-0.07260
-0.07361
-0.07440
-0.07535
-0.07608
-0.07700
-0.07779
-0.07867
-0.07944
-0.08029
-0.08105
-0.08200
-0.08261
-0.08359
-0.08426
-0.08517
-0.08582
-0.08679
-0.08746
-0.08829
-0.08905
-0.08990
-0.09061
-0.09149
-0.09213
-0.09302
-0.09378
-0.09451
-0.09534
-0.09607
-0.09686
-0.09763
-0.09836
-0.09918
-0.09988
-0.10068
-0.10147
-0.10208
-0.10303
-0.10358
-0.10449
-0.10510
-0.10593
-0.10654
-0.10742
-0.10803
-0.10880
-0.10953
-0.11014
-0.11099
-0.11157
-0.11230
-0.11304
-0.11368
-0.11429
-0.11514
-0.11560
-0.11649
-0.11691
-0.11780
-0.11819
-0.11917
-0.11938
-0.12042
-0.12073
-0.12158
-0.12201
-0.12283
-0.12320
-0.12399
-0.12442
-0.12518
-0.12561
-0.12637
-0.12668
-0.12747
-0.12790
-0.12857
-0.12903
-0.12964
-0.13004
-0.13083
-0.13107
-0.13187
-0.13220
-0.13275
-0.13336
-0.13376
-0.13431
-0.13486
-0.13516
-0.13593
-0.13620
-0.13480
-0.06708
0.18811
0.26932
0.18869
0.34320
0.30786
0.32458
0.31326
0.35135
0.35519
0.35028
0.35544
0.36038
0.36539
0.35663
0.35825
0.35327
0.35187
0.34238
0.33755
0.32932
0.32187
0.31216
0.30200
0.29315
0.28094
0.27191
0.25809
0.24966
0.23483
0.22665
0.21115
0.20370
0.18784
0.18100
0.16528
0.15903
0.14383
0.13806
0.12363
0.11850
0.10492
0.10052
0.08786
0.08411
0.07260
0.06952
0.05911
0.05664
0.04742
0.04544
0.03763
0.03592
0.02936
0.02817
0.02264
0.02182
0.01743
0.01682
0.01358
0.01300
0.01086
0.01031
0.00906
0.00864
0.00803
0.00775
0.00772
0.00745
0.00781
0.00775
0.00833
0.00830
0.00916
0.00894
0.01022
0.00974
0.01114
0.01065
0.01193
0.01151
0.01263
0.01205
0.01318
0.01248
0.01349
0.01245
0.01355
0.01230
0.01312
0.01193
0.01236
0.01111
0.01141
0.00986
0.01013
0.00839
0.00848
0.00659
0.00656
0.00458
0.00421
0.00241
0.00168
-0.00012
-0.00101
-0.00281
-0.00397
-0.00562
-0.00702
-0.00864
-0.01016
-0.01181
-0.01331
-0.01508
-0.01654
-0.01831
-0.01990
-0.02148
-0.02325
-0.02475
-0.02646
-0.02808
-0.02966
-0.03119
-0.03290
-0.03433
-0.03592
-0.03741
-0.03894
-0.04037
-0.04187
-0.04324
-0.04459
-0.04611
-0.04730
-0.04868
-0.05008
-0.05115
-0.05255
-0.05371
-0.05484
-0.05618
-0.05719
-0.05829
-0.05954
-0.06049
-0.06161
-0.06259
-0.06369
-0.06464
-0.06564
-0.06662
-0.06754
-0.06857
-0.06934
-0.07043
-0.07120
-0.07214
-0.07300
-0.07397
-0.07458
-0.07578
-0.07632
-0.07739
-0.07803
-0.07895
-0.07980
-0.08054
-0.08142
-0.08224
-0.08292
-0.08377
-0.08423
-0.08517
-0.08557
-0.08636
-0.08685
-0.08759
-0.08820
-0.08868
-0.08945
-0.08984
-0.09058
-0.09113
-0.09161
-0.09229
-0.09274
-0.09341
-0.09384
-0.09454
-0.09485
-0.09570
-0.09595
-0.09671
-0.09708
-0.09772
-0.09811
-0.09888
-0.09915
-0.09982
-0.10028
-0.10083
-0.10132
-0.10184
-0.10233
-0.10291
-0.10336
-0.10379
-0.10443
-0.10477
-0.10538
-0.10590
-0.10623
-0.10681
-0.10730
-0.10757
-0.10785
-0.10831
-0.10834
-0.10892
-0.10886
-0.10931
-0.10947
-0.10968
-0.10995
-0.11017
-0.11023
-0.11060
-0.11069
-0.11087
-0.11108
-0.11127
-0.11130
-0.11166
-0.11166
-0.11191
-0.11197
-0.11221
-0.11224
-0.11252
-0.11258
-0.11273
-0.11288
-0.11298
-0.11316
-0.11331
-0.11334
-0.11362
-0.11362
-0.11383
-0.11392
-0.10220
0.02921
0.24149
0.18274
0.22147
0.30356
0.26013
0.28552
0.27417
0.31613
0.29602
0.30630
0.30212
0.31277
0.30621
0.30344
0.30154
0.29758
0.29367
0.28448
0.28073
0.27121
0.26526
0.25415
0.24719
0.23627
0.22772
0.21661
0.20718
0.19650
0.18631
0.17599
0.16544
0.15573
0.14502
0.13599
0.12537
0.11719
0.10672
0.09943
0.08945
0.08298
0.07364
0.06793
0.05936
0.05447
0.04669
0.04263
0.03558
0.03244
0.02609
0.02374
0.01810
0.01636
0.01160
0.01028
0.00641
0.00558
0.00250
0.00204
-0.00034
-0.00043
-0.00217
-0.00192
-0.00311
-0.00275
-0.00336
-0.00290
-0.00305
-0.00241
-0.00235
-0.00165
-0.00125
-0.00055
-0.00003
0.00070
0.00137
0.00195
0.00281
0.00323
0.00415
0.00449
0.00528
0.00555
0.00635
0.00644
0.00711
0.00714
0.00763
0.00754
0.00790
0.00772
0.00787
0.00763
0.00751
0.00729
0.00693
0.00659
0.00616
0.00552
0.00519
0.00427
0.00391
0.00296
0.00232
0.00143
0.00073
-0.00034
-0.00098
-0.00220
-0.00287
-0.00406
-0.00491
-0.00595
-0.00696
-0.00797
-0.00897
-0.00998
-0.00003
-0.00009
-0.00015
-0.00037
-0.00040
-0.00064
-0.00073
-0.00092
-0.00110
-0.00128
-0.00150
-0.00171
-0.00189
-0.00217
-0.00238
-0.00259
-0.00293
-0.00308
-0.00348
-0.00354
-0.00403
-0.00412
-0.00449
-0.00482
-0.00491
-0.00543
-0.00543
-0.00595
-0.00613
-0.00641
-0.00671
-0.00696
-0.00729
-0.00754
-0.00784
-0.00806
-0.00839
-0.00864
-0.00894
-0.00919
-0.00946
-0.00974
-0.01001
-0.01019
-0.01065
-0.01071
-0.01114
-0.01123
-0.01166
-0.01184
-0.01205
-0.01245
-0.01254
-0.01297
-0.01309
-0.01346
-0.01367
-0.01392
-0.01422
-0.01440
-0.01471
-0.01498
-0.01526
-0.01541
-0.01581
-0.01596
0.00259
-0.00079
-0.00058
0.00424
0.00452
0.00406
0.00409
0.00659
0.00665
0.00699
0.00708
0.00821
0.00833
0.00851
0.00854
0.00906
0.00900
0.00903
0.00897
0.00894
0.00891
0.00848
0.00861
0.00806
0.00806
0.00739
0.00748
0.00665
0.00671
0.00586
0.00586
0.00504
0.00491
0.00418
0.00403
0.00330
0.00308
0.00238
0.00223
0.00150
0.00146
0.00061
0.00064
-0.00006
-0.00015
-0.00067
-0.00085
-0.00128
-0.00137
-0.00186
-0.00186
-0.00229
-0.00223
-0.00266
-0.00259
-0.00284
-0.00293
-0.00299
-0.00302
-0.00311
-0.00320
-0.00305
-0.00327
-0.00305
-0.00311
-0.00308
-0.00299
-0.00293
-0.00290
-0.00272
-0.00278
-0.00250
-0.00259
-0.00226
-0.00238
-0.00201
-0.00220
-0.00174
-0.00198
-0.00150
-0.00171
-0.00131
-0.00146
-0.00110
-0.00119
-0.00095
-0.00095
-0.00079
-0.00070
-0.00061
-0.00064
-0.00034
-0.00052
-0.00024
-0.00034
-0.00018
-0.00018
-0.00015
-0.00009
-0.00006
-0.00003
-0.00003
0.00000
0.00000
0.00003
0.00006
-0.00009
0.00015
-0.00009
0.00006
-0.00006
0.00000
-0.00009
-0.00003
-0.00012
-0.00009
-0.00018
-0.00018
-0.00018
-0.00024
-0.00024
-0.00034
-0.00027
-0.00040
-0.00034
-0.00046
-0.00040
-0.00055
-0.00037
-0.00067
-0.00043
-0.00070
-0.00049
-0.00067
-0.00064
-0.00067
-0.00067
-0.00073
-0.00067
-0.00076
-0.00076
-0.00073
-0.00076
-0.00082
-0.00073
-0.00085
-0.00076
-0.00079
-0.00082
-0.00082
-0.00079
-0.00082
-0.00079
-0.00082
-0.00079
-0.00082
-0.00079
-0.00082
-0.00073
-0.00092
-0.00061
-0.00095
-0.00070
-0.00073
-0.00085
-0.00064
-0.00082
-0.00076
-0.00067
-0.00076
-0.00073
-0.00070
-0.00073
-0.00070
-0.00070
-0.00067
-0.00076
-0.00061
-0.00076
-0.00061
-0.00076
-0.00058
-0.00073
-0.00058
-0.00082
-0.00049
-0.00079
-0.00058
-0.00067
-0.00067
-0.00064
-0.00061
-0.00070
-0.00064
-0.00064
-0.00064
-0.00067
-0.00061
-0.00070
-0.00067
-0.00058
-0.00073
-0.00061
-0.00067
-0.00064
-0.00070
-0.00061
-0.00076
-0.00055
-0.00076
