0.00003
-0.00003
0.00003
-0.00003
0.00003
0.00000
0.00000
0.00000
0.00000
-0.00003
0.00003
0.00000
-0.00003
0.00006
-0.00009
0.00006
0.00000
-0.00003
0.00006
-0.00009
0.00006
0.00000
0.00000
0.00000
-0.00003
0.00006
-0.00009
0.00009
-0.00006
0.00003
0.00000
-0.00003
0.00003
-0.00003
0.00006
-0.00006
0.00000
0.00003
0.00000
-0.00003
0.00003
0.00000
-0.00003
0.00003
-0.00006
-0.00015
-0.00055
-0.00049
-0.00049
-0.00024
0.00006
0.00000
0.00009
-0.00027
-0.00064
-0.00134
-0.00204
-0.00302
-0.00378
-0.00482
-0.00571
-0.00659
-0.00760
-0.00824
-0.00931
-0.00983
-0.01071
-0.01129
-0.01190
-0.01254
-0.01294
-0.01352
-0.01382
-0.01428
-0.01443
-0.01480
-0.01492
-0.01508
-0.01514
-0.01526
-0.01508
-0.01520
-0.01492
-0.01492
-0.01465
-0.01443
-0.01425
-0.01385
-0.01367
-0.01321
-0.01294
-0.01254
-0.01212
-0.01178
-0.01129
-0.01096
-0.01044
-0.01007
-0.00967
-0.00916
-0.00888
-0.00830
-0.00812
-0.00757
-0.00735
-0.00693
-0.00665
-0.00641
-0.00607
-0.00595
-0.00571
-0.00558
-0.00540
-0.00549
-0.00525
-0.00546
-0.00540
-0.00552
-0.00574
-0.00595
-0.00610
-0.00662
-0.00677
-0.00735
-0.00781
-0.00833
-0.00897
-0.00970
-0.01028
-0.01126
-0.01196
-0.01297
-0.01401
-0.01495
-0.01620
-0.01730
-0.01855
-0.01996
-0.02127
-0.02277
-0.02429
-0.02582
-0.02756
-0.02924
-0.03098
-0.03293
-0.03470
-0.03683
-0.03876
-0.04089
-0.04303
-0.04529
-0.04755
-0.04987
-0.05231
-0.05466
-0.05725
-0.05975
-0.06235
-0.06503
-0.06772
-0.07043
-0.07330
-0.07602
-0.07904
-0.08182
-0.08487
-0.08780
-0.09088
-0.09387
-0.09705
-0.10010
-0.10327
-0.10641
-0.10962
-0.11285
-0.11603
-0.11935
-0.12253
-0.12582
-0.12918
-0.13229
-0.13580
-0.13889
-0.14233
-0.14551
-0.14883
-0.15216
-0.15530
-0.15866
-0.16183
-0.16504
-0.16837
-0.17136
-0.17465
-0.17770
-0.18079
-0.18393
-0.18683
-0.18997
-0.19278
-0.19577
-0.19861
-0.20142
-0.20425
-0.20685
-0.20963
-0.21219
-0.21478
-0.21725
-0.21964
-0.22214
-0.22427
-0.22672
-0.22873
-0.23090
-0.23294
-0.23483
-0.23672
-0.23859
-0.24020
-0.24194
-0.24341
-0.24493
-0.24634
-0.24753
-0.24884
-0.24991
-0.25092
-0.25192
-0.25262
-0.25348
-0.25406
-0.25458
-0.25510
-0.25531
-0.25562
-0.25577
-0.25571
-0.25571
-0.25549
-0.25513
-0.25482
-0.25421
-0.25363
-0.25290
-0.25201
-0.25104
-0.25000
-0.24872
-0.24750
-0.24603
-0.24448
-0.24280
-0.24106
-0.23911
-0.23715
-0.23495
-0.23276
-0.23029
-0.22791
-0.22522
-0.22247
-0.21967
-0.21664
-0.21359
-0.21036
-0.20697
-0.20361
-0.19992
-0.19632
-0.19241
-0.18851
-0.18445
-0.18018
-0.17596
-0.17145
-0.16696
-0.16223
-0.15747
-0.15256
-0.14755
-0.14246
-0.13715
-0.13193
-0.12634
-0.12094
-0.11523
-0.10953
-0.10373
-0.09778
-0.09189
-0.08566
-0.07974
-0.07327
-0.06723
-0.06070
-0.05444
-0.04779
-0.04147
-0.03470
-0.02829
-0.02145
-0.01495
-0.00803
-0.00150
0.00543
0.01205
0.01898
0.02563
0.03253
0.03925
0.04605
0.05286
0.05954
0.06635
0.07300
0.07980
0.08636
0.09311
0.09967
0.10626
0.11288
0.11932
0.12589
0.13229
0.13879
0.14508
0.15149
0.15778
0.16400
0.17029
0.17642
0.18256
0.18869
0.19470
0.20065
0.20676
0.21246
0.21851
0.22415
0.23004
0.23566
0.24136
0.24695
0.25247
0.25803
0.26340
0.26883
0.27414
0.27939
0.28461
0.28976
0.29480
0.29987
0.30481
0.30963
0.31458
0.31915
0.32404
0.32840
0.33310
0.33746
0.34180
0.34628
0.35016
0.35458
0.35837
0.36249
0.36621
0.37006
0.37363
0.37726
0.38068
0.38409
0.38727
0.39050
0.39352
0.39651
0.39929
0.40216
0.40466
0.40729
0.40973
0.41196
0.41437
0.41632
0.41846
0.42038
0.42215
0.42401
0.42554
0.42722
0.42862
0.42999
0.43140
0.43246
0.43375
0.43472
0.43576
0.43661
0.43750
0.43829
0.43887
0.43970
0.44000
0.44077
0.44101
0.44150
0.44174
0.44199
0.44223
0.44226
0.44241
0.44235
0.44232
0.44226
0.44193
0.44189
0.44131
0.44125
0.44055
0.44022
0.43958
0.43896
0.43826
0.43741
0.43661
0.43558
0.43469
0.43350
0.43237
0.43112
0.42972
0.42831
0.42676
0.42514
0.42343
0.42151
0.41968
0.41757
0.41547
0.41321
0.41086
0.40839
0.40582
0.40317
0.40033
0.39752
0.39444
0.39139
0.38809
0.38492
0.38126
0.37805
0.37402
0.37064
0.36655
0.36276
0.35870
0.35446
0.35040
0.34592
0.34164
0.33707
0.33249
0.32779
0.32309
0.31818
0.31329
0.30829
0.30310
0.29810
0.29269
0.28751
0.28201
0.27664
0.27103
0.26547
0.25983
0.25400
0.24835
0.24237
0.23651
0.23056
0.22449
0.21841
0.21237
0.20605
0.19992
0.19363
0.18726
0.18103
0.17456
0.16809
0.16174
0.15515
0.14868
0.14215
0.13553
0.12903
0.12234
0.11578
0.10910
0.10251
0.09579
0.08923
0.08249
0.07590
0.06921
0.06256
0.05597
0.04932
0.04276
0.03607
0.02960
0.02295
0.01654
0.00998
0.00354
-0.00290
-0.00931
-0.01566
-0.02197
-0.02826
-0.03442
-0.04065
-0.04681
-0.05280
-0.05896
-0.06479
-0.07074
-0.07660
-0.08237
-0.08810
-0.09375
-0.09927
-0.10489
-0.11023
-0.11569
-0.12085
-0.12619
-0.13126
-0.13632
-0.14136
-0.14609
-0.15115
-0.15561
-0.16046
-0.16483
-0.16943
-0.17371
-0.17813
-0.18216
-0.18634
-0.19037
-0.19418
-0.19815
-0.20178
-0.20544
-0.20898
-0.21243
-0.21573
-0.21902
-0.22220
-0.22516
-0.22827
-0.23090
-0.23389
-0.23639
-0.23901
-0.24152
-0.24371
-0.24619
-0.24814
-0.25043
-0.25217
-0.25421
-0.25580
-0.25760
-0.25912
-0.26053
-0.26202
-0.26312
-0.26437
-0.26544
-0.26639
-0.26727
-0.26801
-0.26871
-0.26923
-0.26978
-0.27005
-0.27045
-0.27051
-0.27069
-0.27060
-0.27051
-0.27029
-0.27002
-0.26959
-0.26910
-0.26852
-0.26782
-0.26703
-0.26624
-0.26514
-0.26425
-0.26294
-0.26178
-0.26044
-0.25900
-0.25751
-0.25592
-0.25418
-0.25244
-0.25055
-0.24863
-0.24652
-0.24451
-0.24219
-0.23999
-0.23752
-0.23511
-0.23260
-0.22986
-0.22736
-0.22440
-0.22159
-0.21878
-0.21552
-0.21277
-0.20929
-0.20630
-0.20282
-0.19958
-0.19611
-0.19257
-0.18906
-0.18536
-0.18164
-0.17804
-0.17398
-0.17032
-0.16626
-0.16226
-0.15833
-0.15405
-0.15005
-0.14575
-0.14160
-0.13724
-0.13290
-0.12851
-0.12415
-0.11963
-0.11523
-0.11053
-0.10617
-0.10138
-0.09695
-0.09216
-0.08755
-0.08286
-0.07813
-0.07343
-0.06866
-0.06387
-0.05917
-0.05432
-0.04962
-0.04471
-0.04001
-0.03525
-0.03030
-0.02573
-0.02072
-0.01614
-0.01129
-0.00656
-0.00186
0.00290
0.00754
0.01224
0.01691
0.02139
0.02615
0.03055
0.03519
0.03967
0.04401
0.04855
0.05283
0.05713
0.06155
0.06558
0.06992
0.07397
0.07803
0.08209
0.08606
0.08987
0.09384
0.09750
0.10129
0.10492
0.10846
0.11203
0.11542
0.11880
0.12210
0.12531
0.12842
0.13153
0.13446
0.13739
0.14023
0.14288
0.14560
0.14810
0.15063
0.15298
0.15527
0.15750
0.15958
0.16162
0.16351
0.16537
0.16708
0.16870
0.17029
0.17160
0.17313
0.17413
0.17548
0.17630
0.17737
0.17813
0.17880
0.17953
0.17984
0.18042
0.18054
0.18085
0.18076
0.18085
0.18060
0.18036
0.17996
0.17944
0.17880
0.17816
0.17719
0.17642
0.17508
0.17413
0.17261
0.17136
0.16968
0.16812
0.16617
0.16449
0.16226
0.16025
0.15790
0.15558
0.15298
0.15048
0.14755
0.14487
0.14172
0.13876
0.13535
0.13217
0.12851
0.12512
0.12122
0.11749
0.11353
0.10934
0.10529
0.10089
0.09644
0.09192
0.08719
0.08237
0.07755
0.07239
0.06732
0.06201
0.05667
0.05121
0.04568
0.03995
0.03433
0.02838
0.02264
0.01657
0.01065
0.00455
-0.00162
-0.00760
-0.01395
-0.02005
-0.02640
-0.03256
-0.03891
-0.04501
-0.05142
-0.05753
-0.06384
-0.06998
-0.07617
-0.08240
-0.08847
-0.09460
-0.10074
-0.10666
-0.11282
-0.11865
-0.12463
-0.13049
-0.13632
-0.14203
-0.14789
-0.15341
-0.15912
-0.16464
-0.17017
-0.17557
-0.18112
-0.18622
-0.19180
-0.19675
-0.20218
-0.20709
-0.21237
-0.21722
-0.22232
-0.22714
-0.23209
-0.23682
-0.24173
-0.24628
-0.25110
-0.25562
-0.26028
-0.26477
-0.26929
-0.27371
-0.27820
-0.28244
-0.28696
-0.29108
-0.29544
-0.29965
-0.30377
-0.30801
-0.31201
-0.31622
-0.32013
-0.32428
-0.32806
-0.33215
-0.33594
-0.33984
-0.34369
-0.34735
-0.35120
-0.35480
-0.35849
-0.36212
-0.36557
-0.36920
-0.37259
-0.37598
-0.37939
-0.38266
-0.38589
-0.38910
-0.39215
-0.39529
-0.39819
-0.40121
-0.40396
-0.40680
-0.40952
-0.41208
-0.41470
-0.41718
-0.41949
-0.42197
-0.42407
-0.42630
-0.42847
-0.43027
-0.43250
-0.43405
-0.43607
-0.43768
-0.43933
-0.44092
-0.44244
-0.44376
-0.44528
-0.44647
-0.44775
-0.44897
-0.45001
-0.45117
-0.45206
-0.45325
-0.45386
-0.45502
-0.45560
-0.45654
-0.45718
-0.45792
-0.45853
-0.45917
-0.45978
-0.46024
-0.46085
-0.46118
-0.46179
-0.46207
-0.46259
-0.46280
-0.46326
-0.46344
-0.46384
-0.46399
-0.46432
-0.46442
-0.46469
-0.46481
-0.46490
-0.46515
-0.46506
-0.46533
-0.46524
-0.46533
-0.46533
-0.46530
-0.46530
-0.46518
-0.46524
-0.46494
-0.46500
-0.46478
-0.46454
-0.46451
-0.46411
-0.46399
-0.46365
-0.46338
-0.46301
-0.46268
-0.46225
-0.46185
-0.46136
-0.46091
-0.46027
-0.45981
-0.45901
-0.45853
-0.45767
-0.45694
-0.45612
-0.45520
-0.45425
-0.45325
-0.45218
-0.45093
-0.44983
-0.44839
-0.44708
-0.44553
-0.44397
-0.44226
-0.44055
-0.43860
-0.43665
-0.43448
-0.43228
-0.42996
-0.42743
-0.42493
-0.42209
-0.41937
-0.41626
-0.41324
-0.41000
-0.40656
-0.40314
-0.39948
-0.39566
-0.39188
-0.38776
-0.38370
-0.37936
-0.37500
-0.37045
-0.36584
-0.36115
-0.35611
-0.35135
-0.34598
-0.34100
-0.33551
-0.33017
-0.32455
-0.31888
-0.31320
-0.30719
-0.30139
-0.29510
-0.28903
-0.28271
-0.27631
-0.26984
-0.26318
-0.25653
-0.24976
-0.24277
-0.23593
-0.22870
-0.22165
-0.21436
-0.20694
-0.19962
-0.19205
-0.18445
-0.17676
-0.16907
-0.16110
-0.15344
-0.14523
-0.13733
-0.12921
-0.12100
-0.11292
-0.10452
-0.09634
-0.08783
-0.07959
-0.07108
-0.06259
-0.05417
-0.04559
-0.03702
-0.02859
-0.01984
-0.01138
-0.00281
0.00592
0.01434
0.02304
0.03152
0.04010
0.04861
0.05716
0.06558
0.07404
0.08246
0.09079
0.09912
0.10739
0.11563
0.12375
0.13193
0.13986
0.14792
0.15576
0.16370
0.17130
0.17917
0.18655
0.19427
0.20157
0.20898
0.21625
0.22336
0.23050
0.23749
0.24432
0.25122
0.25781
0.26456
0.27094
0.27747
0.28366
0.29004
0.29593
0.30219
0.30783
0.31384
0.31940
0.32504
0.33047
0.33588
0.34103
0.34628
0.35120
0.35623
0.36090
0.36560
0.37018
0.37457
0.37891
0.38309
0.38712
0.39105
0.39487
0.39850
0.40213
0.40543
0.40881
0.41190
0.41498
0.41788
0.42065
0.42328
0.42590
0.42822
0.43060
0.43283
0.43478
0.43695
0.43869
0.44055
0.44223
0.44382
0.44537
0.44678
0.44812
0.44943
0.45059
0.45178
0.45282
0.45383
0.45477
0.45569
0.45651
0.45731
0.45801
0.45874
0.45935
0.46002
0.46051
0.46106
0.46158
0.46198
0.46249
0.46274
0.46329
0.46341
0.46393
0.46402
0.46436
0.46463
0.46472
0.46500
0.46506
0.46530
0.46530
0.46552
0.46542
0.46564
0.46552
0.46570
0.46552
0.46558
0.46548
0.46545
0.46536
0.46521
0.46512
0.46490
0.46478
0.46460
0.46432
0.46417
0.46381
0.46353
0.46329
0.46286
0.46259
0.46213
0.46176
0.46124
0.46085
0.46027
0.45972
0.45926
0.45844
0.45798
0.45712
0.45648
0.45569
0.45480
0.45401
0.45297
0.45218
0.45096
0.45004
0.44873
0.44766
0.44635
0.44504
0.44366
0.44214
0.44064
0.43906
0.43735
0.43564
0.43375
0.43192
0.42984
0.42789
0.42560
0.42352
0.42111
0.41879
0.41629
0.41376
0.41113
0.40842
0.40573
0.40271
0.39999
0.39679
0.39389
0.39066
0.38751
0.38422
0.38086
0.37750
0.37402
0.37054
0.36700
0.36328
0.35971
0.35596
0.35214
0.34842
0.34445
0.34064
0.33664
0.33267
0.32861
0.32462
0.32047
0.31638
0.31216
0.30804
0.30371
0.29959
0.29526
0.29092
0.28671
0.28223
0.27798
0.27350
0.26923
0.26471
0.26035
0.25589
0.25140
0.24701
0.24252
0.23804
0.23358
0.22913
0.22458
0.22018
0.21570
0.21118
0.20679
0.20227
0.19785
0.19345
0.18896
0.18460
0.18021
0.17578
0.17151
0.16711
0.16281
0.15857
0.15421
0.15012
0.14575
0.14175
0.13745
0.13342
0.12933
0.12531
0.12131
0.11734
0.11343
0.10953
0.10574
0.10193
0.09821
0.09451
0.09085
0.08731
0.08368
0.08032
0.07675
0.07352
0.07004
0.06693
0.06360
0.06055
0.05740
0.05438
0.05142
0.04855
0.04565
0.04294
0.04019
0.03757
0.03497
0.03247
0.03006
0.02762
0.02536
0.02310
0.02094
0.01886
0.01682
0.01480
0.01300
0.01111
0.00943
0.00769
0.00613
0.00455
0.00314
0.00171
0.00040
-0.00079
-0.00204
-0.00308
-0.00415
-0.00510
-0.00598
-0.00677
-0.00754
-0.00827
-0.00870
-0.00946
-0.00970
-0.01025
-0.01050
-0.01074
-0.01096
-0.01108
-0.01108
-0.01111
-0.01096
-0.01086
-0.01056
-0.01038
-0.00995
-0.00952
-0.00909
-0.00851
-0.00787
-0.00729
-0.00644
-0.00574
-0.00485
-0.00394
-0.00293
-0.00198
-0.00082
0.00031
0.00150
0.00278
0.00406
0.00540
0.00684
0.00830
0.00986
0.01132
0.01300
0.01465
0.01633
0.01816
0.01981
0.02176
0.02356
0.02554
0.02744
0.02948
0.03146
0.03357
0.03564
0.03778
0.03998
0.04211
0.04440
0.04660
0.04892
0.05121
0.05356
0.05591
0.05823
0.06073
0.06302
0.06561
0.06787
0.07053
0.07288
0.07544
0.07791
0.08038
0.08301
0.08545
0.08804
0.09052
0.09308
0.09567
0.09818
0.10071
0.10327
0.10574
0.10843
0.11075
0.11346
0.11581
0.11841
0.12085
0.12335
0.12573
0.12833
0.13055
0.13315
0.13538
0.13788
0.14017
0.14246
0.14484
0.14700
0.14938
0.15149
0.15375
0.15585
0.15805
0.16006
0.16223
0.16412
0.16626
0.16812
0.17007
0.17197
0.17377
0.17560
0.17737
0.17905
0.18079
0.18231
0.18402
0.18539
0.18710
0.18832
0.18985
0.19119
0.19238
0.19379
0.19482
0.19604
0.19711
0.19812
0.19913
0.20001
0.20093
0.20166
0.20248
0.20306
0.20380
0.20432
0.20483
0.20526
0.20569
0.20593
0.20624
0.20648
0.20645
0.20670
0.20657
0.20648
0.20651
0.20605
0.20602
0.20547
0.20523
0.20459
0.20419
0.20340
0.20288
0.20193
0.20123
0.20023
0.19928
0.19824
0.19699
0.19595
0.19449
0.19330
0.19168
0.19031
0.18866
0.18695
0.18530
0.18338
0.18152
0.17960
0.17737
0.17545
0.17300
0.17093
0.16833
0.16608
0.16336
0.16086
0.15814
0.15530
0.15253
0.14954
0.14651
0.14349
0.14023
0.13699
0.13367
0.13025
0.12674
0.12323
0.11948
0.11584
0.11194
0.10812
0.10413
0.10013
0.09595
0.09183
0.08752
0.08319
0.07883
0.07428
0.06973
0.06522
0.06039
0.05573
0.05087
0.04599
0.04111
0.03598
0.03098
0.02579
0.02066
0.01538
0.01010
0.00473
-0.00058
-0.00610
-0.01151
-0.01712
-0.02271
-0.02826
-0.03406
-0.03964
-0.04544
-0.05130
-0.05688
-0.06308
-0.06851
-0.07486
-0.08035
-0.08661
-0.09238
-0.09839
-0.10437
-0.11035
-0.11636
-0.12234
-0.12836
-0.13434
-0.14038
-0.14636
-0.15237
-0.15833
-0.16440
-0.17020
-0.17636
-0.18207
-0.18820
-0.19388
-0.19992
-0.20566
-0.21143
-0.21732
-0.22287
-0.22870
-0.23428
-0.23990
-0.24548
-0.25095
-0.25647
-0.26178
-0.26733
-0.27246
-0.27792
-0.28293
-0.28824
-0.29327
-0.29831
-0.30334
-0.30820
-0.31308
-0.31787
-0.32260
-0.32724
-0.33188
-0.33636
-0.34079
-0.34528
-0.34946
-0.35382
-0.35788
-0.36206
-0.36603
-0.36993
-0.37390
-0.37753
-0.38135
-0.38489
-0.38840
-0.39191
-0.39517
-0.39850
-0.40158
-0.40472
-0.40768
-0.41055
-0.41336
-0.41605
-0.41864
-0.42114
-0.42365
-0.42581
-0.42822
-0.43015
-0.43240
-0.43420
-0.43625
-0.43790
-0.43967
-0.44131
-0.44281
-0.44446
-0.44559
-0.44724
-0.44824
-0.44968
-0.45068
-0.45181
-0.45285
-0.45383
-0.45477
-0.45560
-0.45645
-0.45724
-0.45795
-0.45868
-0.45929
-0.45993
-0.46051
-0.46106
-0.46155
-0.46201
-0.46252
-0.46283
-0.46332
-0.46359
-0.46399
-0.46426
-0.46454
-0.46478
-0.46503
-0.46524
-0.46545
-0.46555
-0.46576
-0.46585
-0.46594
-0.46606
-0.46606
-0.46616
-0.46616
-0.46613
-0.46616
-0.46609
-0.46600
-0.46600
-0.46576
-0.46579
-0.46552
-0.46545
-0.46518
-0.46503
-0.46472
-0.46451
-0.46417
-0.46390
-0.46350
-0.46313
-0.46277
-0.46222
-0.46185
-0.46127
-0.46072
-0.46011
-0.45953
-0.45871
-0.45822
-0.45715
-0.45651
-0.45551
-0.45456
-0.45364
-0.45239
-0.45139
-0.44998
-0.44888
-0.44724
-0.44601
-0.44418
-0.44275
-0.44080
-0.43906
-0.43698
-0.43500
-0.43271
-0.43048
-0.42798
-0.42545
-0.42282
-0.41995
-0.41711
-0.41400
-0.41086
-0.40762
-0.40402
-0.40079
-0.39673
-0.39331
-0.38916
-0.38522
-0.38107
-0.37677
-0.37244
-0.36792
-0.36331
-0.35858
-0.35379
-0.34882
-0.34384
-0.33862
-0.33344
-0.32806
-0.32257
-0.31711
-0.31137
-0.30569
-0.29987
-0.29379
-0.28796
-0.28165
-0.27557
-0.26917
-0.26285
-0.25629
-0.24985
-0.24298
-0.23648
-0.22943
-0.22272
-0.21564
-0.20859
-0.20151
-0.19421
-0.18704
-0.17957
-0.17233
-0.16464
-0.15738
-0.14948
-0.14212
-0.13419
-0.12662
-0.11874
-0.11090
-0.10303
-0.09518
-0.08710
-0.07932
-0.07114
-0.06323
-0.05518
-0.04709
-0.03903
-0.03101
-0.02286
-0.01489
-0.00671
0.00125
0.00937
0.01733
0.02542
0.03333
0.04135
0.04926
0.05713
0.06503
0.07281
0.08057
0.08841
0.09589
0.10373
0.11102
0.11884
0.12604
0.13354
0.14078
0.14807
0.15521
0.16238
0.16925
0.17636
0.18307
0.19003
0.19656
0.20325
0.20984
0.21616
0.22266
0.22879
0.23502
0.24115
0.24710
0.25299
0.25882
0.26453
0.27014
0.27570
0.28107
0.28647
0.29169
0.29681
0.30185
0.30685
0.31165
0.31644
0.32111
0.32559
0.33017
0.33444
0.33871
0.34293
0.34695
0.35089
0.35486
0.35849
0.36224
0.36578
0.36926
0.37259
0.37592
0.37897
0.38217
0.38507
0.38794
0.39072
0.39337
0.39600
0.39841
0.40091
0.40305
0.40540
0.40738
0.40952
0.41138
0.41327
0.41501
0.41669
0.41830
0.41983
0.42126
0.42267
0.42392
0.42517
0.42636
0.42737
0.42850
0.42932
0.43036
0.43109
0.43195
0.43262
0.43320
0.43399
0.43433
0.43503
0.43533
0.43576
0.43613
0.43637
0.43668
0.43683
0.43698
0.43713
0.43707
0.43723
0.43701
0.43710
0.43686
0.43671
0.43652
0.43616
0.43597
0.43542
0.43521
0.43457
0.43420
0.43353
0.43295
0.43228
0.43158
0.43079
0.42996
0.42905
0.42822
0.42712
0.42618
0.42496
0.42386
0.42264
0.42130
0.42001
0.41849
0.41708
0.41553
0.41382
0.41229
0.41040
0.40869
0.40674
0.40482
0.40277
0.40076
0.39847
0.39642
0.39395
0.39172
0.38922
0.38675
0.38419
0.38156
0.37885
0.37613
0.37326
0.37042
0.36737
0.36453
0.36124
0.35834
0.35492
0.35190
0.34836
0.34518
0.34164
0.33817
0.33478
0.33099
0.32751
0.32376
0.31998
0.31635
0.31232
0.30862
0.30453
0.30072
0.29654
0.29263
0.28842
0.28436
0.28015
0.27591
0.27173
0.26730
0.26318
0.25861
0.25443
0.24982
0.24551
0.24094
0.23651
0.23193
0.22742
0.22281
0.21820
0.21362
0.20898
0.20432
0.19971
0.19495
0.19031
0.18564
0.18088
0.17618
0.17148
0.16678
0.16199
0.15738
0.15250
0.14798
0.14313
0.13846
0.13382
0.12900
0.12454
0.11969
0.11517
0.11050
0.10590
0.10135
0.09680
0.09216
0.08783
0.08322
0.07883
0.07443
0.06995
0.06573
0.06131
0.05716
0.05276
0.04871
0.04446
0.04037
0.03638
0.03226
0.02835
0.02438
0.02057
0.01666
0.01297
0.00919
0.00558
0.00195
-0.00156
-0.00516
-0.00848
-0.01193
-0.01517
-0.01846
-0.02170
-0.02475
-0.02786
-0.03085
-0.03378
-0.03665
-0.03949
-0.04218
-0.04489
-0.04745
-0.05002
-0.05246
-0.05487
-0.05722
-0.05942
-0.06171
-0.06369
-0.06583
-0.06784
-0.06961
-0.07162
-0.07321
-0.07504
-0.07660
-0.07816
-0.07962
-0.08105
-0.08237
-0.08365
-0.08487
-0.08588
-0.08710
-0.08789
-0.08896
-0.08972
-0.09045
-0.09125
-0.09177
-0.09241
-0.09283
-0.09329
-0.09360
-0.09393
-0.09409
-0.09424
-0.09436
-0.09427
-0.09439
-0.09402
-0.09406
-0.09360
-0.09348
-0.09296
-0.09253
-0.09207
-0.09137
-0.09088
-0.09009
-0.08932
-0.08856
-0.08762
-0.08670
-0.08572
-0.08459
-0.08362
-0.08224
-0.08124
-0.07974
-0.07858
-0.07712
-0.07565
-0.07422
-0.07257
-0.07114
-0.06934
-0.06775
-0.06598
-0.06415
-0.06241
-0.06046
-0.05856
-0.05664
-0.05457
-0.05261
-0.05045
-0.04840
-0.04620
-0.04398
-0.04187
-0.03949
-0.03726
-0.03497
-0.03247
-0.03033
-0.02765
-0.02545
-0.02286
-0.02042
-0.01794
-0.01532
-0.01294
-0.01019
-0.00778
-0.00504
-0.00253
0.00018
0.00269
0.00549
0.00803
0.01077
0.01343
0.01608
0.01874
0.02151
0.02405
0.02692
0.02939
0.03229
0.03473
0.03763
0.04007
0.04291
0.04538
0.04819
0.05060
0.05344
0.05579
0.05856
0.06094
0.06366
0.06595
0.06870
0.07089
0.07358
0.07584
0.07834
0.08060
0.08307
0.08521
0.08762
0.08978
0.09201
0.09424
0.09625
0.09845
0.10046
0.10248
0.10452
0.10638
0.10828
0.11023
0.11188
0.11383
0.11539
0.11710
0.11877
0.12024
0.12186
0.12329
0.12466
0.12607
0.12738
0.12860
0.12982
0.13098
0.13205
0.13306
0.13403
0.13492
0.13586
0.13651
0.13739
0.13785
0.13870
0.13898
0.13971
0.13986
0.14041
0.14056
0.14081
0.14099
0.14096
0.14108
0.14093
0.14084
0.14066
0.14032
0.14001
0.13956
0.13913
0.13849
0.13797
0.13708
0.13651
0.13541
0.13467
0.13358
0.13254
0.13132
0.13013
0.12878
0.12744
0.12595
0.12439
0.12277
0.12112
0.11929
0.11746
0.11551
0.11353
0.11145
0.10925
0.10703
0.10464
0.10236
0.09976
0.09729
0.09460
0.09192
0.08911
0.08621
0.08331
0.08026
0.07721
0.07394
0.07077
0.06741
0.06403
0.06055
0.05695
0.05341
0.04962
0.04599
0.04193
0.03830
0.03406
0.03021
0.02594
0.02191
0.01752
0.01340
0.00879
0.00455
-0.00003
-0.00461
-0.00909
-0.01395
-0.01846
-0.02347
-0.02811
-0.03320
-0.03790
-0.04306
-0.04788
-0.05310
-0.05807
-0.06329
-0.06845
-0.07361
-0.07898
-0.08414
-0.08960
-0.09479
-0.10031
-0.10559
-0.11111
-0.11655
-0.12189
-0.12753
-0.13290
-0.13846
-0.14398
-0.14944
-0.15503
-0.16055
-0.16602
-0.17166
-0.17706
-0.18268
-0.18814
-0.19366
-0.19913
-0.20471
-0.20999
-0.21564
-0.22086
-0.22638
-0.23166
-0.23706
-0.24219
-0.24768
-0.25262
-0.25803
-0.26303
-0.26813
-0.27325
-0.27814
-0.28320
-0.28802
-0.29291
-0.29773
-0.30243
-0.30716
-0.31180
-0.31631
-0.32095
-0.32529
-0.32977
-0.33411
-0.33838
-0.34256
-0.34680
-0.35077
-0.35498
-0.35873
-0.36279
-0.36652
-0.37027
-0.37408
-0.37750
-0.38123
-0.38452
-0.38803
-0.39127
-0.39462
-0.39758
-0.40085
-0.40363
-0.40674
-0.40939
-0.41226
-0.41479
-0.41742
-0.41992
-0.42221
-0.42462
-0.42679
-0.42896
-0.43100
-0.43295
-0.43484
-0.43671
-0.43839
-0.44012
-0.44159
-0.44324
-0.44455
-0.44608
-0.44724
-0.44864
-0.44971
-0.45090
-0.45197
-0.45294
-0.45404
-0.45474
-0.45587
-0.45642
-0.45752
-0.45795
-0.45886
-0.45941
-0.46005
-0.46072
-0.46112
-0.46179
-0.46219
-0.46268
-0.46310
-0.46350
-0.46387
-0.46426
-0.46451
-0.46487
-0.46512
-0.46536
-0.46567
-0.46576
-0.46609
-0.46609
-0.46640
-0.46643
-0.46661
-0.46664
-0.46677
-0.46677
-0.46686
-0.46686
-0.46686
-0.46686
-0.46674
-0.46683
-0.46661
-0.46658
-0.46652
-0.46622
-0.46631
-0.46588
-0.46588
-0.46555
-0.46536
-0.46506
-0.46478
-0.46445
-0.46411
-0.46375
-0.46332
-0.46289
-0.46246
-0.46182
-0.46146
-0.46072
-0.46017
-0.45950
-0.45877
-0.45801
-0.45721
-0.45630
-0.45541
-0.45444
-0.45334
-0.45224
-0.45105
-0.44977
-0.44846
-0.44699
-0.44547
-0.44391
-0.44214
-0.44037
-0.43845
-0.43643
-0.43433
-0.43210
-0.42972
-0.42728
-0.42465
-0.42200
-0.41910
-0.41623
-0.41309
-0.40991
-0.40659
-0.40314
-0.39954
-0.39590
-0.39203
-0.38812
-0.38409
-0.37988
-0.37564
-0.37122
-0.36673
-0.36209
-0.35736
-0.35257
-0.34756
-0.34259
-0.33737
-0.33215
-0.32681
-0.32135
-0.31580
-0.31018
-0.30438
-0.29858
-0.29263
-0.28665
-0.28046
-0.27438
-0.26788
-0.26169
-0.25513
-0.24857
-0.24197
-0.23517
-0.22845
-0.22147
-0.21466
-0.20737
-0.20059
-0.19302
-0.18610
-0.17856
-0.17126
-0.16382
-0.15628
-0.14871
-0.14105
-0.13348
-0.12561
-0.11801
-0.11011
-0.10220
-0.09448
-0.08636
-0.07861
-0.07050
-0.06262
-0.05450
-0.04657
-0.03848
-0.03049
-0.02240
-0.01440
-0.00632
0.00165
0.00964
0.01779
0.02554
0.03372
0.04150
0.04938
0.05740
0.06500
0.07300
0.08057
0.08841
0.09589
0.10361
0.11105
0.11856
0.12598
0.13330
0.14059
0.14777
0.15497
0.16199
0.16898
0.17593
0.18268
0.18951
0.19617
0.20270
0.20929
0.21558
0.22205
0.22818
0.23438
0.24045
0.24634
0.25232
0.25806
0.26367
0.26944
0.27475
0.28033
0.28552
0.29080
0.29590
0.30096
0.30585
0.31073
0.31546
0.32007
0.32468
0.32910
0.33340
0.33774
0.34186
0.34592
0.34995
0.35367
0.35757
0.36111
0.36484
0.36813
0.37167
0.37482
0.37805
0.38110
0.38412
0.38693
0.38983
0.39243
0.39505
0.39755
0.39999
0.40222
0.40460
0.40659
0.40872
0.41068
0.41248
0.41440
0.41602
0.41772
0.41919
0.42072
0.42215
0.42340
0.42480
0.42584
0.42703
0.42813
0.42902
0.43011
0.43082
0.43176
0.43246
0.43314
0.43384
0.43436
0.43497
0.43546
0.43582
0.43628
0.43658
0.43686
0.43716
0.43732
0.43747
0.43765
0.43759
0.43768
0.43765
0.43759
0.43744
0.43735
0.43704
0.43692
0.43649
0.43631
0.43576
0.43549
0.43488
0.43445
0.43381
0.43326
0.43253
0.43185
0.43103
0.43030
0.42941
0.42841
0.42758
0.42633
0.42551
0.42407
0.42313
0.42166
0.42047
0.41898
0.41766
0.41599
0.41458
0.41284
0.41116
0.40945
0.40759
0.40570
0.40375
0.40176
0.39966
0.39752
0.39532
0.39301
0.39078
0.38821
0.38599
0.38315
0.38092
0.37796
0.37549
0.37259
0.36978
0.36697
0.36395
0.36099
0.35797
0.35477
0.35172
0.34851
0.34512
0.34198
0.33844
0.33517
0.33167
0.32813
0.32465
0.32098
0.31732
0.31378
0.30984
0.30634
0.30228
0.29865
0.29459
0.29083
0.28677
0.28284
0.27881
0.27475
0.27069
0.26660
0.26239
0.25830
0.25409
0.24985
0.24573
0.24124
0.23724
0.23273
0.22855
0.22418
0.21979
0.21548
0.21118
0.20663
0.20245
0.19788
0.19363
0.18912
0.18481
0.18027
0.17606
0.17151
0.16718
0.16278
0.15839
0.15402
0.14966
0.14532
0.14096
0.13669
0.13232
0.12808
0.12381
0.11960
0.11530
0.11124
0.10690
0.10297
0.09866
0.09473
0.09067
0.08658
0.08270
0.07870
0.07483
0.07098
0.06717
0.06339
0.05963
0.05600
0.05234
0.04874
0.04526
0.04166
0.03830
0.03488
0.03156
0.02829
0.02509
0.02179
0.01886
0.01563
0.01279
0.00980
0.00684
0.00415
0.00131
-0.00137
-0.00391
-0.00662
-0.00903
-0.01144
-0.01392
-0.01614
-0.01834
-0.02066
-0.02258
-0.02478
-0.02667
-0.02856
-0.03043
-0.03220
-0.03391
-0.03546
-0.03714
-0.03848
-0.04001
-0.04138
-0.04251
-0.04398
-0.04480
-0.04620
-0.04691
-0.04813
-0.04874
-0.04971
-0.05035
-0.05103
-0.05167
-0.05209
-0.05267
-0.05292
-0.05341
-0.05347
-0.05380
-0.05386
-0.05386
-0.05399
-0.05374
-0.05371
-0.05347
-0.05313
-0.05292
-0.05237
-0.05206
-0.05136
-0.05093
-0.05014
-0.04956
-0.04868
-0.04794
-0.04697
-0.04605
-0.04510
-0.04391
-0.04291
-0.04169
-0.04044
-0.03925
-0.03775
-0.03653
-0.03494
-0.03357
-0.03192
-0.03046
-0.02869
-0.02713
-0.02530
-0.02353
-0.02179
-0.01984
-0.01801
-0.01602
-0.01401
-0.01202
-0.00998
-0.00778
-0.00577
-0.00351
-0.00131
0.00082
0.00330
0.00537
0.00787
0.01010
0.01257
0.01492
0.01736
0.01987
0.02222
0.02487
0.02728
0.02979
0.03247
0.03485
0.03763
0.04004
0.04276
0.04532
0.04791
0.05060
0.05319
0.05582
0.05853
0.06104
0.06378
0.06641
0.06900
0.07172
0.07425
0.07690
0.07962
0.08206
0.08481
0.08728
0.08990
0.09250
0.09497
0.09756
0.10004
0.10254
0.10504
0.10739
0.10999
0.11218
0.11481
0.11694
0.11942
0.12158
0.12402
0.12607
0.12851
0.13043
0.13275
0.13477
0.13690
0.13889
0.14093
0.14279
0.14487
0.14655
0.14859
0.15021
0.15207
0.15375
0.15536
0.15704
0.15857
0.16010
0.16159
0.16296
0.16437
0.16568
0.16693
0.16815
0.16937
0.17035
0.17157
0.17236
0.17352
0.17419
0.17523
0.17581
0.17664
0.17725
0.17783
0.17838
0.17883
0.17920
0.17966
0.17975
0.18011
0.18021
0.18027
0.18039
0.18018
0.18021
0.17993
0.17975
0.17935
0.17911
0.17847
0.17813
0.17737
0.17682
0.17606
0.17523
0.17438
0.17340
0.17239
0.17130
0.17014
0.16891
0.16754
0.16623
0.16464
0.16330
0.16147
0.16000
0.15805
0.15637
0.15430
0.15247
0.15027
0.14825
0.14597
0.14365
0.14136
0.13885
0.13635
0.13379
0.13101
0.12842
0.12543
0.12268
0.11957
0.11664
0.11343
0.11029
0.10690
0.10370
0.10016
0.09677
0.09311
0.08951
0.08578
0.08203
0.07816
0.07422
0.07028
0.06616
0.06207
0.05789
0.05356
0.04935
0.04486
0.04050
0.03595
0.03140
0.02676
0.02209
0.01727
0.01257
0.00769
0.00281
-0.00208
-0.00714
-0.01208
-0.01721
-0.02237
-0.02737
-0.03284
-0.03778
-0.04337
-0.04846
-0.05392
-0.05927
-0.06467
-0.07013
-0.07556
-0.08105
-0.08655
-0.09210
-0.09756
-0.10315
-0.10867
-0.11432
-0.11984
-0.12543
-0.13098
-0.13657
-0.14221
-0.14771
-0.15332
-0.15891
-0.16437
-0.17001
-0.17551
-0.18097
-0.18658
-0.19189
-0.19751
-0.20285
-0.20831
-0.21368
-0.21899
-0.22437
-0.22971
-0.23486
-0.24020
-0.24530
-0.25052
-0.25558
-0.26077
-0.26566
-0.27078
-0.27567
-0.28058
-0.28546
-0.29028
-0.29501
-0.29974
-0.30441
-0.30899
-0.31363
-0.31802
-0.32257
-0.32687
-0.33127
-0.33551
-0.33969
-0.34390
-0.34793
-0.35196
-0.35590
-0.35980
-0.36353
-0.36743
-0.37082
-0.37469
-0.37802
-0.38147
-0.38492
-0.38806
-0.39136
-0.39438
-0.39743
-0.40036
-0.40323
-0.40594
-0.40866
-0.41119
-0.41379
-0.41608
-0.41855
-0.42059
-0.42297
-0.42490
-0.42697
-0.42880
-0.43073
-0.43237
-0.43414
-0.43576
-0.43716
-0.43881
-0.44000
-0.44147
-0.44272
-0.44385
-0.44507
-0.44611
-0.44711
-0.44815
-0.44901
-0.44992
-0.45071
-0.45148
-0.45224
-0.45291
-0.45352
-0.45419
-0.45468
-0.45523
-0.45581
-0.45605
-0.45673
-0.45688
-0.45743
-0.45761
-0.45798
-0.45816
-0.45853
-0.45856
-0.45889
-0.45895
-0.45905
-0.45926
-0.45917
-0.45932
-0.45929
-0.45926
-0.45923
-0.45917
-0.45905
-0.45892
-0.45877
-0.45859
-0.45834
-0.45813
-0.45779
-0.45755
-0.45715
-0.45682
-0.45633
-0.45593
-0.45538
-0.45493
-0.45425
-0.45367
-0.45300
-0.45227
-0.45151
-0.45068
-0.44974
-0.44888
-0.44781
-0.44681
-0.44559
-0.44443
-0.44318
-0.44171
-0.44040
-0.43878
-0.43719
-0.43555
-0.43365
-0.43179
-0.42990
-0.42764
-0.42563
-0.42319
-0.42084
-0.41833
-0.41565
-0.41299
-0.41006
-0.40717
-0.40402
-0.40088
-0.39758
-0.39410
-0.39066
-0.38690
-0.38324
-0.37936
-0.37531
-0.37137
-0.36697
-0.36288
-0.35825
-0.35397
-0.34915
-0.34457
-0.33966
-0.33478
-0.32971
-0.32465
-0.31934
-0.31409
-0.30862
-0.30316
-0.29742
-0.29184
-0.28595
-0.28009
-0.27411
-0.26801
-0.26178
-0.25568
-0.24908
-0.24286
-0.23621
-0.22961
-0.22299
-0.21603
-0.20941
-0.20224
-0.19540
-0.18820
-0.18112
-0.17377
-0.16666
-0.15906
-0.15186
-0.14420
-0.13669
-0.12912
-0.12143
-0.11371
-0.10602
-0.09811
-0.09039
-0.08243
-0.07455
-0.06662
-0.05865
-0.05069
-0.04266
-0.03464
-0.02661
-0.01862
-0.01050
-0.00253
0.00552
0.01361
0.02151
0.02963
0.03757
0.04547
0.05356
0.06125
0.06937
0.07697
0.08496
0.09256
0.10040
0.10794
0.11563
0.12314
0.13065
0.13809
0.14542
0.15280
0.15994
0.16718
0.17429
0.18118
0.18829
0.19504
0.20190
0.20859
0.21518
0.22177
0.22818
0.23459
0.24091
0.24701
0.25320
0.25916
0.26514
0.27094
0.27667
0.28241
0.28781
0.29346
0.29865
0.30411
0.30911
0.31433
0.31918
0.32425
0.32889
0.33371
0.33813
0.34286
0.34702
0.35153
0.35559
0.35971
0.36374
0.36758
0.37137
0.37512
0.37860
0.38211
0.38550
0.38873
0.39188
0.39502
0.39780
0.40085
0.40341
0.40619
0.40863
0.41110
0.41348
0.41568
0.41785
0.41995
0.42181
0.42383
0.42551
0.42728
0.42889
0.43045
0.43192
0.43332
0.43460
0.43591
0.43704
0.43823
0.43921
0.44028
0.44110
0.44217
0.44272
0.44379
0.44424
0.44507
0.44565
0.44614
0.44684
0.44711
0.44772
0.44800
0.44843
0.44873
0.44897
0.44922
0.44949
0.44952
0.44980
0.44980
0.44983
0.44998
0.44980
0.44992
0.44968
0.44971
0.44940
0.44937
0.44901
0.44888
0.44846
0.44818
0.44785
0.44736
0.44699
0.44644
0.44589
0.44537
0.44473
0.44409
0.44342
0.44260
0.44193
0.44089
0.44025
0.43906
0.43823
0.43707
0.43600
0.43484
0.43359
0.43234
0.43094
0.42963
0.42804
0.42664
0.42493
0.42334
0.42157
0.41974
0.41803
0.41583
0.41415
0.41174
0.40985
0.40756
0.40524
0.40295
0.40051
0.39798
0.39554
0.39276
0.39026
0.38739
0.38458
0.38177
0.37875
0.37579
0.37280
0.36951
0.36652
0.36319
0.35989
0.35660
0.35318
0.34967
0.34628
0.34265
0.33908
0.33545
0.33173
0.32803
0.32425
0.32037
0.31662
0.31259
0.30881
0.30466
0.30081
0.29660
0.29266
0.28848
0.28430
0.28021
0.27597
0.27170
0.26755
0.26315
0.25891
0.25458
0.25021
0.24588
0.24146
0.23706
0.23270
0.22821
0.22382
0.21933
0.21484
0.21048
0.20590
0.20148
0.19702
0.19244
0.18811
0.18350
0.17914
0.17459
0.17017
0.16574
0.16125
0.15689
0.15240
0.14807
0.14365
0.13931
0.13495
0.13068
0.12631
0.12213
0.11780
0.11365
0.10947
0.10526
0.10126
0.09705
0.09305
0.08911
0.08493
0.08133
0.07712
0.07349
0.06961
0.06583
0.06219
0.05847
0.05487
0.05136
0.04779
0.04440
0.04092
0.03766
0.03427
0.03116
0.02789
0.02481
0.02176
0.01877
0.01578
0.01300
0.01007
0.00748
0.00461
0.00220
-0.00058
-0.00284
-0.00546
-0.00769
-0.01001
-0.01224
-0.01437
-0.01648
-0.01849
-0.02045
-0.02225
-0.02420
-0.02576
-0.02762
-0.02905
-0.03070
-0.03204
-0.03354
-0.03479
-0.03604
-0.03729
-0.03824
-0.03946
-0.04025
-0.04126
-0.04208
-0.04276
-0.04355
-0.04404
-0.04471
-0.04507
-0.04559
-0.04581
-0.04623
-0.04626
-0.04654
-0.04654
-0.04654
-0.04654
-0.04630
-0.04620
-0.04593
-0.04553
-0.04526
-0.04468
-0.04425
-0.04364
-0.04300
-0.04236
-0.04147
-0.04077
-0.03979
-0.03891
-0.03799
-0.03671
-0.03586
-0.03452
-0.03336
-0.03210
-0.03073
-0.02939
-0.02795
-0.02643
-0.02496
-0.02335
-0.02173
-0.02002
-0.01834
-0.01657
-0.01474
-0.01291
-0.01099
-0.00906
-0.00714
-0.00504
-0.00308
-0.00089
0.00110
0.00345
0.00537
0.00787
0.00989
0.01233
0.01456
0.01694
0.01926
0.02167
0.02411
0.02643
0.02899
0.03143
0.03384
0.03653
0.03879
0.04156
0.04395
0.04660
0.04913
0.05167
0.05435
0.05676
0.05960
0.06195
0.06476
0.06720
0.06985
0.07251
0.07498
0.07773
0.08014
0.08282
0.08536
0.08792
0.09045
0.09299
0.09549
0.09802
0.10049
0.10294
0.10544
0.10779
0.11032
0.11252
0.11511
0.11722
0.11969
0.12192
0.12415
0.12646
0.12851
0.13080
0.13287
0.13498
0.13702
0.13907
0.14099
0.14307
0.14487
0.14673
0.14865
0.15030
0.15219
0.15375
0.15549
0.15707
0.15860
0.16019
0.16153
0.16306
0.16434
0.16574
0.16687
0.16821
0.16922
0.17047
0.17139
0.17245
0.17331
0.17426
0.17499
0.17587
0.17639
0.17719
0.17764
0.17822
0.17868
0.17899
0.17941
0.17963
0.17978
0.17999
0.18002
0.17993
0.18008
0.17966
0.17972
0.17926
0.17902
0.17856
0.17810
0.17752
0.17691
0.17621
0.17545
0.17465
0.17358
0.17282
0.17151
0.17065
0.16916
0.16815
0.16650
0.16537
0.16360
0.16214
0.16049
0.15866
0.15692
0.15506
0.15289
0.15115
0.14874
0.14670
0.14435
0.14200
0.13962
0.13702
0.13449
0.13174
0.12906
0.12616
0.12335
0.12027
0.11725
0.11417
0.11072
0.10779
0.10403
0.10095
0.09711
0.09375
0.08990
0.08633
0.08234
0.07858
0.07452
0.07056
0.06641
0.06223
0.05804
0.05365
0.04932
0.04486
0.04031
0.03580
0.03113
0.02643
0.02173
0.01678
0.01208
0.00690
0.00217
-0.00305
-0.00806
-0.01312
-0.01843
-0.02350
-0.02887
-0.03415
-0.03949
-0.04495
-0.05026
-0.05588
-0.06125
-0.06689
-0.07239
-0.07797
-0.08368
-0.08917
-0.09494
-0.10059
-0.10617
-0.11212
-0.11749
-0.12357
-0.12897
-0.13498
-0.14050
-0.14642
-0.15198
-0.15787
-0.16348
-0.16928
-0.17493
-0.18066
-0.18634
-0.19193
-0.19775
-0.20309
-0.20905
-0.21429
-0.22009
-0.22549
-0.23102
-0.23651
-0.24191
-0.24728
-0.25278
-0.25790
-0.26343
-0.26840
-0.27386
-0.27884
-0.28403
-0.28912
-0.29395
-0.29919
-0.30380
-0.30890
-0.31348
-0.31839
-0.32297
-0.32761
-0.33221
-0.33661
-0.34116
-0.34543
-0.34979
-0.35400
-0.35815
-0.36224
-0.36630
-0.37012
-0.37421
-0.37769
-0.38168
-0.38504
-0.38873
-0.39215
-0.39542
-0.39877
-0.40189
-0.40497
-0.40799
-0.41080
-0.41367
-0.41632
-0.41891
-0.42145
-0.42380
-0.42621
-0.42828
-0.43063
-0.43240
-0.43463
-0.43628
-0.43820
-0.43985
-0.44147
-0.44305
-0.44446
-0.44595
-0.44724
-0.44849
-0.44971
-0.45084
-0.45190
-0.45297
-0.45389
-0.45480
-0.45572
-0.45648
-0.45731
-0.45795
-0.45874
-0.45926
-0.45999
-0.46048
-0.46100
-0.46161
-0.46191
-0.46252
-0.46280
-0.46323
-0.46359
-0.46384
-0.46429
-0.46436
-0.46484
-0.46481
-0.46521
-0.46533
-0.46542
-0.46570
-0.46564
-0.46591
-0.46582
-0.46606
-0.46588
-0.46606
-0.46597
-0.46597
-0.46591
-0.46585
-0.46576
-0.46561
-0.46558
-0.46527
-0.46524
-0.46490
-0.46475
-0.46451
-0.46417
-0.46393
-0.46350
-0.46326
-0.46271
-0.46249
-0.46176
-0.46155
-0.46075
-0.46036
-0.45963
-0.45901
-0.45831
-0.45752
-0.45676
-0.45575
-0.45502
-0.45383
-0.45294
-0.45172
-0.45047
-0.44937
-0.44778
-0.44656
-0.44485
-0.44336
-0.44150
-0.43988
-0.43768
-0.43597
-0.43347
-0.43155
-0.42889
-0.42661
-0.42386
-0.42114
-0.41833
-0.41528
-0.41217
-0.40900
-0.40555
-0.40213
-0.39847
-0.39468
-0.39096
-0.38684
-0.38287
-0.37851
-0.37430
-0.36978
-0.36526
-0.36050
-0.35583
-0.35083
-0.34592
-0.34079
-0.33554
-0.33026
-0.32483
-0.31927
-0.31375
-0.30795
-0.30215
-0.29626
-0.29022
-0.28418
-0.27789
-0.27170
-0.26523
-0.25888
-0.25223
-0.24561
-0.23889
-0.23206
-0.22519
-0.21823
-0.21109
-0.20410
-0.19675
-0.18958
-0.18216
-0.17474
-0.16736
-0.15967
-0.15219
-0.14444
-0.13672
-0.12903
-0.12112
-0.11331
-0.10541
-0.09744
-0.08945
-0.08148
-0.07336
-0.06540
-0.05728
-0.04913
-0.04102
-0.03299
-0.02475
-0.01669
-0.00854
-0.00031
0.00757
0.01593
0.02383
0.03198
0.04001
0.04797
0.05603
0.06393
0.07181
0.07974
0.08746
0.09531
0.10303
0.11060
0.11835
0.12573
0.13339
0.14059
0.14816
0.15524
0.16260
0.16968
0.17670
0.18369
0.19064
0.19733
0.20419
0.21075
0.21735
0.22382
0.23019
0.23645
0.24274
0.24875
0.25488
0.26068
0.26660
0.27231
0.27795
0.28354
0.28888
0.29440
0.29947
0.30481
0.30975
0.31479
0.31958
0.32446
0.32901
0.33365
0.33817
0.34238
0.34686
0.35080
0.35510
0.35883
0.36292
0.36646
0.37033
0.37369
0.37729
0.38049
0.38388
0.38687
0.39005
0.39291
0.39572
0.39853
0.40103
0.40372
0.40601
0.40851
0.41055
0.41290
0.41483
0.41684
0.41870
0.42053
0.42221
0.42386
0.42542
0.42685
0.42825
0.42963
0.43076
0.43210
0.43307
0.43417
0.43515
0.43610
0.43692
0.43777
0.43848
0.43915
0.43988
0.44037
0.44095
0.44150
0.44180
0.44235
0.44254
0.44302
0.44308
0.44351
0.44348
0.44376
0.44379
0.44385
0.44382
0.44385
0.44366
0.44373
0.44330
0.44342
0.44284
0.44284
0.44235
0.44196
0.44177
0.44098
0.44080
0.43997
0.43961
0.43878
0.43823
0.43735
0.43671
0.43576
0.43497
0.43393
0.43298
0.43188
0.43076
0.42966
0.42831
0.42712
0.42560
0.42435
0.42276
0.42126
0.41956
0.41794
0.41614
0.41437
0.41248
0.41043
0.40851
0.40631
0.40424
0.40198
0.39960
0.39740
0.39468
0.39249
0.38965
0.38721
0.38434
0.38168
0.37875
0.37592
0.37289
0.36993
0.36676
0.36371
0.36041
0.35721
0.35385
0.35052
0.34702
0.34360
0.34000
0.33649
0.33279
0.32910
0.32538
0.32159
0.31775
0.31390
0.31000
0.30597
0.30203
0.29794
0.29391
0.28976
0.28564
0.28137
0.27722
0.27292
0.26868
0.26434
0.25995
0.25565
0.25113
0.24683
0.24228
0.23788
0.23331
0.22888
0.22424
0.21982
0.21515
0.21060
0.20609
0.20135
0.19690
0.19217
0.18759
0.18298
0.17831
0.17374
0.16916
0.16437
0.16000
0.15512
0.15076
0.14603
0.14151
0.13693
0.13239
0.12787
0.12332
0.11884
0.11441
0.10989
0.10556
0.10107
0.09674
0.09244
0.08813
0.08377
0.07971
0.07523
0.07141
0.06702
0.06308
0.05899
0.05499
0.05099
0.04727
0.04312
0.03964
0.03561
0.03201
0.02841
0.02469
0.02124
0.01773
0.01422
0.01096
0.00751
0.00439
0.00104
-0.00195
-0.00516
-0.00806
-0.01111
-0.01392
-0.01682
-0.01950
-0.02222
-0.02484
-0.02740
-0.02988
-0.03235
-0.03461
-0.03702
-0.03909
-0.04132
-0.04343
-0.04532
-0.04739
-0.04916
-0.05096
-0.05276
-0.05429
-0.05597
-0.05746
-0.05887
-0.06030
-0.06152
-0.06274
-0.06400
-0.06494
-0.06610
-0.06693
-0.06784
-0.06866
-0.06931
-0.07007
-0.07059
-0.07114
-0.07159
-0.07196
-0.07224
-0.07257
-0.07263
-0.07281
-0.07285
-0.07278
-0.07269
-0.07260
-0.07224
-0.07208
-0.07166
-0.07120
-0.07080
-0.07016
-0.06967
-0.06885
-0.06821
-0.06738
-0.06653
-0.06564
-0.06461
-0.06360
-0.06256
-0.06134
-0.06018
-0.05887
-0.05762
-0.05624
-0.05481
-0.05331
-0.05188
-0.05014
-0.04877
-0.04688
-0.04526
-0.04358
-0.04150
-0.04004
-0.03775
-0.03616
-0.03387
-0.03210
-0.02988
-0.02789
-0.02573
-0.02350
-0.02142
-0.01901
-0.01694
-0.01453
-0.01215
-0.01001
-0.00729
-0.00525
-0.00250
-0.00021
0.00229
0.00488
0.00723
0.00995
0.01242
0.01495
0.01770
0.02005
0.02295
0.02533
0.02811
0.03067
0.03333
0.03604
0.03857
0.04141
0.04385
0.04666
0.04926
0.05188
0.05466
0.05710
0.05994
0.06238
0.06512
0.06766
0.07025
0.07288
0.07541
0.07794
0.08051
0.08292
0.08557
0.08789
0.09045
0.09274
0.09521
0.09760
0.09988
0.10226
0.10446
0.10678
0.10892
0.11118
0.11331
0.11536
0.11758
0.11942
0.12161
0.12344
0.12540
0.12732
0.12903
0.13101
0.13254
0.13440
0.13599
0.13754
0.13922
0.14059
0.14209
0.14355
0.14481
0.14618
0.14740
0.14850
0.14978
0.15076
0.15182
0.15277
0.15363
0.15451
0.15530
0.15601
0.15668
0.15729
0.15775
0.15836
0.15860
0.15912
0.15921
0.15964
0.15955
0.15982
0.15970
0.15970
0.15961
0.15930
0.15918
0.15869
0.15842
0.15784
0.15735
0.15671
0.15598
0.15530
0.15433
0.15350
0.15253
0.15131
0.15042
0.14893
0.14789
0.14630
0.14505
0.14334
0.14194
0.14001
0.13855
0.13644
0.13477
0.13260
0.13065
0.12842
0.12631
0.12387
0.12161
0.11908
0.11658
0.11395
0.11130
0.10843
0.10574
0.10263
0.09979
0.09659
0.09351
0.09021
0.08701
0.08344
0.08023
0.07642
0.07303
0.06918
0.06555
0.06161
0.05780
0.05374
0.04980
0.04559
0.04147
0.03720
0.03287
0.02853
0.02405
0.01956
0.01501
0.01038
0.00565
0.00101
-0.00397
-0.00867
-0.01367
-0.01862
-0.02362
-0.02863
-0.03375
-0.03885
-0.04407
-0.04932
-0.05460
-0.05981
-0.06528
-0.07056
-0.07605
-0.08148
-0.08694
-0.09238
-0.09805
-0.10336
-0.10922
-0.11450
-0.12030
-0.12579
-0.13147
-0.13705
-0.14273
-0.14832
-0.15393
-0.15970
-0.16510
-0.17099
-0.17642
-0.18213
-0.18768
-0.19327
-0.19891
-0.20438
-0.21005
-0.21533
-0.22107
-0.22632
-0.23187
-0.23721
-0.24249
-0.24792
-0.25308
-0.25836
-0.26358
-0.26859
-0.27390
-0.27875
-0.28387
-0.28879
-0.29367
-0.29865
-0.30331
-0.30820
-0.31284
-0.31750
-0.32214
-0.32663
-0.33112
-0.33563
-0.33981
-0.34430
-0.34836
-0.35269
-0.35663
-0.36081
-0.36462
-0.36862
-0.37234
-0.37616
-0.37973
-0.38342
-0.38681
-0.39035
-0.39352
-0.39691
-0.39999
-0.40308
-0.40613
-0.40891
-0.41183
-0.41446
-0.41711
-0.41965
-0.42206
-0.42447
-0.42670
-0.42886
-0.43097
-0.43295
-0.43491
-0.43671
-0.43848
-0.44016
-0.44174
-0.44330
-0.44470
-0.44617
-0.44739
-0.44876
-0.44980
-0.45108
-0.45203
-0.45316
-0.45404
-0.45502
-0.45581
-0.45667
-0.45746
-0.45819
-0.45883
-0.45953
-0.46011
-0.46066
-0.46133
-0.46167
-0.46231
-0.46259
-0.46317
-0.46341
-0.46390
-0.46417
-0.46448
-0.46478
-0.46509
-0.46521
-0.46555
-0.46570
-0.46585
-0.46609
-0.46609
-0.46634
-0.46631
-0.46652
-0.46646
-0.46655
-0.46658
-0.46652
-0.46658
-0.46646
-0.46649
-0.46634
-0.46628
-0.46613
-0.46603
-0.46579
-0.46573
-0.46539
-0.46527
-0.46494
-0.46472
-0.46432
-0.46408
-0.46368
-0.46326
-0.46292
-0.46237
-0.46191
-0.46140
-0.46082
-0.46021
-0.45953
-0.45889
-0.45807
-0.45734
-0.45645
-0.45551
-0.45462
-0.45349
-0.45245
-0.45129
-0.44995
-0.44873
-0.44727
-0.44574
-0.44427
-0.44241
-0.44080
-0.43881
-0.43686
-0.43472
-0.43259
-0.43018
-0.42780
-0.42517
-0.42255
-0.41965
-0.41690
-0.41357
-0.41064
-0.40720
-0.40378
-0.40033
-0.39648
-0.39285
-0.38879
-0.38489
-0.38058
-0.37646
-0.37195
-0.36752
-0.36292
-0.35815
-0.35333
-0.34839
-0.34338
-0.33817
-0.33307
-0.32751
-0.32220
-0.31659
-0.31097
-0.30521
-0.29935
-0.29346
-0.28735
-0.28131
-0.27502
-0.26871
-0.26242
-0.25574
-0.24942
-0.24249
-0.23599
-0.22900
-0.22214
-0.21527
-0.20798
-0.20114
-0.19363
-0.18658
-0.17911
-0.17175
-0.16425
-0.15677
-0.14905
-0.14157
-0.13370
-0.12607
-0.11819
-0.11041
-0.10248
-0.09460
-0.08661
-0.07864
-0.07068
-0.06262
-0.05457
-0.04651
-0.03845
-0.03036
-0.02234
-0.01416
-0.00623
0.00201
0.00992
0.01807
0.02597
0.03409
0.04193
0.05002
0.05777
0.06580
0.07346
0.08139
0.08899
0.09680
0.10434
0.11194
0.11948
0.12689
0.13431
0.14163
0.14890
0.15601
0.16324
0.17010
0.17722
0.18402
0.19077
0.19763
0.20404
0.21078
0.21713
0.22351
0.22983
0.23596
0.24210
0.24808
0.25406
0.25980
0.26556
0.27124
0.27664
0.28229
0.28748
0.29276
0.29803
0.30292
0.30804
0.31284
0.31754
0.32236
0.32681
0.33142
0.33563
0.34009
0.34406
0.34839
0.35214
0.35623
0.35983
0.36365
0.36716
0.37064
0.37408
0.37729
0.38052
0.38358
0.38660
0.38940
0.39227
0.39496
0.39746
0.40012
0.40231
0.40479
0.40698
0.40897
0.41125
0.41293
0.41504
0.41666
0.41840
0.42004
0.42157
0.42303
0.42444
0.42569
0.42703
0.42810
0.42932
0.43027
0.43134
0.43213
0.43314
0.43381
0.43466
0.43527
0.43588
0.43655
0.43701
0.43750
0.43799
0.43820
0.43881
0.43878
0.43927
0.43930
0.43958
0.43958
0.43973
0.43961
0.43976
0.43951
0.43954
0.43927
0.43915
0.43884
0.43860
0.43820
0.43796
0.43738
0.43701
0.43643
0.43585
0.43533
0.43454
0.43399
0.43304
0.43237
0.43146
0.43054
0.42957
0.42859
0.42740
0.42639
0.42502
0.42392
0.42245
0.42117
0.41968
0.41818
0.41660
0.41495
0.41327
0.41150
0.40967
0.40775
0.40579
0.40378
0.40164
0.39954
0.39722
0.39502
0.39258
0.39020
0.38770
0.38513
0.38257
0.37976
0.37714
0.37427
0.37143
0.36850
0.36548
0.36252
0.35928
0.35629
0.35287
0.34985
0.34628
0.34314
0.33948
0.33624
0.33252
0.32910
0.32535
0.32178
0.31802
0.31430
0.31046
0.30667
0.30270
0.29892
0.29480
0.29089
0.28687
0.28278
0.27866
0.27454
0.27036
0.26617
0.26193
0.25769
0.25339
0.24911
0.24472
0.24045
0.23599
0.23166
0.22723
0.22275
0.21841
0.21384
0.20941
0.20496
0.20041
0.19595
0.19144
0.18692
0.18237
0.17795
0.17328
0.16895
0.16434
0.15982
0.15540
0.15085
0.14639
0.14194
0.13745
0.13306
0.12863
0.12418
0.11990
0.11542
0.11121
0.10681
0.10257
0.09827
0.09412
0.08984
0.08575
0.08163
0.07745
0.07349
0.06946
0.06540
0.06171
0.05746
0.05399
0.04987
0.04639
0.04248
0.03894
0.03531
0.03171
0.02835
0.02469
0.02155
0.01801
0.01483
0.01163
0.00833
0.00546
0.00214
-0.00055
-0.00375
-0.00635
-0.00937
-0.01193
-0.01468
-0.01730
-0.01971
-0.02237
-0.02454
-0.02713
-0.02917
-0.03156
-0.03354
-0.03571
-0.03763
-0.03958
-0.04147
-0.04324
-0.04489
-0.04666
-0.04807
-0.04980
-0.05099
-0.05258
-0.05371
-0.05505
-0.05612
-0.05728
-0.05823
-0.05927
-0.06003
-0.06094
-0.06158
-0.06235
-0.06284
-0.06348
-0.06381
-0.06433
-0.06454
-0.06488
-0.06500
-0.06519
-0.06519
-0.06519
-0.06509
-0.06497
-0.06476
-0.06448
-0.06415
-0.06369
-0.06329
-0.06271
-0.06213
-0.06155
-0.06067
-0.06009
-0.05908
-0.05829
-0.05731
-0.05630
-0.05521
-0.05414
-0.05289
-0.05170
-0.05038
-0.04907
-0.04764
-0.04623
-0.04471
-0.04312
-0.04160
-0.03989
-0.03827
-0.03644
-0.03473
-0.03284
-0.03101
-0.02908
-0.02713
-0.02512
-0.02307
-0.02106
-0.01886
-0.01685
-0.01450
-0.01239
-0.01010
-0.00784
-0.00558
-0.00311
-0.00089
0.00165
0.00388
0.00650
0.00882
0.01147
0.01379
0.01645
0.01892
0.02148
0.02414
0.02658
0.02933
0.03180
0.03455
0.03708
0.03976
0.04236
0.04507
0.04764
0.05035
0.05298
0.05557
0.05832
0.06091
0.06351
0.06622
0.06876
0.07144
0.07404
0.07654
0.07928
0.08167
0.08435
0.08682
0.08932
0.09186
0.09430
0.09677
0.09918
0.10162
0.10394
0.10638
0.10858
0.11102
0.11316
0.11548
0.11765
0.11981
0.12195
0.12405
0.12610
0.12814
0.13013
0.13205
0.13400
0.13580
0.13766
0.13943
0.14114
0.14285
0.14456
0.14594
0.14777
0.14902
0.15063
0.15192
0.15332
0.15457
0.15588
0.15695
0.15820
0.15915
0.16028
0.16119
0.16208
0.16296
0.16370
0.16449
0.16507
0.16580
0.16617
0.16681
0.16714
0.16748
0.16785
0.16797
0.16824
0.16821
0.16837
0.16821
0.16818
0.16794
0.16779
0.16733
0.16714
0.16647
0.16611
0.16547
0.16476
0.16406
0.16321
0.16238
0.16138
0.16040
0.15924
0.15808
0.15686
0.15546
0.15414
0.15262
0.15103
0.14951
0.14767
0.14597
0.14410
0.14215
0.14011
0.13815
0.13577
0.13373
0.13132
0.12891
0.12650
0.12387
0.12128
0.11862
0.11572
0.11301
0.10992
0.10703
0.10388
0.10074
0.09750
0.09415
0.09085
0.08725
0.08386
0.08014
0.07651
0.07272
0.06900
0.06494
0.06113
0.05701
0.05289
0.04886
0.04443
0.04028
0.03583
0.03140
0.02704
0.02231
0.01785
0.01312
0.00833
0.00369
-0.00131
-0.00604
-0.01108
-0.01599
-0.02097
-0.02615
-0.03113
-0.03638
-0.04160
-0.04672
-0.05209
-0.05740
-0.06268
-0.06818
-0.07349
-0.07895
-0.08444
-0.08987
-0.09540
-0.10092
-0.10645
-0.11203
-0.11752
-0.12317
-0.12869
-0.13431
-0.13989
-0.14548
-0.15106
-0.15665
-0.16226
-0.16779
-0.17340
-0.17896
-0.18442
-0.19006
-0.19550
-0.20099
-0.20654
-0.21188
-0.21741
-0.22275
-0.22812
-0.23352
-0.23877
-0.24408
-0.24939
-0.25446
-0.25980
-0.26483
-0.26996
-0.27505
-0.28003
-0.28500
-0.28998
-0.29480
-0.29971
-0.30441
-0.30920
-0.31387
-0.31851
-0.32312
-0.32755
-0.33212
-0.33643
-0.34085
-0.34509
-0.34927
-0.35352
-0.35748
-0.36160
-0.36548
-0.36935
-0.37317
-0.37683
-0.38055
-0.38400
-0.38757
-0.39084
-0.39426
-0.39740
-0.40054
-0.40359
-0.40649
-0.40936
-0.41211
-0.41479
-0.41739
-0.41980
-0.42227
-0.42444
-0.42682
-0.42880
-0.43091
-0.43283
-0.43469
-0.43646
-0.43823
-0.43973
-0.44144
-0.44275
-0.44431
-0.44556
-0.44681
-0.44809
-0.44919
-0.45026
-0.45139
-0.45221
-0.45325
-0.45410
-0.45486
-0.45578
-0.45633
-0.45721
-0.45767
-0.45847
-0.45889
-0.45956
-0.46002
-0.46039
-0.46100
-0.46127
-0.46176
-0.46204
-0.46237
-0.46268
-0.46298
-0.46317
-0.46344
-0.46359
-0.46381
-0.46396
-0.46399
-0.46426
-0.46417
-0.46439
-0.46432
-0.46432
-0.46445
-0.46423
-0.46439
-0.46417
-0.46414
-0.46399
-0.46390
-0.46362
-0.46362
-0.46323
-0.46307
-0.46283
-0.46240
-0.46228
-0.46173
-0.46146
-0.46103
-0.46051
-0.46011
-0.45950
-0.45892
-0.45844
-0.45761
-0.45706
-0.45621
-0.45541
-0.45462
-0.45358
-0.45279
-0.45151
-0.45062
-0.44925
-0.44815
-0.44672
-0.44534
-0.44382
-0.44220
-0.44058
-0.43872
-0.43689
-0.43491
-0.43271
-0.43066
-0.42819
-0.42584
-0.42328
-0.42056
-0.41788
-0.41486
-0.41187
-0.40875
-0.40536
-0.40210
-0.39850
-0.39484
-0.39117
-0.38715
-0.38330
-0.37909
-0.37491
-0.37054
-0.36609
-0.36154
-0.35684
-0.35208
-0.34720
-0.34216
-0.33713
-0.33182
-0.32666
-0.32108
-0.31577
-0.30997
-0.30438
-0.29858
-0.29260
-0.28668
-0.28058
-0.27432
-0.26822
-0.26163
-0.25540
-0.24869
-0.24213
-0.23544
-0.22855
-0.22180
-0.21469
-0.20776
-0.20056
-0.19342
-0.18613
-0.17877
-0.17142
-0.16388
-0.15643
-0.14868
-0.14124
-0.13327
-0.12579
-0.11774
-0.11005
-0.10205
-0.09415
-0.08618
-0.07813
-0.07022
-0.06195
-0.05411
-0.04578
-0.03787
-0.02963
-0.02151
-0.01346
-0.00519
0.00275
0.01099
0.01907
0.02713
0.03522
0.04318
0.05127
0.05920
0.06720
0.07501
0.08298
0.09067
0.09857
0.10617
0.11389
0.12146
0.12909
0.13644
0.14395
0.15128
0.15848
0.16583
0.17282
0.17996
0.18689
0.19382
0.20056
0.20743
0.21390
0.22061
0.22699
0.23343
0.23969
0.24591
0.25198
0.25806
0.26398
0.26981
0.27551
0.28122
0.28674
0.29218
0.29761
0.30280
0.30798
0.31311
0.31799
0.32294
0.32773
0.33224
0.33707
0.34134
0.34583
0.35007
0.35419
0.35834
0.36224
0.36618
0.36981
0.37363
0.37701
0.38058
0.38388
0.38705
0.39035
0.39319
0.39624
0.39902
0.40170
0.40442
0.40683
0.40936
0.41156
0.41391
0.41592
0.41809
0.41995
0.42188
0.42361
0.42532
0.42691
0.42850
0.42993
0.43127
0.43268
0.43375
0.43512
0.43607
0.43719
0.43811
0.43909
0.43988
0.44077
0.44141
0.44223
0.44272
0.44348
0.44391
0.44446
0.44489
0.44534
0.44565
0.44598
0.44632
0.44644
0.44684
0.44678
0.44708
0.44699
0.44724
0.44708
0.44711
0.44708
0.44690
0.44681
0.44662
0.44635
0.44617
0.44583
0.44553
0.44507
0.44476
0.44418
0.44379
0.44318
0.44263
0.44196
0.44128
0.44061
0.43976
0.43906
0.43802
0.43726
0.43616
0.43521
0.43402
0.43301
0.43161
0.43057
0.42905
0.42776
0.42630
0.42474
0.42322
0.42154
0.41983
0.41803
0.41623
0.41425
0.41235
0.41019
0.40820
0.40588
0.40372
0.40137
0.39893
0.39658
0.39389
0.39145
0.38867
0.38602
0.38321
0.38031
0.37744
0.37448
0.37137
0.36838
0.36511
0.36194
0.35873
0.35529
0.35202
0.34854
0.34503
0.34158
0.33789
0.33435
0.33063
0.32693
0.32315
0.31934
0.31552
0.31155
0.30771
0.30365
0.29971
0.29562
0.29156
0.28741
0.28333
0.27908
0.27490
0.27066
0.26645
0.26205
0.25784
0.25339
0.24918
0.24463
0.24039
0.23584
0.23148
0.22702
0.22250
0.21808
0.21359
0.20914
0.20450
0.20016
0.19547
0.19119
0.18646
0.18207
0.17752
0.17300
0.16858
0.16394
0.15964
0.15497
0.15076
0.14606
0.14182
0.13730
0.13297
0.12860
0.12421
0.11990
0.11563
0.11133
0.10712
0.10291
0.09866
0.09464
0.09039
0.08643
0.08234
0.07837
0.07440
0.07050
0.06662
0.06284
0.05899
0.05533
0.05161
0.04797
0.04449
0.04077
0.03754
0.03391
0.03064
0.02740
0.02396
0.02103
0.01764
0.01477
0.01166
0.00870
0.00592
0.00293
0.00031
-0.00244
-0.00507
-0.00760
-0.01016
-0.01251
-0.01495
-0.01718
-0.01947
-0.02155
-0.02374
-0.02567
-0.02768
-0.02954
-0.03134
-0.03308
-0.03482
-0.03632
-0.03793
-0.03934
-0.04074
-0.04208
-0.04330
-0.04446
-0.04565
-0.04657
-0.04764
-0.04846
-0.04932
-0.05008
-0.05072
-0.05139
-0.05188
-0.05240
-0.05273
-0.05319
-0.05331
-0.05365
-0.05365
-0.05380
-0.05377
-0.05371
-0.05356
-0.05338
-0.05307
-0.05280
-0.05237
-0.05188
-0.05139
-0.05078
-0.05017
-0.04944
-0.04865
-0.04782
-0.04688
-0.04611
-0.04483
-0.04404
-0.04266
-0.04169
-0.04028
-0.03912
-0.03769
-0.03635
-0.03491
-0.03329
-0.03192
-0.03015
-0.02863
-0.02686
-0.02518
-0.02328
-0.02164
-0.01953
-0.01776
-0.01578
-0.01376
-0.01175
-0.00964
-0.00751
-0.00540
-0.00320
-0.00101
0.00128
0.00354
0.00586
0.00821
0.01053
0.01300
0.01535
0.01785
0.02023
0.02283
0.02521
0.02789
0.03024
0.03299
0.03540
0.03809
0.04065
0.04327
0.04587
0.04849
0.05118
0.05368
0.05655
0.05893
0.06180
0.06427
0.06705
0.06958
0.07230
0.07486
0.07751
0.08017
0.08267
0.08536
0.08789
0.09045
0.09308
0.09552
0.09811
0.10056
0.10312
0.10547
0.10800
0.11035
0.11279
0.11514
0.11743
0.11984
0.12198
0.12439
0.12643
0.12878
0.13083
0.13300
0.13501
0.13712
0.13910
0.14108
0.14294
0.14490
0.14670
0.14853
0.15021
0.15204
0.15353
0.15540
0.15665
0.15845
0.15976
0.16125
0.16257
0.16394
0.16510
0.16650
0.16745
0.16870
0.16965
0.17068
0.17163
0.17245
0.17328
0.17410
0.17465
0.17548
0.17587
0.17651
0.17685
0.17737
0.17752
0.17795
0.17798
0.17822
0.17822
0.17822
0.17813
0.17804
0.17773
0.17755
0.17712
0.17673
0.17627
0.17563
0.17511
0.17422
0.17368
0.17258
0.17188
0.17072
0.16974
0.16852
0.16736
0.16602
0.16470
0.16315
0.16174
0.16003
0.15848
0.15662
0.15485
0.15289
0.15094
0.14883
0.14679
0.14444
0.14227
0.13977
0.13739
0.13486
0.13223
0.12958
0.12674
0.12396
0.12100
0.11804
0.11493
0.11185
0.10846
0.10535
0.10181
0.09845
0.09488
0.09128
0.08759
0.08383
0.08005
0.07605
0.07227
0.06802
0.06403
0.05975
0.05554
0.05124
0.04681
0.04245
0.03784
0.03342
0.02872
0.02411
0.01932
0.01453
0.00970
0.00461
-0.00009
-0.00543
-0.01019
-0.01556
-0.02057
-0.02594
-0.03110
-0.03650
-0.04184
-0.04718
-0.05276
-0.05801
-0.06378
-0.06906
-0.07483
-0.08026
-0.08594
-0.09155
-0.09720
-0.10287
-0.10846
-0.11429
-0.11984
-0.12561
-0.13132
-0.13699
-0.14273
-0.14841
-0.15411
-0.15982
-0.16553
-0.17114
-0.17688
-0.18243
-0.18820
-0.19370
-0.19937
-0.20490
-0.21051
-0.21597
-0.22153
-0.22696
-0.23242
-0.23788
-0.24316
-0.24860
-0.25381
-0.25919
-0.26434
-0.26959
-0.27466
-0.27985
-0.28485
-0.28992
-0.29483
-0.29980
-0.30460
-0.30951
-0.31421
-0.31891
-0.32361
-0.32819
-0.33270
-0.33725
-0.34155
-0.34598
-0.35025
-0.35443
-0.35864
-0.36264
-0.36673
-0.37051
-0.37451
-0.37814
-0.38193
-0.38550
-0.38898
-0.39246
-0.39575
-0.39899
-0.40216
-0.40521
-0.40817
-0.41104
-0.41382
-0.41644
-0.41913
-0.42151
-0.42395
-0.42627
-0.42838
-0.43066
-0.43253
-0.43454
-0.43640
-0.43811
-0.43988
-0.44141
-0.44299
-0.44443
-0.44583
-0.44717
-0.44830
-0.44971
-0.45056
-0.45193
-0.45264
-0.45386
-0.45456
-0.45557
-0.45627
-0.45709
-0.45779
-0.45847
-0.45905
-0.45975
-0.46024
-0.46082
-0.46124
-0.46173
-0.46216
-0.46252
-0.46298
-0.46323
-0.46359
-0.46390
-0.46408
-0.46442
-0.46457
-0.46481
-0.46490
-0.46515
-0.46521
-0.46530
-0.46548
-0.46542
-0.46552
-0.46558
-0.46542
-0.46561
-0.46539
-0.46545
-0.46530
-0.46527
-0.46509
-0.46497
-0.46478
-0.46463
-0.46432
-0.46417
-0.46381
-0.46353
-0.46320
-0.46277
-0.46246
-0.46188
-0.46155
-0.46094
-0.46039
-0.45987
-0.45911
-0.45853
-0.45773
-0.45697
-0.45618
-0.45514
-0.45441
-0.45313
-0.45230
-0.45096
-0.44983
-0.44849
-0.44711
-0.44562
-0.44409
-0.44238
-0.44073
-0.43875
-0.43689
-0.43481
-0.43253
-0.43045
-0.42783
-0.42545
-0.42276
-0.41992
-0.41718
-0.41400
-0.41101
-0.40762
-0.40433
-0.40073
-0.39716
-0.39337
-0.38947
-0.38556
-0.38126
-0.37720
-0.37277
-0.36826
-0.36377
-0.35895
-0.35428
-0.34924
-0.34433
-0.33908
-0.33395
-0.32852
-0.32318
-0.31747
-0.31204
-0.30603
-0.30048
-0.29428
-0.28842
-0.28214
-0.27603
-0.26959
-0.26328
-0.25674
-0.25009
-0.24347
-0.23663
-0.22980
-0.22293
-0.21579
-0.20880
-0.20151
-0.19431
-0.18695
-0.17960
-0.17209
-0.16452
-0.15698
-0.14920
-0.14163
-0.13373
-0.12598
-0.11804
-0.11011
-0.10220
-0.09409
-0.08621
-0.07791
-0.07001
-0.06174
-0.05365
-0.04550
-0.03723
-0.02914
-0.02087
-0.01270
-0.00449
0.00363
0.01196
0.01993
0.02829
0.03629
0.04437
0.05258
0.06046
0.06854
0.07657
0.08435
0.09235
0.10016
0.10785
0.11563
0.12335
0.13077
0.13855
0.14578
0.15335
0.16055
0.16794
0.17499
0.18219
0.18918
0.19604
0.20309
0.20959
0.21658
0.22290
0.22961
0.23596
0.24228
0.24854
0.25470
0.26071
0.26675
0.27255
0.27832
0.28403
0.28958
0.29514
0.30042
0.30582
0.31085
0.31613
0.32092
0.32602
0.33060
0.33548
0.33990
0.34448
0.34885
0.35309
0.35733
0.36133
0.36533
0.36920
0.37289
0.37662
0.38007
0.38358
0.38681
0.39014
0.39313
0.39624
0.39908
0.40179
0.40469
0.40701
0.40976
0.41196
0.41431
0.41650
0.41861
0.42053
0.42261
0.42422
0.42615
0.42761
0.42938
0.43069
0.43225
0.43350
0.43478
0.43600
0.43716
0.43811
0.43927
0.44006
0.44107
0.44177
0.44269
0.44321
0.44412
0.44449
0.44522
0.44562
0.44623
0.44650
0.44705
0.44724
0.44763
0.44785
0.44809
0.44827
0.44839
0.44849
0.44861
0.44855
0.44861
0.44858
0.44836
0.44846
0.44806
0.44806
0.44772
0.44748
0.44714
0.44684
0.44641
0.44604
0.44543
0.44510
0.44434
0.44394
0.44315
0.44257
0.44174
0.44104
0.44009
0.43933
0.43829
0.43735
0.43628
0.43512
0.43405
0.43274
0.43143
0.43024
0.42856
0.42737
0.42560
0.42410
0.42239
0.42065
0.41879
0.41699
0.41495
0.41299
0.41086
0.40869
0.40649
0.40411
0.40179
0.39935
0.39676
0.39432
0.39148
0.38892
0.38605
0.38318
0.38034
0.37726
0.37433
0.37106
0.36804
0.36475
0.36145
0.35818
0.35464
0.35135
0.34772
0.34424
0.34058
0.33698
0.33319
0.32953
0.32565
0.32181
0.31799
0.31393
0.31009
0.30600
0.30194
0.29785
0.29376
0.28952
0.28543
0.28107
0.27692
0.27252
0.26831
0.26382
0.25961
0.25504
0.25076
0.24619
0.24182
0.23724
0.23282
0.22818
0.22382
0.21909
0.21466
0.21002
0.20541
0.20096
0.19617
0.19177
0.18704
0.18253
0.17789
0.17328
0.16873
0.16412
0.15958
0.15500
0.15045
0.14590
0.14139
0.13690
0.13235
0.12802
0.12338
0.11914
0.11465
0.11026
0.10608
0.10153
0.09747
0.09308
0.08893
0.08481
0.08057
0.07657
0.07242
0.06848
0.06445
0.06058
0.05667
0.05286
0.04901
0.04541
0.04153
0.03812
0.03436
0.03098
0.02744
0.02405
0.02069
0.01740
0.01422
0.01093
0.00797
0.00476
0.00192
-0.00110
-0.00394
-0.00674
-0.00937
-0.01221
-0.01462
-0.01730
-0.01965
-0.02209
-0.02438
-0.02673
-0.02875
-0.03104
-0.03293
-0.03506
-0.03680
-0.03876
-0.04047
-0.04214
-0.04382
-0.04529
-0.04681
-0.04825
-0.04947
-0.05084
-0.05197
-0.05310
-0.05417
-0.05515
-0.05594
-0.05698
-0.05750
-0.05838
-0.05893
-0.05945
-0.06000
-0.06033
-0.06070
-0.06104
-0.06110
-0.06143
-0.06125
-0.06146
-0.06125
-0.06122
-0.06097
-0.06064
-0.06039
-0.05991
-0.05951
-0.05902
-0.05829
-0.05780
-0.05692
-0.05630
-0.05527
-0.05460
-0.05344
-0.05255
-0.05148
-0.05014
-0.04929
-0.04770
-0.04666
-0.04517
-0.04376
-0.04239
-0.04077
-0.03931
-0.03763
-0.03595
-0.03433
-0.03247
-0.03076
-0.02884
-0.02698
-0.02502
-0.02313
-0.02094
-0.01913
-0.01675
-0.01483
-0.01260
-0.01031
-0.00827
-0.00577
-0.00363
-0.00125
0.00113
0.00345
0.00598
0.00824
0.01089
0.01321
0.01581
0.01834
0.02075
0.02350
0.02588
0.02863
0.03113
0.03381
0.03632
0.03909
0.04160
0.04434
0.04700
0.04962
0.05237
0.05490
0.05762
0.06021
0.06287
0.06546
0.06808
0.07068
0.07330
0.07593
0.07849
0.08112
0.08371
0.08630
0.08884
0.09146
0.09390
0.09653
0.09900
0.10144
0.10397
0.10635
0.10876
0.11121
0.11343
0.11591
0.11807
0.12039
0.12259
0.12479
0.12692
0.12903
0.13110
0.13312
0.13513
0.13705
0.13898
0.14078
0.14267
0.14435
0.14612
0.14780
0.14935
0.15103
0.15240
0.15399
0.15536
0.15668
0.15811
0.15921
0.16055
0.16159
0.16275
0.16370
0.16479
0.16559
0.16653
0.16727
0.16800
0.16870
0.16931
0.16983
0.17035
0.17072
0.17117
0.17133
0.17169
0.17175
0.17188
0.17194
0.17181
0.17184
0.17151
0.17139
0.17093
0.17072
0.17010
0.16968
0.16904
0.16833
0.16763
0.16681
0.16589
0.16498
0.16385
0.16284
0.16156
0.16037
0.15900
0.15753
0.15616
0.15448
0.15286
0.15121
0.14926
0.14755
0.14551
0.14343
0.14148
0.13907
0.13702
0.13452
0.13214
0.12967
0.12704
0.12439
0.12173
0.11874
0.11606
0.11285
0.11005
0.10672
0.10364
0.10034
0.09686
0.09363
0.08990
0.08652
0.08270
0.07907
0.07516
0.07138
0.06735
0.06342
0.05917
0.05518
0.05081
0.04660
0.04214
0.03778
0.03326
0.02869
0.02408
0.01935
0.01468
0.00983
0.00497
0.00000
-0.00494
-0.00992
-0.01511
-0.02002
-0.02539
-0.03040
-0.03583
-0.04099
-0.04639
-0.05179
-0.05716
-0.06265
-0.06808
-0.07367
-0.07913
-0.08484
-0.09024
-0.09604
-0.10156
-0.10724
-0.11295
-0.11856
-0.12430
-0.12997
-0.13568
-0.14145
-0.14703
-0.15292
-0.15842
-0.16434
-0.16989
-0.17563
-0.18134
-0.18695
-0.19266
-0.19824
-0.20389
-0.20947
-0.21503
-0.22064
-0.22601
-0.23166
-0.23694
-0.24243
-0.24783
-0.25299
-0.25854
-0.26343
-0.26901
-0.27380
-0.27917
-0.28406
-0.28918
-0.29404
-0.29907
-0.30377
-0.30872
-0.31335
-0.31818
-0.32269
-0.32739
-0.33179
-0.33633
-0.34073
-0.34503
-0.34933
-0.35355
-0.35764
-0.36172
-0.36572
-0.36957
-0.37357
-0.37714
-0.38101
-0.38440
-0.38809
-0.39139
-0.39487
-0.39798
-0.40128
-0.40427
-0.40723
-0.41022
-0.41290
-0.41568
-0.41827
-0.42075
-0.42325
-0.42548
-0.42786
-0.42981
-0.43210
-0.43387
-0.43588
-0.43765
-0.43936
-0.44101
-0.44263
-0.44403
-0.44556
-0.44684
-0.44809
-0.44946
-0.45044
-0.45169
-0.45261
-0.45367
-0.45459
-0.45551
-0.45627
-0.45712
-0.45782
-0.45859
-0.45917
-0.45990
-0.46033
-0.46109
-0.46143
-0.46198
-0.46246
-0.46280
-0.46332
-0.46359
-0.46396
-0.46423
-0.46460
-0.46478
-0.46512
-0.46524
-0.46552
-0.46564
-0.46579
-0.46597
-0.46600
-0.46619
-0.46622
-0.46622
-0.46637
-0.46625
-0.46637
-0.46622
-0.46628
-0.46613
-0.46609
-0.46594
-0.46585
-0.46567
-0.46552
-0.46530
-0.46506
-0.46487
-0.46454
-0.46429
-0.46390
-0.46362
-0.46320
-0.46274
-0.46243
-0.46170
-0.46149
-0.46063
-0.46017
-0.45956
-0.45874
-0.45816
-0.45721
-0.45648
-0.45551
-0.45456
-0.45358
-0.45239
-0.45132
-0.45001
-0.44870
-0.44733
-0.44580
-0.44421
-0.44260
-0.44067
-0.43900
-0.43677
-0.43494
-0.43246
-0.43033
-0.42780
-0.42523
-0.42261
-0.41968
-0.41687
-0.41370
-0.41061
-0.40717
-0.40387
-0.40018
-0.39658
-0.39270
-0.38882
-0.38470
-0.38062
-0.37619
-0.37195
-0.36731
-0.36270
-0.35800
-0.35303
-0.34824
-0.34302
-0.33792
-0.33261
-0.32721
-0.32178
-0.31616
-0.31046
-0.30469
-0.29877
-0.29288
-0.28671
-0.28061
-0.27432
-0.26788
-0.26163
-0.25488
-0.24847
-0.24158
-0.23486
-0.22803
-0.22095
-0.21411
-0.20673
-0.19980
-0.19232
-0.18512
-0.17761
-0.17020
-0.16263
-0.15503
-0.14740
-0.13959
-0.13193
-0.12402
-0.11618
-0.10834
-0.10025
-0.09241
-0.08426
-0.07639
-0.06808
-0.06024
-0.05188
-0.04401
-0.03568
-0.02759
-0.01950
-0.01126
-0.00317
0.00494
0.01312
0.02118
0.02924
0.03745
0.04529
0.05347
0.06125
0.06937
0.07709
0.08511
0.09274
0.10059
0.10828
0.11584
0.12350
0.13092
0.13849
0.14575
0.15317
0.16031
0.16754
0.17459
0.18161
0.18860
0.19531
0.20224
0.20877
0.21545
0.22192
0.22839
0.23459
0.24103
0.24695
0.25317
0.25906
0.26489
0.27078
0.27628
0.28204
0.28738
0.29288
0.29810
0.30331
0.30841
0.31342
0.31830
0.32312
0.32779
0.33243
0.33688
0.34134
0.34555
0.34988
0.35385
0.35791
0.36179
0.36554
0.36929
0.37283
0.37631
0.37970
0.38290
0.38623
0.38907
0.39230
0.39487
0.39789
0.40036
0.40308
0.40540
0.40787
0.41010
0.41226
0.41440
0.41635
0.41821
0.42017
0.42175
0.42352
0.42505
0.42651
0.42801
0.42929
0.43060
0.43173
0.43298
0.43390
0.43503
0.43594
0.43683
0.43771
0.43839
0.43924
0.43976
0.44058
0.44092
0.44162
0.44196
0.44244
0.44284
0.44312
0.44342
0.44366
0.44376
0.44409
0.44397
0.44424
0.44403
0.44415
0.44403
0.44394
0.44379
0.44357
0.44333
0.44305
0.44281
0.44232
0.44208
0.44147
0.44113
0.44049
0.43994
0.43936
0.43863
0.43796
0.43726
0.43628
0.43564
0.43454
0.43372
0.43256
0.43164
0.43036
0.42926
0.42798
0.42667
0.42526
0.42395
0.42227
0.42093
0.41907
0.41760
0.41568
0.41394
0.41205
0.41000
0.40814
0.40588
0.40384
0.40155
0.39923
0.39697
0.39441
0.39200
0.38940
0.38675
0.38416
0.38120
0.37860
0.37552
0.37271
0.36960
0.36661
0.36340
0.36029
0.35699
0.35367
0.35037
0.34695
0.34341
0.34006
0.33627
0.33286
0.32901
0.32550
0.32150
0.31799
0.31381
0.31015
0.30612
0.30219
0.29816
0.29413
0.28992
0.28598
0.28165
0.27759
0.27325
0.26904
0.26477
0.26041
0.25610
0.25171
0.24731
0.24292
0.23843
0.23404
0.22946
0.22507
0.22046
0.21603
0.21140
0.20694
0.20230
0.19778
0.19318
0.18863
0.18405
0.17944
0.17490
0.17026
0.16574
0.16116
0.15656
0.15207
0.14746
0.14297
0.13846
0.13394
0.12943
0.12503
0.12051
0.11621
0.11166
0.10742
0.10300
0.09869
0.09451
0.09009
0.08603
0.08173
0.07767
0.07355
0.06943
0.06549
0.06137
0.05762
0.05353
0.04990
0.04584
0.04233
0.03851
0.03482
0.03140
0.02759
0.02438
0.02075
0.01749
0.01410
0.01093
0.00763
0.00458
0.00143
-0.00153
-0.00452
-0.00735
-0.01025
-0.01291
-0.01575
-0.01819
-0.02097
-0.02322
-0.02582
-0.02814
-0.03036
-0.03268
-0.03470
-0.03693
-0.03879
-0.04089
-0.04260
-0.04453
-0.04620
-0.04782
-0.04950
-0.05093
-0.05243
-0.05380
-0.05505
-0.05634
-0.05743
-0.05862
-0.05951
-0.06058
-0.06134
-0.06223
-0.06296
-0.06354
-0.06421
-0.06476
-0.06506
-0.06567
-0.06573
-0.06622
-0.06619
-0.06650
-0.06631
-0.06653
-0.06622
-0.06625
-0.06586
-0.06567
-0.06528
-0.06488
-0.06442
-0.06375
-0.06332
-0.06244
-0.06195
-0.06094
-0.06021
-0.05920
-0.05838
-0.05710
-0.05634
-0.05487
-0.05386
-0.05258
-0.05112
-0.05002
-0.04831
-0.04709
-0.04538
-0.04391
-0.04227
-0.04053
-0.03897
-0.03696
-0.03543
-0.03336
-0.03159
-0.02960
-0.02759
-0.02560
-0.02350
-0.02148
-0.01926
-0.01718
-0.01483
-0.01273
-0.01035
-0.00818
-0.00568
-0.00345
-0.00098
0.00143
0.00378
0.00638
0.00879
0.01129
0.01392
0.01633
0.01901
0.02151
0.02414
0.02673
0.02942
0.03195
0.03470
0.03723
0.03995
0.04263
0.04526
0.04794
0.05060
0.05328
0.05591
0.05862
0.06128
0.06384
0.06662
0.06915
0.07184
0.07443
0.07700
0.07965
0.08221
0.08469
0.08737
0.08972
0.09238
0.09479
0.09717
0.09979
0.10199
0.10452
0.10684
0.10910
0.11151
0.11368
0.11597
0.11816
0.12033
0.12244
0.12460
0.12656
0.12872
0.13055
0.13260
0.13443
0.13635
0.13812
0.13992
0.14157
0.14334
0.14487
0.14658
0.14801
0.14951
0.15094
0.15234
0.15353
0.15506
0.15601
0.15738
0.15833
0.15948
0.16040
0.16141
0.16217
0.16312
0.16379
0.16449
0.16513
0.16574
0.16617
0.16669
0.16696
0.16739
0.16757
0.16782
0.16782
0.16800
0.16788
0.16782
0.16772
0.16742
0.16638
0.16522
0.16388
0.16272
0.16147
0.15982
0.15857
0.15689
0.15533
0.15375
0.15207
0.15012
0.14853
0.14645
0.14471
0.14243
0.14072
0.13831
0.13647
0.13397
0.13190
0.12939
0.12729
0.12466
0.12228
0.11975
0.11728
0.11441
0.11221
0.10901
0.10669
0.10367
0.10083
0.09818
0.09506
0.09219
0.08932
0.08600
0.08337
0.07990
0.07697
0.07376
0.07065
0.06723
0.06424
0.06079
0.05750
0.05432
0.05066
0.04767
0.04395
0.04074
0.03726
0.03357
0.03055
0.02655
0.02359
0.01959
0.01633
0.01279
0.00903
0.00598
0.00177
-0.00119
-0.00528
-0.00839
-0.01224
-0.01556
-0.01923
-0.02283
-0.02612
-0.02994
-0.03311
-0.03699
-0.04019
-0.04382
-0.04718
-0.05072
-0.05408
-0.05750
-0.06097
-0.06412
-0.06769
-0.07077
-0.07413
-0.07758
-0.08038
-0.08408
-0.08667
-0.09027
-0.09302
-0.09628
-0.09912
-0.10229
-0.10501
-0.10803
-0.11087
-0.11353
-0.11658
-0.11902
-0.12186
-0.12439
-0.12704
-0.12949
-0.13208
-0.13446
-0.13687
-0.13916
-0.14151
-0.14374
-0.14594
-0.14807
-0.15009
-0.15228
-0.15421
-0.15601
-0.15814
-0.15970
-0.16177
-0.16324
-0.16510
-0.16653
-0.16833
-0.16965
-0.17126
-0.17255
-0.17395
-0.17526
-0.17648
-0.17767
-0.17883
-0.17987
-0.18100
-0.18176
-0.18298
-0.18356
-0.18463
-0.18521
-0.18591
-0.18665
-0.18704
-0.18774
-0.18808
-0.18854
-0.18884
-0.18918
-0.18933
-0.18961
-0.18967
-0.18982
-0.18979
-0.18979
-0.18967
-0.18970
-0.18933
-0.18930
-0.18893
-0.18866
-0.18835
-0.18805
-0.18738
-0.18732
-0.18643
-0.18628
-0.18546
-0.18503
-0.18442
-0.18372
-0.18317
-0.18237
-0.18170
-0.18109
-0.18018
-0.17957
-0.17871
-0.17795
-0.17709
-0.17636
-0.17535
-0.17477
-0.17368
-0.17294
-0.17200
-0.17114
-0.17026
-0.16937
-0.16833
-0.16766
-0.16641
-0.16586
-0.16458
-0.16391
-0.16278
-0.16196
-0.16092
-0.16006
-0.15900
-0.15814
-0.15710
-0.15619
-0.15524
-0.15424
-0.15323
-0.15240
-0.15115
-0.15057
-0.14923
-0.14850
-0.14737
-0.14645
-0.14545
-0.14453
-0.14346
-0.14243
-0.14163
-0.14038
-0.13965
-0.13843
-0.13757
-0.13644
-0.13559
-0.13437
-0.13354
-0.13242
-0.13141
-0.13040
-0.12930
-0.12836
-0.12717
-0.12625
-0.12506
-0.12405
-0.12296
-0.12183
-0.12082
-0.11954
-0.11859
-0.11725
-0.11627
-0.11499
-0.11386
-0.11264
-0.11142
-0.11023
-0.10883
-0.10782
-0.10626
-0.10522
-0.10376
-0.10233
-0.10126
-0.09955
-0.09848
-0.09683
-0.09561
-0.09396
-0.09274
-0.09106
-0.08981
-0.08807
-0.08679
-0.08514
-0.08365
-0.08224
-0.08044
-0.07916
-0.07739
-0.07599
-0.07434
-0.07281
-0.07114
-0.06967
-0.06799
-0.06650
-0.06482
-0.06329
-0.06155
-0.06024
-0.05832
-0.05698
-0.05524
-0.05365
-0.05215
-0.05051
-0.04889
-0.04736
-0.04568
-0.04422
-0.04260
-0.04108
-0.03937
-0.03799
-0.03632
-0.03482
-0.03329
-0.03174
-0.03021
-0.02875
-0.02716
-0.02573
-0.02432
-0.02267
-0.02136
-0.01984
-0.01843
-0.01706
-0.01556
-0.01425
-0.01282
-0.01144
-0.01019
-0.00873
-0.00754
-0.00620
-0.00482
-0.00375
-0.00232
-0.00125
0.00006
0.00122
0.00229
0.00360
0.00455
0.00580
0.00674
0.00790
0.00885
0.01001
0.01077
0.01196
0.01273
0.01379
0.01459
0.01556
0.01627
0.01730
0.01791
0.01880
0.01959
0.02026
0.02097
0.02182
0.02225
0.02313
0.02359
0.02429
0.02481
0.02545
0.02591
0.02649
0.02695
0.02744
0.02792
0.02829
0.02884
0.02905
0.02957
0.02988
0.03021
0.03058
0.03085
0.03110
0.03143
0.03165
0.03192
0.03204
0.03241
0.03235
0.03281
0.03271
0.03302
0.03302
0.03320
0.03323
0.03339
0.03342
0.03348
0.03348
0.03354
0.03351
0.03360
0.03345
0.03360
0.03333
0.03357
0.03323
0.03336
0.03317
0.03311
0.03305
0.03290
0.03278
0.03265
0.03259
0.03229
0.03238
0.03189
0.03214
0.03156
0.03168
0.03137
0.03116
0.03107
0.03082
0.03055
0.03046
0.03018
0.02997
0.02985
0.02945
0.02939
0.02905
0.02890
0.02863
0.02844
0.02811
0.02798
0.02765
0.02750
0.02719
0.02701
0.02670
0.02646
0.02631
0.02594
0.02579
0.02548
0.02524
0.02505
0.02472
0.02457
0.02417
0.02408
0.02377
0.02347
0.02332
0.02301
0.02274
0.02258
0.02222
0.02203
0.02179
0.02155
0.02124
0.02109
0.02066
0.02066
0.02017
0.02011
0.01974
0.01953
0.01932
0.01898
0.01883
0.01849
0.01837
0.01794
0.01788
0.01743
0.01743
0.01694
0.01688
0.01651
0.01630
0.01611
0.01572
0.01563
0.01529
0.01508
0.01483
0.01456
0.01434
0.01407
0.01392
0.01352
0.01346
0.01303
0.01297
0.01260
0.01245
0.01218
0.01190
0.01181
0.01141
0.01129
0.01102
0.01080
0.01059
0.01038
0.01010
0.00995
0.00967
0.00949
0.00928
0.00906
0.00882
0.00873
0.00830
0.00842
0.00784
0.00800
0.00754
0.00754
0.00717
0.00717
0.00677
0.00684
0.00641
0.00641
0.00613
0.00601
0.00583
0.00562
0.00552
0.00531
0.00519
0.00497
0.00485
0.00470
0.00452
0.00446
0.00421
0.00412
0.00397
0.00381
0.00372
0.00354
0.00345
0.00330
0.00320
0.00308
0.00287
0.00290
0.00262
0.00272
0.00238
0.00250
0.00214
0.00229
0.00201
0.00201
0.00192
0.00171
0.00180
0.00150
0.00168
0.00137
0.00137
0.00134
0.00116
0.00119
0.00104
0.00104
0.00092
0.00092
0.00079
0.00076
0.00070
0.00064
0.00055
0.00061
0.00040
0.00058
0.00024
0.00046
0.00024
0.00027
0.00024
0.00015
0.00021
0.00006
0.00012
0.00003
0.00000
0.00006
-0.00009
-0.00003
-0.00009
-0.00009
-0.00012
-0.00015
-0.00018
-0.00015
-0.00021
-0.00021
-0.00021
-0.00027
-0.00024
-0.00021
-0.00037
-0.00021
-0.00034
-0.00031
-0.00024
-0.00037
-0.00031
-0.00031
-0.00037
-0.00031
-0.00034
-0.00031
-0.00037
-0.00031
-0.00040
-0.00024
-0.00043
-0.00024
-0.00040
-0.00031
-0.00031
-0.00034
-0.00034
-0.00027
-0.00037
-0.00021
-0.00040
-0.00018
-0.00040
-0.00018
-0.00034
-0.00021
-0.00031
-0.00024
-0.00021
-0.00031
-0.00015
-0.00034
-0.00012
-0.00031
-0.00012
-0.00027
-0.00015
-0.00021
-0.00015
-0.00021
-0.00012
-0.00021
-0.00009
-0.00018
-0.00012
-0.00015
-0.00009
-0.00015
-0.00006
-0.00012
-0.00012
-0.00006
-0.00009
-0.00009
-0.00003
-0.00009
-0.00006
-0.00003
-0.00006
-0.00006
0.00000
-0.00003
-0.00006
0.00006
-0.00012
0.00009
-0.00009
0.00006
-0.00003
0.00000
0.00006
-0.00006
0.00009
-0.00006
0.00009
-0.00003
0.00009
0.00000
0.00003
0.00003
0.00009
0.00000
0.00006
0.00006
0.00003
0.00009
0.00003
0.00006
0.00006
0.00006
0.00006
0.00006
0.00009
0.00000
0.00015
-0.00003
0.00015
0.00000
0.00009
0.00009
0.00000
0.00018
-0.00006
0.00015
0.00003
0.00006
0.00009
0.00009
-0.00003
0.00018
-0.00006
0.00018
0.00000
0.00006
0.00006
0.00009
0.00000
0.00018
-0.00012
0.00021
-0.00003
0.00006
0.00012
-0.00006
0.00015
0.00000
0.00006
0.00006
0.00000
0.00012
-0.00003
0.00009
0.00003
0.00003
0.00009
-0.00006
0.00015
-0.00006
0.00012
-0.00003
0.00006
0.00003
0.00003
0.00003
0.00003
0.00000
0.00009
-0.00006
0.00012
-0.00006
0.00009
0.00000
0.00000
0.00006
-0.00003
0.00006
0.00000
0.00003
0.00003
-0.00003
0.00003
0.00000
0.00003
0.00003
0.00000
0.00000
0.00000
0.00000
0.00006
-0.00003
0.00006
-0.00006
0.00003
0.00003
-0.00003
0.00006
-0.00006
0.00006
-0.00003
0.00003
-0.00003
0.00003
0.00000
0.00000
0.00003
-0.00006
0.00006
-0.00006
0.00006
0.00000
-0.00003
0.00003
-0.00003
0.00000
0.00003
0.00000
-0.00006
0.00012
-0.00015
0.00015
-0.00009
0.00000
0.00006
-0.00009
0.00012
-0.00009
0.00003
0.00000
-0.00003
0.00006
-0.00003
0.00000
0.00003
-0.00006
0.00003
0.00003
-0.00006
0.00006
-0.00003
-0.00003
0.00006
-0.00006
0.00006
-0.00006
0.00003
0.00000
0.00000
0.00000
0.00000
-0.00003
0.00006
-0.00006
0.00006
-0.00006
0.00003
0.00000
-0.00003
0.00006
-0.00006
0.00003
0.00000
