0.00006
-0.00012
0.00012
-0.00009
0.00006
-0.00003
0.00003
-0.00006
0.00006
-0.00006
0.00009
-0.00006
0.00003
-0.00006
0.00006
-0.00003
0.00003
-0.00003
0.00000
0.00006
-0.00012
0.00015
-0.00015
0.00015
-0.00015
0.00012
-0.00006
0.00003
-0.00003
0.00003
-0.00003
0.00006
-0.00006
0.00003
0.00000
-0.00006
0.00012
-0.00012
0.00009
-0.00006
0.00003
-0.00003
0.00003
0.00000
-0.00003
-0.00214
-0.00250
-0.00122
0.00040
0.00153
0.00165
0.00095
-0.00052
-0.00241
-0.00455
-0.00653
-0.00867
-0.01013
-0.01181
-0.01306
-0.01398
-0.01517
-0.01572
-0.01660
-0.01709
-0.01773
-0.01813
-0.01855
-0.01883
-0.01920
-0.01917
-0.01950
-0.01929
-0.01947
-0.01913
-0.01920
-0.01874
-0.01862
-0.01810
-0.01791
-0.01727
-0.01697
-0.01630
-0.01590
-0.01520
-0.01471
-0.01401
-0.01346
-0.01276
-0.01208
-0.01151
-0.01086
-0.01004
-0.00967
-0.00876
-0.00833
-0.00766
-0.00705
-0.00656
-0.00592
-0.00558
-0.00500
-0.00461
-0.00421
-0.00388
-0.00363
-0.00330
-0.00320
-0.00296
-0.00293
-0.00290
-0.00290
-0.00308
-0.00308
-0.00348
-0.00366
-0.00409
-0.00452
-0.00500
-0.00562
-0.00629
-0.00696
-0.00790
-0.00867
-0.00967
-0.01080
-0.01178
-0.01318
-0.01431
-0.01578
-0.01727
-0.01865
-0.02051
-0.02191
-0.02399
-0.02563
-0.02771
-0.02963
-0.03180
-0.03394
-0.03619
-0.03851
-0.04095
-0.04333
-0.04599
-0.04843
-0.05130
-0.05392
-0.05673
-0.05975
-0.06241
-0.06567
-0.06860
-0.07178
-0.07486
-0.07809
-0.08142
-0.08459
-0.08817
-0.09134
-0.09491
-0.09830
-0.10187
-0.10535
-0.10895
-0.11252
-0.11612
-0.11969
-0.12350
-0.12686
-0.13092
-0.13416
-0.13821
-0.14163
-0.14551
-0.14896
-0.15274
-0.15640
-0.15991
-0.16367
-0.16718
-0.17062
-0.17441
-0.17767
-0.18127
-0.18463
-0.18805
-0.19135
-0.19473
-0.19791
-0.20102
-0.20432
-0.20721
-0.21042
-0.21317
-0.21622
-0.21884
-0.22171
-0.22430
-0.22690
-0.22940
-0.23175
-0.23413
-0.23633
-0.23849
-0.24048
-0.24252
-0.24429
-0.24603
-0.24768
-0.24930
-0.25058
-0.25201
-0.25320
-0.25418
-0.25531
-0.25604
-0.25687
-0.25735
-0.25800
-0.25821
-0.25851
-0.25867
-0.25848
-0.25851
-0.25809
-0.25769
-0.25723
-0.25638
-0.25568
-0.25461
-0.25351
-0.25232
-0.25079
-0.24942
-0.24750
-0.24591
-0.24371
-0.24176
-0.23941
-0.23697
-0.23447
-0.23172
-0.22882
-0.22589
-0.22263
-0.21939
-0.21591
-0.21231
-0.20844
-0.20468
-0.20050
-0.19623
-0.19196
-0.18726
-0.18265
-0.17780
-0.17276
-0.16763
-0.16238
-0.15683
-0.15146
-0.14563
-0.13983
-0.13397
-0.12781
-0.12164
-0.11545
-0.10886
-0.10260
-0.09579
-0.08926
-0.08234
-0.07556
-0.06845
-0.06161
-0.05426
-0.04724
-0.03992
-0.03268
-0.02533
-0.01791
-0.01059
-0.00299
0.00424
0.01193
0.01926
0.02682
0.03436
0.04178
0.04944
0.05673
0.06439
0.07172
0.07922
0.08673
0.09402
0.10150
0.10886
0.11618
0.12350
0.13077
0.13806
0.14529
0.15244
0.15961
0.16663
0.17377
0.18079
0.18765
0.19470
0.20142
0.20837
0.21503
0.22174
0.22845
0.23489
0.24158
0.24792
0.25436
0.26065
0.26688
0.27304
0.27921
0.28516
0.29111
0.29697
0.30267
0.30844
0.31393
0.31952
0.32480
0.33023
0.33527
0.34055
0.34534
0.35040
0.35498
0.35971
0.36426
0.36859
0.37296
0.37704
0.38104
0.38504
0.38864
0.39240
0.39575
0.39917
0.40228
0.40533
0.40833
0.41098
0.41364
0.41611
0.41840
0.42072
0.42264
0.42474
0.42636
0.42822
0.42969
0.43121
0.43256
0.43378
0.43484
0.43576
0.43689
0.43762
0.43835
0.43912
0.43958
0.44012
0.44049
0.44070
0.44104
0.44110
0.44116
0.44113
0.44107
0.44083
0.44061
0.44022
0.43979
0.43930
0.43863
0.43808
0.43713
0.43634
0.43539
0.43420
0.43317
0.43173
0.43048
0.42886
0.42728
0.42557
0.42358
0.42172
0.41943
0.41733
0.41479
0.41235
0.40961
0.40683
0.40384
0.40073
0.39761
0.39401
0.39066
0.38690
0.38312
0.37927
0.37503
0.37103
0.36655
0.36221
0.35760
0.35297
0.34814
0.34329
0.33817
0.33322
0.32782
0.32269
0.31714
0.31165
0.30621
0.30032
0.29471
0.28873
0.28290
0.27686
0.27081
0.26462
0.25833
0.25220
0.24567
0.23941
0.23282
0.22641
0.21973
0.21317
0.20648
0.19968
0.19312
0.18619
0.17941
0.17264
0.16562
0.15887
0.15189
0.14499
0.13812
0.13104
0.12418
0.11731
0.11023
0.10349
0.09647
0.08954
0.08279
0.07584
0.06906
0.06229
0.05551
0.04880
0.04214
0.03549
0.02902
0.02231
0.01611
0.00946
0.00333
-0.00311
-0.00919
-0.01532
-0.02145
-0.02731
-0.03323
-0.03909
-0.04468
-0.05045
-0.05585
-0.06134
-0.06662
-0.07193
-0.07697
-0.08209
-0.08688
-0.09180
-0.09637
-0.10101
-0.10553
-0.10977
-0.11411
-0.11804
-0.12222
-0.12595
-0.12976
-0.13336
-0.13675
-0.14029
-0.14334
-0.14655
-0.14951
-0.15228
-0.15506
-0.15759
-0.15997
-0.16245
-0.16443
-0.16660
-0.16843
-0.17026
-0.17181
-0.17337
-0.17471
-0.17593
-0.17706
-0.17786
-0.17896
-0.17935
-0.18005
-0.18051
-0.18054
-0.18100
-0.18076
-0.18073
-0.18054
-0.17993
-0.17963
-0.17883
-0.17804
-0.17725
-0.17593
-0.17511
-0.17349
-0.17218
-0.17075
-0.16876
-0.16730
-0.16513
-0.16315
-0.16098
-0.15869
-0.15625
-0.15378
-0.15109
-0.14838
-0.14545
-0.14258
-0.13937
-0.13629
-0.13293
-0.12958
-0.12604
-0.12247
-0.11880
-0.11496
-0.11115
-0.10712
-0.10315
-0.09891
-0.09482
-0.09039
-0.08609
-0.08163
-0.07712
-0.07254
-0.06778
-0.06323
-0.05832
-0.05356
-0.04865
-0.04370
-0.03876
-0.03369
-0.02859
-0.02356
-0.01834
-0.01321
-0.00809
-0.00272
0.00235
0.00781
0.01297
0.01822
0.02365
0.02872
0.03427
0.03934
0.04477
0.04996
0.05524
0.06049
0.06567
0.07083
0.07611
0.08109
0.08627
0.09131
0.09628
0.10135
0.10611
0.11118
0.11581
0.12064
0.12534
0.12988
0.13458
0.13892
0.14349
0.14761
0.15210
0.15607
0.16037
0.16418
0.16821
0.17203
0.17566
0.17947
0.18280
0.18637
0.18958
0.19287
0.19595
0.19894
0.20175
0.20468
0.20709
0.20984
0.21210
0.21442
0.21652
0.21866
0.22037
0.22232
0.22375
0.22540
0.22668
0.22794
0.22891
0.23001
0.23065
0.23135
0.23187
0.23215
0.23239
0.23251
0.23221
0.23215
0.23151
0.23123
0.23022
0.22952
0.22833
0.22720
0.22580
0.22427
0.22250
0.22070
0.21860
0.21643
0.21396
0.21164
0.20856
0.20596
0.20267
0.19958
0.19611
0.19250
0.18863
0.18469
0.18042
0.17603
0.17120
0.16656
0.16125
0.15613
0.15054
0.14505
0.13904
0.13281
0.12662
0.12021
0.11377
0.10715
0.10040
0.09351
0.08649
0.07941
0.07202
0.06497
0.05734
0.05023
0.04254
0.03519
0.02771
0.02020
0.01266
0.00525
-0.00241
-0.00964
-0.01733
-0.02460
-0.03207
-0.03943
-0.04672
-0.05411
-0.06119
-0.06854
-0.07559
-0.08261
-0.08978
-0.09659
-0.10361
-0.11041
-0.11719
-0.12393
-0.13068
-0.13708
-0.14383
-0.15012
-0.15668
-0.16296
-0.16922
-0.17557
-0.18155
-0.18790
-0.19366
-0.19995
-0.20560
-0.21173
-0.21741
-0.22330
-0.22888
-0.23468
-0.24030
-0.24582
-0.25143
-0.25681
-0.26242
-0.26770
-0.27310
-0.27847
-0.28360
-0.28897
-0.29413
-0.29919
-0.30441
-0.30936
-0.31439
-0.31946
-0.32419
-0.32919
-0.33401
-0.33865
-0.34354
-0.34805
-0.35269
-0.35730
-0.36169
-0.36627
-0.37030
-0.37503
-0.37875
-0.38327
-0.38705
-0.39114
-0.39484
-0.39877
-0.40228
-0.40601
-0.40921
-0.41275
-0.41580
-0.41901
-0.42191
-0.42480
-0.42749
-0.43008
-0.43259
-0.43497
-0.43713
-0.43933
-0.44131
-0.44321
-0.44504
-0.44669
-0.44827
-0.44971
-0.45135
-0.45236
-0.45383
-0.45483
-0.45602
-0.45700
-0.45795
-0.45883
-0.45972
-0.46042
-0.46115
-0.46188
-0.46240
-0.46310
-0.46353
-0.46408
-0.46454
-0.46490
-0.46539
-0.46564
-0.46609
-0.46628
-0.46661
-0.46680
-0.46701
-0.46729
-0.46735
-0.46753
-0.46759
-0.46777
-0.46765
-0.46793
-0.46771
-0.46783
-0.46777
-0.46765
-0.46771
-0.46741
-0.46747
-0.46713
-0.46701
-0.46686
-0.46652
-0.46628
-0.46606
-0.46542
-0.46542
-0.46472
-0.46448
-0.46378
-0.46344
-0.46265
-0.46219
-0.46140
-0.46057
-0.45996
-0.45889
-0.45804
-0.45694
-0.45593
-0.45459
-0.45343
-0.45203
-0.45041
-0.44901
-0.44696
-0.44543
-0.44324
-0.44113
-0.43887
-0.43640
-0.43369
-0.43112
-0.42786
-0.42499
-0.42151
-0.41806
-0.41428
-0.41055
-0.40634
-0.40213
-0.39774
-0.39310
-0.38834
-0.38342
-0.37823
-0.37305
-0.36755
-0.36203
-0.35626
-0.35049
-0.34433
-0.33835
-0.33194
-0.32568
-0.31903
-0.31244
-0.30566
-0.29868
-0.29178
-0.28445
-0.27740
-0.26978
-0.26251
-0.25470
-0.24713
-0.23917
-0.23141
-0.22311
-0.21527
-0.20673
-0.19864
-0.19009
-0.18158
-0.17300
-0.16437
-0.15546
-0.14682
-0.13773
-0.12888
-0.11978
-0.11075
-0.10165
-0.09232
-0.08331
-0.07385
-0.06476
-0.05545
-0.04593
-0.03693
-0.02731
-0.01813
-0.00885
0.00061
0.00967
0.01920
0.02817
0.03766
0.04645
0.05591
0.06467
0.07385
0.08273
0.09155
0.10031
0.10916
0.11761
0.12637
0.13461
0.14310
0.15134
0.15952
0.16760
0.17545
0.18344
0.19107
0.19876
0.20624
0.21365
0.22089
0.22809
0.23505
0.24200
0.24881
0.25543
0.26196
0.26837
0.27469
0.28070
0.28696
0.29260
0.29858
0.30405
0.30969
0.31494
0.32028
0.32541
0.33029
0.33530
0.33987
0.34457
0.34900
0.35336
0.35754
0.36160
0.36566
0.36926
0.37317
0.37653
0.38010
0.38330
0.38647
0.38956
0.39240
0.39520
0.39786
0.40045
0.40271
0.40518
0.40720
0.40933
0.41132
0.41302
0.41489
0.41641
0.41797
0.41940
0.42075
0.42200
0.42300
0.42413
0.42505
0.42603
0.42682
0.42752
0.42825
0.42871
0.42932
0.42966
0.43008
0.43027
0.43054
0.43073
0.43073
0.43079
0.43076
0.43060
0.43051
0.43021
0.42996
0.42950
0.42917
0.42862
0.42813
0.42740
0.42676
0.42609
0.42511
0.42429
0.42337
0.42215
0.42130
0.41992
0.41876
0.41739
0.41602
0.41449
0.41302
0.41125
0.40961
0.40790
0.40582
0.40408
0.40189
0.39996
0.39755
0.39545
0.39307
0.39059
0.38821
0.38550
0.38290
0.38025
0.37732
0.37460
0.37152
0.36865
0.36539
0.36252
0.35901
0.35602
0.35251
0.34924
0.34576
0.34216
0.33881
0.33499
0.33157
0.32764
0.32404
0.32019
0.31631
0.31256
0.30856
0.30457
0.30063
0.29660
0.29251
0.28845
0.28427
0.28018
0.27600
0.27176
0.26761
0.26334
0.25903
0.25479
0.25055
0.24622
0.24191
0.23761
0.23322
0.22906
0.22455
0.22040
0.21597
0.21161
0.20749
0.20303
0.19879
0.19455
0.19028
0.18604
0.18185
0.17761
0.17349
0.16934
0.16522
0.16116
0.15714
0.15311
0.14914
0.14526
0.14124
0.13763
0.13361
0.13004
0.12625
0.12265
0.11899
0.11560
0.11197
0.10864
0.10529
0.10196
0.09882
0.09555
0.09253
0.08954
0.08649
0.08374
0.08078
0.07822
0.07544
0.07288
0.07043
0.06790
0.06573
0.06326
0.06128
0.05899
0.05713
0.05515
0.05331
0.05151
0.04987
0.04825
0.04684
0.04529
0.04416
0.04269
0.04172
0.04056
0.03964
0.03876
0.03793
0.03723
0.03665
0.03604
0.03571
0.03525
0.03506
0.03482
0.03476
0.03476
0.03482
0.03497
0.03531
0.03549
0.03610
0.03638
0.03720
0.03769
0.03848
0.03940
0.04013
0.04126
0.04230
0.04333
0.04471
0.04584
0.04730
0.04865
0.05026
0.05164
0.05347
0.05502
0.05692
0.05862
0.06058
0.06253
0.06442
0.06677
0.06851
0.07104
0.07300
0.07544
0.07767
0.08008
0.08249
0.08499
0.08737
0.09006
0.09256
0.09518
0.09778
0.10052
0.10324
0.10593
0.10873
0.11154
0.11426
0.11725
0.11987
0.12299
0.12564
0.12866
0.13162
0.13428
0.13751
0.14017
0.14325
0.14606
0.14905
0.15192
0.15488
0.15768
0.16068
0.16348
0.16638
0.16916
0.17209
0.17477
0.17770
0.18036
0.18311
0.18591
0.18845
0.19125
0.19373
0.19641
0.19894
0.20142
0.20392
0.20633
0.20874
0.21109
0.21329
0.21573
0.21774
0.22003
0.22202
0.22421
0.22601
0.22818
0.22980
0.23184
0.23346
0.23526
0.23676
0.23843
0.23993
0.24133
0.24274
0.24399
0.24530
0.24634
0.24759
0.24838
0.24957
0.25021
0.25116
0.25174
0.25247
0.25293
0.25348
0.25378
0.25409
0.25433
0.25449
0.25443
0.25449
0.25430
0.25406
0.25381
0.25330
0.25290
0.25229
0.25153
0.25085
0.24991
0.24896
0.24783
0.24680
0.24539
0.24414
0.24252
0.24109
0.23938
0.23758
0.23578
0.23361
0.23181
0.22931
0.22733
0.22464
0.22235
0.21964
0.21689
0.21414
0.21112
0.20807
0.20502
0.20163
0.19827
0.19501
0.19116
0.18750
0.18356
0.17963
0.17581
0.17157
0.16751
0.16299
0.15869
0.15399
0.14941
0.14450
0.13968
0.13458
0.12955
0.12427
0.11905
0.11359
0.10803
0.10254
0.09677
0.09103
0.08505
0.07925
0.07300
0.06705
0.06067
0.05453
0.04797
0.04172
0.03497
0.02853
0.02185
0.01508
0.00833
0.00159
-0.00555
-0.01215
-0.01950
-0.02618
-0.03351
-0.04047
-0.04767
-0.05481
-0.06198
-0.06921
-0.07642
-0.08362
-0.09097
-0.09802
-0.10556
-0.11249
-0.12000
-0.12698
-0.13443
-0.14145
-0.14871
-0.15585
-0.16290
-0.17014
-0.17706
-0.18417
-0.19104
-0.19809
-0.20496
-0.21170
-0.21863
-0.22525
-0.23203
-0.23853
-0.24521
-0.25153
-0.25812
-0.26440
-0.27063
-0.27686
-0.28311
-0.28900
-0.29507
-0.30099
-0.30673
-0.31250
-0.31821
-0.32367
-0.32925
-0.33456
-0.33984
-0.34512
-0.35019
-0.35519
-0.36002
-0.36493
-0.36957
-0.37408
-0.37866
-0.38290
-0.38715
-0.39130
-0.39520
-0.39911
-0.40274
-0.40637
-0.40976
-0.41315
-0.41620
-0.41934
-0.42215
-0.42490
-0.42755
-0.42999
-0.43234
-0.43463
-0.43665
-0.43869
-0.44052
-0.44223
-0.44394
-0.44547
-0.44690
-0.44827
-0.44949
-0.45068
-0.45178
-0.45288
-0.45364
-0.45480
-0.45535
-0.45630
-0.45697
-0.45758
-0.45816
-0.45877
-0.45920
-0.45978
-0.46002
-0.46057
-0.46069
-0.46121
-0.46133
-0.46152
-0.46185
-0.46176
-0.46216
-0.46201
-0.46219
-0.46213
-0.46213
-0.46213
-0.46198
-0.46185
-0.46173
-0.46146
-0.46136
-0.46097
-0.46069
-0.46039
-0.45987
-0.45956
-0.45905
-0.45844
-0.45798
-0.45712
-0.45673
-0.45566
-0.45508
-0.45398
-0.45319
-0.45203
-0.45090
-0.44980
-0.44830
-0.44708
-0.44540
-0.44394
-0.44202
-0.44031
-0.43826
-0.43613
-0.43390
-0.43143
-0.42886
-0.42615
-0.42337
-0.42017
-0.41705
-0.41364
-0.41013
-0.40643
-0.40247
-0.39850
-0.39429
-0.38989
-0.38541
-0.38065
-0.37585
-0.37094
-0.36566
-0.36050
-0.35501
-0.34952
-0.34381
-0.33798
-0.33200
-0.32605
-0.31967
-0.31348
-0.30698
-0.30038
-0.29382
-0.28687
-0.28000
-0.27307
-0.26575
-0.25861
-0.25125
-0.24365
-0.23624
-0.22839
-0.22073
-0.21280
-0.20480
-0.19681
-0.18851
-0.18039
-0.17200
-0.16360
-0.15512
-0.14651
-0.13803
-0.12915
-0.12064
-0.11163
-0.10291
-0.09396
-0.08514
-0.07599
-0.06717
-0.05804
-0.04907
-0.04004
-0.03104
-0.02182
-0.01297
-0.00378
0.00513
0.01416
0.02319
0.03195
0.04111
0.04971
0.05862
0.06744
0.07602
0.08475
0.09326
0.10172
0.11023
0.11853
0.12677
0.13495
0.14297
0.15106
0.15884
0.16675
0.17422
0.18201
0.18933
0.19681
0.20389
0.21118
0.21808
0.22504
0.23187
0.23840
0.24503
0.25143
0.25766
0.26398
0.26981
0.27594
0.28159
0.28732
0.29288
0.29822
0.30365
0.30869
0.31381
0.31870
0.32349
0.32819
0.33273
0.33707
0.34143
0.34552
0.34967
0.35342
0.35736
0.36093
0.36447
0.36789
0.37115
0.37436
0.37738
0.38025
0.38315
0.38565
0.38834
0.39075
0.39297
0.39529
0.39734
0.39929
0.40118
0.40292
0.40463
0.40613
0.40759
0.40897
0.41025
0.41138
0.41241
0.41327
0.41431
0.41504
0.41583
0.41644
0.41699
0.41751
0.41776
0.41824
0.41830
0.41861
0.41849
0.41864
0.41843
0.41840
0.41803
0.41785
0.41745
0.41693
0.41644
0.41595
0.41501
0.41458
0.41351
0.41275
0.41168
0.41071
0.40945
0.40842
0.40689
0.40570
0.40417
0.40262
0.40103
0.39932
0.39749
0.39575
0.39362
0.39178
0.38950
0.38742
0.38501
0.38290
0.38010
0.37799
0.37500
0.37265
0.36963
0.36694
0.36404
0.36099
0.35800
0.35480
0.35165
0.34839
0.34503
0.34167
0.33813
0.33466
0.33105
0.32736
0.32376
0.31979
0.31619
0.31213
0.30832
0.30423
0.30026
0.29620
0.29196
0.28793
0.28354
0.27942
0.27512
0.27069
0.26645
0.26181
0.25769
0.25290
0.24869
0.24393
0.23950
0.23492
0.23026
0.22580
0.22098
0.21649
0.21176
0.20706
0.20248
0.19769
0.19321
0.18832
0.18378
0.17902
0.17444
0.16971
0.16513
0.16040
0.15598
0.15109
0.14679
0.14206
0.13763
0.13306
0.12863
0.12421
0.11978
0.11542
0.11105
0.10690
0.10248
0.09845
0.09415
0.09018
0.08606
0.08212
0.07813
0.07425
0.07053
0.06665
0.06302
0.05933
0.05588
0.05228
0.04895
0.04550
0.04230
0.03903
0.03595
0.03284
0.02994
0.02701
0.02420
0.02142
0.01880
0.01620
0.01376
0.01138
0.00900
0.00681
0.00464
0.00262
0.00064
-0.00125
-0.00299
-0.00470
-0.00641
-0.00772
-0.00934
-0.01053
-0.01184
-0.01303
-0.01398
-0.01505
-0.01587
-0.01672
-0.01727
-0.01810
-0.01840
-0.01901
-0.01920
-0.01950
-0.01965
-0.01968
-0.01971
-0.01962
-0.01935
-0.01910
-0.01874
-0.01834
-0.01767
-0.01718
-0.01639
-0.01569
-0.01477
-0.01379
-0.01285
-0.01166
-0.01056
-0.00931
-0.00787
-0.00656
-0.00504
-0.00360
-0.00180
-0.00024
0.00150
0.00336
0.00525
0.00708
0.00928
0.01108
0.01346
0.01547
0.01767
0.02017
0.02216
0.02490
0.02707
0.02966
0.03217
0.03470
0.03732
0.03992
0.04266
0.04529
0.04813
0.05078
0.05368
0.05640
0.05936
0.06213
0.06506
0.06796
0.07092
0.07379
0.07684
0.07962
0.08282
0.08557
0.08868
0.09161
0.09457
0.09756
0.10052
0.10345
0.10648
0.10928
0.11234
0.11517
0.11810
0.12094
0.12387
0.12656
0.12949
0.13220
0.13495
0.13766
0.14032
0.14301
0.14557
0.14816
0.15067
0.15320
0.15555
0.15808
0.16028
0.16266
0.16492
0.16699
0.16934
0.17120
0.17340
0.17526
0.17719
0.17905
0.18085
0.18253
0.18417
0.18579
0.18726
0.18878
0.19003
0.19141
0.19266
0.19366
0.19492
0.19574
0.19675
0.19760
0.19821
0.19901
0.19952
0.20004
0.20041
0.20081
0.20096
0.20117
0.20117
0.20111
0.20105
0.20071
0.20053
0.19995
0.19958
0.19888
0.19815
0.19742
0.19644
0.19547
0.19437
0.19305
0.19189
0.19028
0.18890
0.18716
0.18549
0.18362
0.18167
0.17953
0.17749
0.17508
0.17279
0.17020
0.16769
0.16489
0.16208
0.15915
0.15610
0.15292
0.14966
0.14624
0.14282
0.13907
0.13565
0.13153
0.12766
0.12347
0.11938
0.11520
0.11081
0.10645
0.10181
0.09714
0.09238
0.08740
0.08246
0.07721
0.07214
0.06665
0.06146
0.05576
0.05023
0.04462
0.03870
0.03302
0.02695
0.02103
0.01477
0.00879
0.00241
-0.00388
-0.01022
-0.01675
-0.02319
-0.02982
-0.03644
-0.04303
-0.04996
-0.05652
-0.06354
-0.07019
-0.07727
-0.08408
-0.09106
-0.09805
-0.10507
-0.11197
-0.11908
-0.12613
-0.13306
-0.14023
-0.14706
-0.15408
-0.16110
-0.16791
-0.17493
-0.18164
-0.18860
-0.19525
-0.20209
-0.20874
-0.21533
-0.22205
-0.22845
-0.23508
-0.24146
-0.24780
-0.25421
-0.26025
-0.26666
-0.27255
-0.27884
-0.28452
-0.29062
-0.29633
-0.30212
-0.30780
-0.31335
-0.31891
-0.32431
-0.32971
-0.33499
-0.34018
-0.34531
-0.35037
-0.35529
-0.36020
-0.36493
-0.36969
-0.37415
-0.37881
-0.38306
-0.38748
-0.39154
-0.39560
-0.39960
-0.40338
-0.40701
-0.41068
-0.41403
-0.41736
-0.42050
-0.42352
-0.42645
-0.42911
-0.43182
-0.43427
-0.43665
-0.43881
-0.44101
-0.44284
-0.44492
-0.44650
-0.44824
-0.44974
-0.45117
-0.45258
-0.45389
-0.45499
-0.45618
-0.45715
-0.45822
-0.45898
-0.45999
-0.46063
-0.46152
-0.46210
-0.46271
-0.46341
-0.46390
-0.46432
-0.46497
-0.46524
-0.46573
-0.46606
-0.46640
-0.46667
-0.46704
-0.46713
-0.46750
-0.46765
-0.46771
-0.46805
-0.46799
-0.46826
-0.46814
-0.46835
-0.46829
-0.46829
-0.46835
-0.46823
-0.46823
-0.46802
-0.46814
-0.46768
-0.46783
-0.46741
-0.46738
-0.46698
-0.46683
-0.46637
-0.46625
-0.46567
-0.46542
-0.46490
-0.46442
-0.46390
-0.46335
-0.46271
-0.46207
-0.46130
-0.46057
-0.45969
-0.45874
-0.45782
-0.45676
-0.45557
-0.45435
-0.45303
-0.45157
-0.45010
-0.44836
-0.44672
-0.44464
-0.44278
-0.44043
-0.43826
-0.43567
-0.43307
-0.43021
-0.42725
-0.42413
-0.42068
-0.41733
-0.41339
-0.40979
-0.40549
-0.40143
-0.39697
-0.39243
-0.38766
-0.38275
-0.37784
-0.37244
-0.36734
-0.36163
-0.35617
-0.35028
-0.34457
-0.33832
-0.33246
-0.32590
-0.31979
-0.31311
-0.30658
-0.29984
-0.29294
-0.28613
-0.27893
-0.27182
-0.26453
-0.25723
-0.24966
-0.24216
-0.23441
-0.22672
-0.21875
-0.21094
-0.20282
-0.19473
-0.18655
-0.17819
-0.16992
-0.16153
-0.15298
-0.14453
-0.13583
-0.12726
-0.11859
-0.10971
-0.10120
-0.09210
-0.08353
-0.07440
-0.06583
-0.05667
-0.04800
-0.03900
-0.03015
-0.02124
-0.01245
-0.00357
0.00522
0.01404
0.02271
0.03149
0.04004
0.04874
0.05716
0.06583
0.07401
0.08258
0.09070
0.09888
0.10712
0.11499
0.12305
0.13083
0.13855
0.14624
0.15378
0.16113
0.16855
0.17575
0.18286
0.18988
0.19666
0.20352
0.21011
0.21671
0.22299
0.22943
0.23544
0.24164
0.24744
0.25327
0.25897
0.26447
0.26993
0.27524
0.28036
0.28540
0.29041
0.29517
0.29980
0.30447
0.30872
0.31320
0.31726
0.32135
0.32535
0.32907
0.33289
0.33627
0.33994
0.34308
0.34647
0.34937
0.35254
0.35526
0.35809
0.36072
0.36316
0.36560
0.36792
0.37009
0.37216
0.37405
0.37601
0.37766
0.37936
0.38092
0.38232
0.38361
0.38480
0.38599
0.38702
0.38800
0.38885
0.38968
0.39023
0.39087
0.39133
0.39169
0.39197
0.39221
0.39227
0.39240
0.39224
0.39221
0.39188
0.39166
0.39120
0.39087
0.39014
0.38965
0.38882
0.38809
0.38715
0.38623
0.38516
0.38403
0.38281
0.38153
0.38013
0.37866
0.37714
0.37558
0.37375
0.37207
0.37018
0.36819
0.36624
0.36414
0.36188
0.35974
0.35727
0.35504
0.35236
0.35001
0.34720
0.34464
0.34174
0.33902
0.33597
0.33310
0.33002
0.32681
0.32379
0.32037
0.31723
0.31372
0.31036
0.30688
0.30325
0.29980
0.29602
0.29233
0.28864
0.28473
0.28091
0.27701
0.27307
0.26898
0.26505
0.26089
0.25677
0.25269
0.24838
0.24426
0.23990
0.23569
0.23132
0.22699
0.22263
0.21826
0.21378
0.20944
0.20486
0.20053
0.19592
0.19165
0.18683
0.18271
0.17783
0.17368
0.16888
0.16464
0.15991
0.15567
0.15094
0.14673
0.14212
0.13773
0.13339
0.12891
0.12463
0.12021
0.11600
0.11157
0.10757
0.10312
0.09912
0.09491
0.09082
0.08682
0.08279
0.07877
0.07504
0.07101
0.06729
0.06363
0.05978
0.05634
0.05264
0.04919
0.04581
0.04230
0.03915
0.03577
0.03278
0.02951
0.02661
0.02359
0.02072
0.01804
0.01514
0.01263
0.01004
0.00751
0.00525
0.00275
0.00067
-0.00159
-0.00360
-0.00555
-0.00754
-0.00925
-0.01099
-0.01270
-0.01410
-0.01578
-0.01688
-0.01837
-0.01950
-0.02051
-0.02176
-0.02243
-0.02347
-0.02414
-0.02475
-0.02542
-0.02579
-0.02631
-0.02658
-0.02676
-0.02692
-0.02704
-0.02686
-0.02686
-0.02658
-0.02637
-0.02588
-0.02557
-0.02487
-0.02432
-0.02362
-0.02283
-0.02185
-0.02115
-0.01987
-0.01895
-0.01764
-0.01648
-0.01508
-0.01379
-0.01215
-0.01083
-0.00903
-0.00742
-0.00583
-0.00369
-0.00214
0.00000
0.00186
0.00397
0.00610
0.00830
0.01035
0.01291
0.01498
0.01755
0.01978
0.02243
0.02484
0.02750
0.03000
0.03265
0.03537
0.03806
0.04080
0.04358
0.04642
0.04919
0.05215
0.05487
0.05795
0.06073
0.06384
0.06662
0.06976
0.07260
0.07568
0.07867
0.08173
0.08459
0.08783
0.09061
0.09381
0.09668
0.09979
0.10260
0.10583
0.10855
0.11169
0.11450
0.11749
0.12033
0.12326
0.12607
0.12888
0.13171
0.13446
0.13718
0.13989
0.14252
0.14517
0.14771
0.15036
0.15277
0.15521
0.15771
0.15997
0.16232
0.16467
0.16669
0.16907
0.17096
0.17316
0.17508
0.17703
0.17883
0.18069
0.18237
0.18411
0.18567
0.18719
0.18872
0.19003
0.19147
0.19260
0.19382
0.19495
0.19598
0.19684
0.19781
0.19846
0.19937
0.19971
0.20053
0.20071
0.20135
0.20142
0.20172
0.20178
0.20181
0.20172
0.20160
0.20129
0.20096
0.20056
0.19992
0.19940
0.19855
0.19781
0.19684
0.19586
0.19461
0.19354
0.19208
0.19077
0.18921
0.18747
0.18588
0.18396
0.18201
0.18002
0.17783
0.17554
0.17325
0.17072
0.16815
0.16553
0.16260
0.15988
0.15674
0.15363
0.15051
0.14709
0.14380
0.14017
0.13641
0.13260
0.12885
0.12494
0.12076
0.11688
0.11246
0.10812
0.10373
0.09894
0.09445
0.08948
0.08469
0.07971
0.07458
0.06940
0.06418
0.05881
0.05338
0.04788
0.04230
0.03656
0.03079
0.02502
0.01898
0.01318
0.00693
0.00089
-0.00528
-0.01163
-0.01776
-0.02438
-0.03055
-0.03717
-0.04361
-0.05020
-0.05679
-0.06345
-0.07001
-0.07684
-0.08340
-0.09033
-0.09692
-0.10376
-0.11057
-0.11734
-0.12411
-0.13092
-0.13773
-0.14450
-0.15137
-0.15796
-0.16492
-0.17145
-0.17834
-0.18494
-0.19156
-0.19827
-0.20480
-0.21136
-0.21793
-0.22433
-0.23080
-0.23715
-0.24353
-0.24976
-0.25604
-0.26215
-0.26834
-0.27429
-0.28040
-0.28622
-0.29208
-0.29797
-0.30356
-0.30933
-0.31482
-0.32040
-0.32571
-0.33115
-0.33636
-0.34155
-0.34662
-0.35172
-0.35651
-0.36139
-0.36609
-0.37079
-0.37509
-0.37976
-0.38391
-0.38806
-0.39230
-0.39600
-0.40009
-0.40363
-0.40720
-0.41071
-0.41388
-0.41724
-0.42007
-0.42313
-0.42581
-0.42844
-0.43097
-0.43332
-0.43558
-0.43771
-0.43970
-0.44159
-0.44336
-0.44507
-0.44659
-0.44809
-0.44952
-0.45068
-0.45197
-0.45319
-0.45407
-0.45520
-0.45609
-0.45688
-0.45770
-0.45853
-0.45905
-0.45993
-0.46024
-0.46097
-0.46140
-0.46191
-0.46225
-0.46271
-0.46295
-0.46341
-0.46350
-0.46393
-0.46405
-0.46417
-0.46445
-0.46448
-0.46457
-0.46475
-0.46460
-0.46481
-0.46460
-0.46466
-0.46454
-0.46448
-0.46426
-0.46417
-0.46390
-0.46368
-0.46344
-0.46313
-0.46277
-0.46237
-0.46204
-0.46146
-0.46106
-0.46045
-0.45987
-0.45911
-0.45862
-0.45758
-0.45697
-0.45590
-0.45505
-0.45395
-0.45276
-0.45163
-0.45023
-0.44888
-0.44739
-0.44571
-0.44394
-0.44211
-0.44012
-0.43793
-0.43576
-0.43320
-0.43069
-0.42792
-0.42508
-0.42191
-0.41876
-0.41531
-0.41168
-0.40808
-0.40396
-0.40012
-0.39560
-0.39139
-0.38666
-0.38208
-0.37708
-0.37201
-0.36700
-0.36145
-0.35617
-0.35040
-0.34485
-0.33881
-0.33295
-0.32675
-0.32053
-0.31418
-0.30768
-0.30103
-0.29440
-0.28741
-0.28064
-0.27347
-0.26633
-0.25897
-0.25174
-0.24405
-0.23657
-0.22885
-0.22104
-0.21310
-0.20520
-0.19702
-0.18893
-0.18063
-0.17230
-0.16391
-0.15546
-0.14679
-0.13837
-0.12946
-0.12091
-0.11209
-0.10315
-0.09442
-0.08542
-0.07648
-0.06763
-0.05844
-0.04968
-0.04041
-0.03168
-0.02240
-0.01361
-0.00446
0.00439
0.01343
0.02228
0.03125
0.04004
0.04880
0.05771
0.06619
0.07504
0.08340
0.09210
0.10037
0.10880
0.11710
0.12521
0.13339
0.14127
0.14938
0.15692
0.16492
0.17230
0.17996
0.18723
0.19461
0.20172
0.20880
0.21573
0.22256
0.22928
0.23578
0.24234
0.24863
0.25488
0.26089
0.26697
0.27277
0.27847
0.28412
0.28955
0.29495
0.30014
0.30524
0.31027
0.31506
0.31979
0.32440
0.32889
0.33325
0.33746
0.34152
0.34564
0.34933
0.35321
0.35672
0.36029
0.36353
0.36694
0.36993
0.37302
0.37582
0.37866
0.38129
0.38376
0.38629
0.38843
0.39081
0.39273
0.39478
0.39661
0.39838
0.40005
0.40152
0.40317
0.40433
0.40558
0.40680
0.40778
0.40881
0.40982
0.41040
0.41144
0.41183
0.41248
0.41293
0.41321
0.41367
0.41373
0.41400
0.41397
0.41403
0.41394
0.41370
0.41360
0.41318
0.41293
0.41232
0.41190
0.41122
0.41061
0.40982
0.40900
0.40805
0.40714
0.40610
0.40482
0.40381
0.40231
0.40109
0.39963
0.39801
0.39655
0.39471
0.39307
0.39124
0.38919
0.38736
0.38516
0.38309
0.38077
0.37854
0.37616
0.37363
0.37115
0.36850
0.36594
0.36301
0.36035
0.35733
0.35446
0.35138
0.34833
0.34515
0.34192
0.33862
0.33533
0.33191
0.32843
0.32489
0.32135
0.31775
0.31400
0.31033
0.30655
0.30264
0.29892
0.29489
0.29099
0.28699
0.28293
0.27884
0.27484
0.27057
0.26642
0.26227
0.25803
0.25372
0.24951
0.24512
0.24084
0.23648
0.23212
0.22775
0.22339
0.21887
0.21466
0.21002
0.20578
0.20126
0.19690
0.19244
0.18805
0.18362
0.17923
0.17487
0.17050
0.16608
0.16187
0.15741
0.15326
0.14880
0.14481
0.14035
0.13638
0.13205
0.12808
0.12393
0.11993
0.11594
0.11194
0.10815
0.10419
0.10049
0.09665
0.09302
0.08939
0.08578
0.08221
0.07886
0.07535
0.07211
0.06885
0.06555
0.06253
0.05933
0.05655
0.05350
0.05066
0.04797
0.04520
0.04266
0.04010
0.03763
0.03534
0.03296
0.03082
0.02866
0.02664
0.02469
0.02280
0.02112
0.01926
0.01785
0.01608
0.01486
0.01346
0.01212
0.01114
0.00983
0.00903
0.00797
0.00735
0.00641
0.00598
0.00525
0.00494
0.00452
0.00412
0.00415
0.00385
0.00394
0.00397
0.00412
0.00436
0.00467
0.00513
0.00555
0.00620
0.00681
0.00754
0.00833
0.00931
0.01016
0.01132
0.01239
0.01358
0.01495
0.01614
0.01770
0.01913
0.02069
0.02237
0.02405
0.02576
0.02771
0.02942
0.03156
0.03345
0.03555
0.03772
0.03979
0.04218
0.04431
0.04675
0.04907
0.05151
0.05408
0.05643
0.05920
0.06158
0.06436
0.06699
0.06970
0.07242
0.07526
0.07800
0.08078
0.08371
0.08652
0.08942
0.09238
0.09518
0.09821
0.10107
0.10413
0.10699
0.11008
0.11295
0.11600
0.11887
0.12195
0.12485
0.12781
0.13080
0.13370
0.13663
0.13959
0.14240
0.14542
0.14807
0.15112
0.15381
0.15656
0.15945
0.16202
0.16489
0.16739
0.17010
0.17267
0.17523
0.17770
0.18027
0.18253
0.18512
0.18723
0.18970
0.19183
0.19406
0.19614
0.19818
0.20038
0.20218
0.20413
0.20596
0.20773
0.20953
0.21109
0.21271
0.21423
0.21567
0.21713
0.21826
0.21973
0.22067
0.22192
0.22281
0.22388
0.22470
0.22537
0.22620
0.22675
0.22739
0.22772
0.22818
0.22836
0.22873
0.22864
0.22882
0.22864
0.22858
0.22824
0.22803
0.22742
0.22708
0.22629
0.22568
0.22482
0.22391
0.22299
0.22168
0.22079
0.21912
0.21802
0.21631
0.21478
0.21313
0.21106
0.20956
0.20706
0.20535
0.20279
0.20068
0.19809
0.19556
0.19290
0.19019
0.18723
0.18430
0.18118
0.17792
0.17465
0.17126
0.16782
0.16403
0.16028
0.15631
0.15247
0.14841
0.14429
0.14005
0.13571
0.13116
0.12662
0.12183
0.11710
0.11215
0.10706
0.10205
0.09674
0.09152
0.08609
0.08054
0.07507
0.06924
0.06363
0.05768
0.05185
0.04578
0.03973
0.03351
0.02734
0.02097
0.01474
0.00815
0.00171
-0.00485
-0.01144
-0.01819
-0.02481
-0.03165
-0.03839
-0.04529
-0.05219
-0.05902
-0.06604
-0.07291
-0.07996
-0.08698
-0.09387
-0.10110
-0.10794
-0.11508
-0.12210
-0.12906
-0.13620
-0.14310
-0.15018
-0.15710
-0.16403
-0.17108
-0.17783
-0.18488
-0.19150
-0.19849
-0.20511
-0.21191
-0.21857
-0.22513
-0.23175
-0.23822
-0.24475
-0.25110
-0.25745
-0.26373
-0.26993
-0.27615
-0.28214
-0.28818
-0.29413
-0.30002
-0.30573
-0.31149
-0.31711
-0.32263
-0.32816
-0.33347
-0.33884
-0.34399
-0.34906
-0.35416
-0.35904
-0.36380
-0.36868
-0.37305
-0.37778
-0.38199
-0.38632
-0.39053
-0.39447
-0.39838
-0.40219
-0.40576
-0.40930
-0.41269
-0.41583
-0.41904
-0.42191
-0.42471
-0.42746
-0.42993
-0.43243
-0.43457
-0.43686
-0.43887
-0.44067
-0.44266
-0.44418
-0.44586
-0.44739
-0.44867
-0.45013
-0.45120
-0.45239
-0.45352
-0.45441
-0.45541
-0.45621
-0.45706
-0.45786
-0.45834
-0.45920
-0.45963
-0.46024
-0.46069
-0.46115
-0.46158
-0.46194
-0.46222
-0.46255
-0.46289
-0.46292
-0.46332
-0.46335
-0.46347
-0.46371
-0.46356
-0.46378
-0.46365
-0.46368
-0.46365
-0.46350
-0.46338
-0.46326
-0.46310
-0.46277
-0.46262
-0.46225
-0.46191
-0.46158
-0.46109
-0.46069
-0.46014
-0.45959
-0.45898
-0.45831
-0.45761
-0.45685
-0.45590
-0.45508
-0.45407
-0.45291
-0.45193
-0.45044
-0.44928
-0.44781
-0.44617
-0.44464
-0.44272
-0.44089
-0.43881
-0.43661
-0.43433
-0.43185
-0.42914
-0.42636
-0.42346
-0.42026
-0.41702
-0.41348
-0.40988
-0.40604
-0.40210
-0.39789
-0.39362
-0.38907
-0.38449
-0.37964
-0.37473
-0.36960
-0.36429
-0.35904
-0.35333
-0.34781
-0.34189
-0.33597
-0.32999
-0.32367
-0.31741
-0.31097
-0.30435
-0.29770
-0.29092
-0.28397
-0.27692
-0.26978
-0.26257
-0.25507
-0.24774
-0.23996
-0.23245
-0.22458
-0.21664
-0.20874
-0.20047
-0.19250
-0.18414
-0.17575
-0.16742
-0.15884
-0.15024
-0.14166
-0.13290
-0.12405
-0.11542
-0.10629
-0.09760
-0.08844
-0.07956
-0.07043
-0.06146
-0.05231
-0.04330
-0.03409
-0.02512
-0.01587
-0.00690
0.00226
0.01126
0.02032
0.02939
0.03815
0.04736
0.05603
0.06488
0.07379
0.08231
0.09109
0.09958
0.10815
0.11646
0.12491
0.13312
0.14117
0.14948
0.15714
0.16528
0.17285
0.18060
0.18814
0.19556
0.20297
0.21008
0.21729
0.22415
0.23111
0.23779
0.24445
0.25098
0.25726
0.26364
0.26962
0.27579
0.28156
0.28738
0.29297
0.29852
0.30380
0.30917
0.31421
0.31927
0.32407
0.32892
0.33344
0.33804
0.34229
0.34668
0.35056
0.35480
0.35849
0.36227
0.36584
0.36948
0.37259
0.37601
0.37900
0.38202
0.38492
0.38754
0.39029
0.39270
0.39508
0.39734
0.39960
0.40137
0.40363
0.40512
0.40704
0.40863
0.40994
0.41159
0.41275
0.41403
0.41504
0.41611
0.41699
0.41794
0.41867
0.41934
0.42007
0.42041
0.42105
0.42120
0.42166
0.42178
0.42188
0.42203
0.42197
0.42188
0.42175
0.42148
0.42123
0.42084
0.42038
0.41992
0.41928
0.41867
0.41788
0.41711
0.41626
0.41525
0.41425
0.41315
0.41193
0.41068
0.40942
0.40787
0.40652
0.40475
0.40329
0.40140
0.39969
0.39774
0.39578
0.39368
0.39157
0.38928
0.38712
0.38455
0.38226
0.37952
0.37708
0.37430
0.37152
0.36865
0.36584
0.36267
0.35977
0.35654
0.35339
0.35007
0.34677
0.34326
0.34003
0.33624
0.33292
0.32904
0.32550
0.32169
0.31793
0.31403
0.31021
0.30612
0.30225
0.29816
0.29401
0.29004
0.28574
0.28156
0.27740
0.27298
0.26883
0.26434
0.26013
0.25562
0.25125
0.24683
0.24225
0.23804
0.23325
0.22894
0.22437
0.21973
0.21542
0.21060
0.20627
0.20154
0.19720
0.19254
0.18796
0.18350
0.17896
0.17444
0.16998
0.16547
0.16101
0.15662
0.15213
0.14783
0.14340
0.13916
0.13480
0.13055
0.12631
0.12225
0.11795
0.11401
0.10983
0.10599
0.10187
0.09808
0.09418
0.09045
0.08670
0.08298
0.07947
0.07584
0.07242
0.06897
0.06567
0.06238
0.05911
0.05612
0.05289
0.05008
0.04700
0.04437
0.04144
0.03894
0.03613
0.03387
0.03128
0.02905
0.02676
0.02454
0.02255
0.02042
0.01871
0.01672
0.01505
0.01340
0.01187
0.01038
0.00900
0.00772
0.00653
0.00546
0.00439
0.00351
0.00262
0.00198
0.00119
0.00079
0.00021
-0.00012
-0.00046
-0.00061
-0.00079
-0.00067
-0.00082
-0.00046
-0.00040
0.00006
0.00037
0.00092
0.00143
0.00217
0.00281
0.00378
0.00452
0.00565
0.00659
0.00778
0.00900
0.01028
0.01163
0.01306
0.01462
0.01611
0.01782
0.01953
0.02127
0.02319
0.02499
0.02707
0.02902
0.03119
0.03326
0.03549
0.03778
0.04004
0.04239
0.04489
0.04721
0.04980
0.05231
0.05490
0.05753
0.06018
0.06287
0.06561
0.06836
0.07111
0.07401
0.07675
0.07971
0.08252
0.08545
0.08844
0.09125
0.09436
0.09714
0.10031
0.10309
0.10617
0.10922
0.11212
0.11508
0.11816
0.12106
0.12408
0.12695
0.13004
0.13284
0.13586
0.13873
0.14151
0.14450
0.14731
0.15009
0.15289
0.15567
0.15833
0.16110
0.16370
0.16626
0.16901
0.17133
0.17407
0.17627
0.17886
0.18112
0.18350
0.18570
0.18799
0.19009
0.19214
0.19434
0.19611
0.19827
0.19992
0.20187
0.20352
0.20529
0.20679
0.20844
0.20978
0.21133
0.21249
0.21393
0.21490
0.21622
0.21704
0.21817
0.21890
0.21976
0.22046
0.22107
0.22159
0.22205
0.22247
0.22275
0.22281
0.22311
0.22290
0.22305
0.22269
0.22256
0.22211
0.22174
0.22110
0.22058
0.21967
0.21902
0.21793
0.21698
0.21579
0.21451
0.21332
0.21170
0.21024
0.20856
0.20682
0.20490
0.20297
0.20084
0.19876
0.19626
0.19406
0.19144
0.18884
0.18610
0.18323
0.18036
0.17715
0.17416
0.17065
0.16745
0.16379
0.16046
0.15643
0.15265
0.14856
0.14459
0.14047
0.13623
0.13190
0.12744
0.12277
0.11816
0.11328
0.10831
0.10339
0.09805
0.09308
0.08749
0.08224
0.07660
0.07104
0.06531
0.05957
0.05356
0.04773
0.04156
0.03549
0.02930
0.02289
0.01663
0.01019
0.00360
-0.00284
-0.00958
-0.01614
-0.02304
-0.02969
-0.03665
-0.04343
-0.05042
-0.05740
-0.06433
-0.07147
-0.07843
-0.08557
-0.09265
-0.09979
-0.10687
-0.11404
-0.12115
-0.12833
-0.13550
-0.14246
-0.14981
-0.15671
-0.16397
-0.17084
-0.17798
-0.18494
-0.19180
-0.19882
-0.20554
-0.21243
-0.21918
-0.22586
-0.23248
-0.23911
-0.24564
-0.25217
-0.25854
-0.26492
-0.27115
-0.27750
-0.28357
-0.28967
-0.29581
-0.30157
-0.30765
-0.31326
-0.31912
-0.32471
-0.33029
-0.33578
-0.34119
-0.34641
-0.35181
-0.35669
-0.36194
-0.36667
-0.37164
-0.37622
-0.38092
-0.38528
-0.38974
-0.39395
-0.39801
-0.40210
-0.40576
-0.40964
-0.41306
-0.41656
-0.41974
-0.42294
-0.42584
-0.42874
-0.43140
-0.43390
-0.43640
-0.43851
-0.44083
-0.44275
-0.44467
-0.44644
-0.44806
-0.44971
-0.45108
-0.45248
-0.45383
-0.45483
-0.45615
-0.45700
-0.45810
-0.45895
-0.45975
-0.46060
-0.46124
-0.46201
-0.46252
-0.46320
-0.46362
-0.46417
-0.46469
-0.46494
-0.46548
-0.46570
-0.46609
-0.46631
-0.46658
-0.46686
-0.46692
-0.46725
-0.46719
-0.46750
-0.46741
-0.46765
-0.46756
-0.46762
-0.46765
-0.46750
-0.46753
-0.46741
-0.46729
-0.46719
-0.46695
-0.46683
-0.46649
-0.46637
-0.46597
-0.46570
-0.46530
-0.46503
-0.46445
-0.46402
-0.46362
-0.46280
-0.46246
-0.46161
-0.46103
-0.46011
-0.45941
-0.45834
-0.45755
-0.45624
-0.45535
-0.45386
-0.45276
-0.45114
-0.44968
-0.44797
-0.44626
-0.44415
-0.44232
-0.43991
-0.43771
-0.43506
-0.43243
-0.42957
-0.42654
-0.42331
-0.41995
-0.41626
-0.41266
-0.40854
-0.40460
-0.40009
-0.39581
-0.39096
-0.38632
-0.38116
-0.37619
-0.37073
-0.36548
-0.35962
-0.35419
-0.34802
-0.34232
-0.33585
-0.32996
-0.32318
-0.31699
-0.31009
-0.30359
-0.29645
-0.28967
-0.28238
-0.27536
-0.26782
-0.26056
-0.25287
-0.24533
-0.23743
-0.22974
-0.22162
-0.21375
-0.20544
-0.19724
-0.18906
-0.18045
-0.17209
-0.16351
-0.15482
-0.14621
-0.13742
-0.12857
-0.11975
-0.11081
-0.10178
-0.09296
-0.08368
-0.07486
-0.06564
-0.05652
-0.04755
-0.03827
-0.02927
-0.02008
-0.01105
-0.00189
0.00711
0.01614
0.02521
0.03403
0.04309
0.05185
0.06073
0.06952
0.07800
0.08685
0.09528
0.10379
0.11212
0.12051
0.12857
0.13687
0.14474
0.15277
0.16052
0.16827
0.17581
0.18341
0.19070
0.19806
0.20514
0.21219
0.21912
0.22592
0.23257
0.23914
0.24554
0.25186
0.25800
0.26413
0.26996
0.27585
0.28146
0.28702
0.29245
0.29770
0.30289
0.30792
0.31281
0.31766
0.32220
0.32681
0.33112
0.33551
0.33957
0.34363
0.34744
0.35132
0.35492
0.35846
0.36179
0.36508
0.36826
0.37125
0.37415
0.37698
0.37952
0.38220
0.38449
0.38696
0.38892
0.39130
0.39297
0.39502
0.39667
0.39838
0.39993
0.40134
0.40268
0.40387
0.40497
0.40610
0.40698
0.40796
0.40869
0.40942
0.41003
0.41046
0.41092
0.41129
0.41150
0.41171
0.41168
0.41187
0.41171
0.41159
0.41138
0.41101
0.41077
0.41022
0.40970
0.40915
0.40836
0.40768
0.40677
0.40591
0.40485
0.40378
0.40271
0.40128
0.40015
0.39862
0.39709
0.39572
0.39383
0.39233
0.39029
0.38858
0.38644
0.38458
0.38220
0.38019
0.37775
0.37546
0.37299
0.37036
0.36792
0.36499
0.36246
0.35944
0.35660
0.35361
0.35052
0.34744
0.34418
0.34097
0.33755
0.33435
0.33060
0.32736
0.32358
0.32004
0.31635
0.31250
0.30881
0.30481
0.30103
0.29700
0.29306
0.28888
0.28491
0.28064
0.27652
0.27231
0.26797
0.26373
0.25940
0.25494
0.25064
0.24622
0.24164
0.23734
0.23267
0.22824
0.22369
0.21912
0.21454
0.20987
0.20547
0.20065
0.19626
0.19144
0.18701
0.18219
0.17783
0.17303
0.16855
0.16394
0.15936
0.15479
0.15033
0.14572
0.14130
0.13684
0.13229
0.12799
0.12357
0.11923
0.11496
0.11057
0.10654
0.10214
0.09814
0.09390
0.09006
0.08585
0.08215
0.07797
0.07443
0.07043
0.06686
0.06320
0.05954
0.05609
0.05261
0.04922
0.04599
0.04257
0.03964
0.03635
0.03351
0.03036
0.02774
0.02475
0.02222
0.01944
0.01709
0.01443
0.01227
0.00983
0.00778
0.00552
0.00357
0.00165
-0.00021
-0.00195
-0.00366
-0.00516
-0.00677
-0.00800
-0.00952
-0.01053
-0.01175
-0.01285
-0.01364
-0.01462
-0.01535
-0.01596
-0.01663
-0.01712
-0.01743
-0.01788
-0.01791
-0.01822
-0.01822
-0.01810
-0.01807
-0.01779
-0.01749
-0.01715
-0.01663
-0.01608
-0.01541
-0.01477
-0.01382
-0.01309
-0.01199
-0.01105
-0.00986
-0.00864
-0.00748
-0.00595
-0.00473
-0.00305
-0.00159
0.00009
0.00183
0.00351
0.00540
0.00735
0.00916
0.01141
0.01331
0.01556
0.01773
0.01996
0.02228
0.02463
0.02713
0.02942
0.03210
0.03452
0.03714
0.03986
0.04233
0.04529
0.04776
0.05075
0.05341
0.05637
0.05905
0.06213
0.06488
0.06793
0.07077
0.07379
0.07669
0.07983
0.08267
0.08575
0.08878
0.09174
0.09479
0.09781
0.10080
0.10385
0.10681
0.10983
0.11282
0.11572
0.11877
0.12164
0.12463
0.12744
0.13043
0.13318
0.13608
0.13885
0.14160
0.14432
0.14713
0.14963
0.15244
0.15482
0.15756
0.15988
0.16251
0.16486
0.16718
0.16953
0.17178
0.17395
0.17621
0.17813
0.18036
0.18222
0.18414
0.18604
0.18784
0.18951
0.19122
0.19275
0.19431
0.19580
0.19708
0.19852
0.19958
0.20090
0.20190
0.20285
0.20389
0.20462
0.20544
0.20612
0.20663
0.20728
0.20755
0.20801
0.20807
0.20847
0.20831
0.20847
0.20822
0.20804
0.20786
0.20712
0.20709
0.20609
0.20560
0.20480
0.20383
0.20291
0.20178
0.20056
0.19931
0.19794
0.19635
0.19485
0.19299
0.19131
0.18927
0.18735
0.18518
0.18283
0.18063
0.17807
0.17551
0.17285
0.17007
0.16705
0.16422
0.16095
0.15778
0.15445
0.15091
0.14758
0.14371
0.13989
0.13593
0.13202
0.12793
0.12375
0.11951
0.11505
0.11053
0.10593
0.10110
0.09631
0.09128
0.08621
0.08115
0.07574
0.07047
0.06506
0.05939
0.05402
0.04800
0.04233
0.03656
0.03036
0.02457
0.01825
0.01212
0.00589
-0.00046
-0.00696
-0.01321
-0.01999
-0.02640
-0.03311
-0.03979
-0.04645
-0.05331
-0.06006
-0.06696
-0.07388
-0.08063
-0.08777
-0.09454
-0.10162
-0.10861
-0.11557
-0.12265
-0.12952
-0.13672
-0.14352
-0.15073
-0.15759
-0.16452
-0.17160
-0.17834
-0.18539
-0.19208
-0.19904
-0.20563
-0.21259
-0.21899
-0.22589
-0.23230
-0.23892
-0.24536
-0.25177
-0.25821
-0.26447
-0.27078
-0.27689
-0.28308
-0.28909
-0.29501
-0.30109
-0.30673
-0.31262
-0.31827
-0.32379
-0.32941
-0.33478
-0.34015
-0.34543
-0.35049
-0.35571
-0.36063
-0.36551
-0.37036
-0.37500
-0.37958
-0.38403
-0.38840
-0.39261
-0.39682
-0.40060
-0.40466
-0.40817
-0.41190
-0.41528
-0.41861
-0.42163
-0.42487
-0.42755
-0.43030
-0.43301
-0.43530
-0.43771
-0.43988
-0.44193
-0.44388
-0.44571
-0.44739
-0.44901
-0.45050
-0.45193
-0.45322
-0.45450
-0.45560
-0.45667
-0.45773
-0.45856
-0.45953
-0.46024
-0.46112
-0.46170
-0.46237
-0.46307
-0.46341
-0.46423
-0.46445
-0.46500
-0.46536
-0.46573
-0.46613
-0.46634
-0.46671
-0.46686
-0.46713
-0.46732
-0.46747
-0.46759
-0.46780
-0.46777
-0.46786
-0.46799
-0.46786
-0.46802
-0.46783
-0.46783
-0.46783
-0.46753
-0.46768
-0.46725
-0.46725
-0.46692
-0.46674
-0.46652
-0.46600
-0.46594
-0.46533
-0.46515
-0.46448
-0.46417
-0.46353
-0.46298
-0.46243
-0.46158
-0.46097
-0.46011
-0.45932
-0.45831
-0.45737
-0.45618
-0.45517
-0.45374
-0.45251
-0.45093
-0.44943
-0.44772
-0.44583
-0.44397
-0.44186
-0.43958
-0.43719
-0.43469
-0.43185
-0.42911
-0.42593
-0.42267
-0.41934
-0.41562
-0.41183
-0.40799
-0.40369
-0.39944
-0.39484
-0.39029
-0.38531
-0.38043
-0.37521
-0.36984
-0.36450
-0.35883
-0.35312
-0.34723
-0.34116
-0.33508
-0.32886
-0.32233
-0.31598
-0.30920
-0.30252
-0.29559
-0.28867
-0.28152
-0.27435
-0.26700
-0.25958
-0.25201
-0.24445
-0.23657
-0.22891
-0.22076
-0.21298
-0.20465
-0.19653
-0.18823
-0.17981
-0.17145
-0.16281
-0.15430
-0.14557
-0.13684
-0.12820
-0.11914
-0.11050
-0.10138
-0.09253
-0.08356
-0.07443
-0.06552
-0.05637
-0.04736
-0.03827
-0.02924
-0.02020
-0.01105
-0.00217
0.00699
0.01581
0.02487
0.03369
0.04254
0.05145
0.06003
0.06885
0.07742
0.08600
0.09436
0.10294
0.11105
0.11957
0.12741
0.13568
0.14346
0.15146
0.15906
0.16690
0.17422
0.18179
0.18903
0.19629
0.20334
0.21030
0.21713
0.22388
0.23044
0.23703
0.24329
0.24954
0.25568
0.26160
0.26758
0.27310
0.27896
0.28418
0.28976
0.29483
0.29996
0.30502
0.30972
0.31458
0.31909
0.32358
0.32794
0.33215
0.33615
0.34030
0.34396
0.34781
0.35132
0.35480
0.35818
0.36139
0.36450
0.36746
0.37039
0.37305
0.37570
0.37827
0.38058
0.38293
0.38504
0.38708
0.38907
0.39093
0.39258
0.39432
0.39563
0.39743
0.39838
0.39978
0.40070
0.40192
0.40280
0.40359
0.40454
0.40503
0.40579
0.40613
0.40659
0.40689
0.40714
0.40726
0.40741
0.40723
0.40732
0.40704
0.40680
0.40652
0.40604
0.40564
0.40500
0.40436
0.40375
0.40271
0.40213
0.40088
0.40005
0.39880
0.39761
0.39636
0.39502
0.39352
0.39203
0.39044
0.38870
0.38696
0.38516
0.38312
0.38126
0.37903
0.37695
0.37466
0.37234
0.36996
0.36749
0.36481
0.36243
0.35944
0.35687
0.35394
0.35098
0.34808
0.34488
0.34192
0.33856
0.33539
0.33209
0.32861
0.32529
0.32156
0.31827
0.31445
0.31082
0.30713
0.30328
0.29947
0.29559
0.29156
0.28778
0.28354
0.27963
0.27536
0.27136
0.26706
0.26294
0.25858
0.25433
0.24997
0.24567
0.24133
0.23676
0.23251
0.22797
0.22351
0.21902
0.21457
0.20990
0.20566
0.20084
0.19650
0.19186
0.18735
0.18277
0.17834
0.17371
0.16916
0.16473
0.16019
0.15573
0.15118
0.14685
0.14227
0.13800
0.13358
0.12915
0.12500
0.12048
0.11652
0.11203
0.10806
0.10373
0.09982
0.09570
0.09164
0.08786
0.08383
0.08002
0.07626
0.07248
0.06891
0.06519
0.06174
0.05826
0.05475
0.05151
0.04816
0.04501
0.04184
0.03882
0.03580
0.03290
0.03006
0.02740
0.02454
0.02213
0.01950
0.01715
0.01474
0.01257
0.01022
0.00830
0.00623
0.00433
0.00247
0.00070
-0.00085
-0.00256
-0.00385
-0.00543
-0.00662
-0.00787
-0.00897
-0.00998
-0.01093
-0.01190
-0.01248
-0.01324
-0.01382
-0.01425
-0.01477
-0.01498
-0.01526
-0.01535
-0.01547
-0.01535
-0.01526
-0.01508
-0.01474
-0.01431
-0.01398
-0.01334
-0.01270
-0.01199
-0.01120
-0.01035
-0.00934
-0.00839
-0.00711
-0.00610
-0.00476
-0.00339
-0.00208
-0.00043
0.00089
0.00284
0.00418
0.00623
0.00781
0.00992
0.01172
0.01379
0.01584
0.01801
0.02017
0.02240
0.02469
0.02710
0.02945
0.03183
0.03448
0.03677
0.03961
0.04202
0.04483
0.04739
0.05026
0.05286
0.05585
0.05844
0.06149
0.06418
0.06720
0.07010
0.07297
0.07602
0.07889
0.08194
0.08484
0.08798
0.09082
0.09396
0.09686
0.10001
0.10291
0.10599
0.10892
0.11197
0.11493
0.11792
0.12079
0.12393
0.12656
0.12973
0.13248
0.13528
0.13831
0.14087
0.14386
0.14648
0.14917
0.15195
0.15448
0.15717
0.15961
0.16235
0.16455
0.16718
0.16946
0.17178
0.17407
0.17636
0.17847
0.18057
0.18274
0.18460
0.18665
0.18848
0.19034
0.19205
0.19379
0.19537
0.19693
0.19846
0.19980
0.20123
0.20245
0.20364
0.20483
0.20572
0.20688
0.20764
0.20847
0.20926
0.20981
0.21039
0.21094
0.21121
0.21161
0.21173
0.21201
0.21185
0.21198
0.21170
0.21149
0.21124
0.21066
0.21027
0.20959
0.20886
0.20810
0.20715
0.20612
0.20508
0.20380
0.20251
0.20114
0.19952
0.19797
0.19626
0.19437
0.19254
0.19034
0.18829
0.18597
0.18375
0.18109
0.17868
0.17584
0.17325
0.17007
0.16733
0.16406
0.16080
0.15759
0.15402
0.15060
0.14694
0.14285
0.13916
0.13510
0.13107
0.12692
0.12268
0.11826
0.11377
0.10910
0.10440
0.09952
0.09464
0.08948
0.08447
0.07916
0.07388
0.06842
0.06296
0.05734
0.05164
0.04596
0.03998
0.03412
0.02814
0.02194
0.01596
0.00958
0.00333
-0.00305
-0.00940
-0.01596
-0.02246
-0.02902
-0.03574
-0.04239
-0.04910
-0.05591
-0.06262
-0.06955
-0.07632
-0.08334
-0.09009
-0.09714
-0.10403
-0.11096
-0.11798
-0.12488
-0.13187
-0.13882
-0.14575
-0.15274
-0.15958
-0.16656
-0.17334
-0.18039
-0.18692
-0.19406
-0.20053
-0.20752
-0.21399
-0.22079
-0.22726
-0.23398
-0.24033
-0.24692
-0.25320
-0.25961
-0.26587
-0.27213
-0.27826
-0.28436
-0.29034
-0.29636
-0.30219
-0.30807
-0.31372
-0.31946
-0.32501
-0.33047
-0.33597
-0.34122
-0.34653
-0.35172
-0.35663
-0.36172
-0.36652
-0.37131
-0.37592
-0.38049
-0.38486
-0.38928
-0.39334
-0.39749
-0.40131
-0.40524
-0.40875
-0.41238
-0.41565
-0.41904
-0.42194
-0.42511
-0.42767
-0.43054
-0.43292
-0.43546
-0.43762
-0.43976
-0.44180
-0.44366
-0.44550
-0.44708
-0.44873
-0.45010
-0.45154
-0.45276
-0.45404
-0.45505
-0.45618
-0.45715
-0.45792
-0.45898
-0.45956
-0.46036
-0.46112
-0.46161
-0.46228
-0.46280
-0.46323
-0.46378
-0.46411
-0.46454
-0.46487
-0.46515
-0.46548
-0.46567
-0.46588
-0.46619
-0.46613
-0.46655
-0.46631
-0.46677
-0.46652
-0.46671
-0.46664
-0.46664
-0.46661
-0.46646
-0.46646
-0.46622
-0.46613
-0.46594
-0.46567
-0.46552
-0.46509
-0.46484
-0.46457
-0.46399
-0.46378
-0.46313
-0.46268
-0.46213
-0.46149
-0.46082
-0.46014
-0.45929
-0.45853
-0.45758
-0.45654
-0.45557
-0.45435
-0.45316
-0.45178
-0.45032
-0.44888
-0.44705
-0.44543
-0.44339
-0.44144
-0.43921
-0.43680
-0.43442
-0.43164
-0.42892
-0.42581
-0.42267
-0.41934
-0.41574
-0.41214
-0.40811
-0.40414
-0.39981
-0.39545
-0.39087
-0.38605
-0.38123
-0.37601
-0.37097
-0.36542
-0.36008
-0.35422
-0.34863
-0.34247
-0.33661
-0.33029
-0.32407
-0.31750
-0.31104
-0.30423
-0.29761
-0.29047
-0.28363
-0.27631
-0.26910
-0.26181
-0.25412
-0.24677
-0.23889
-0.23114
-0.22330
-0.21515
-0.20731
-0.19885
-0.19073
-0.18240
-0.17383
-0.16544
-0.15680
-0.14813
-0.13947
-0.13065
-0.12177
-0.11295
-0.10397
-0.09497
-0.08609
-0.07678
-0.06799
-0.05869
-0.04971
-0.04062
-0.03140
-0.02231
-0.01334
-0.00403
0.00482
0.01404
0.02298
0.03192
0.04092
0.04971
0.05869
0.06735
0.07614
0.08478
0.09332
0.10187
0.11029
0.11856
0.12692
0.13498
0.14316
0.15100
0.15897
0.16678
0.17426
0.18204
0.18927
0.19672
0.20398
0.21088
0.21808
0.22476
0.23160
0.23825
0.24457
0.25116
0.25723
0.26343
0.26938
0.27536
0.28088
0.28677
0.29196
0.29761
0.30264
0.30783
0.31281
0.31766
0.32233
0.32709
0.33136
0.33582
0.34003
0.34415
0.34802
0.35202
0.35556
0.35931
0.36261
0.36621
0.36908
0.37256
0.37515
0.37839
0.38077
0.38367
0.38596
0.38843
0.39069
0.39279
0.39493
0.39676
0.39856
0.40042
0.40179
0.40356
0.40485
0.40616
0.40735
0.40839
0.40945
0.41046
0.41129
0.41205
0.41272
0.41336
0.41376
0.41428
0.41452
0.41486
0.41492
0.41513
0.41504
0.41507
0.41495
0.41461
0.41458
0.41394
0.41370
0.41318
0.41251
0.41193
0.41119
0.41031
0.40952
0.40845
0.40747
0.40637
0.40509
0.40396
0.40240
0.40112
0.39957
0.39795
0.39630
0.39450
0.39273
0.39075
0.38879
0.38672
0.38452
0.38232
0.37997
0.37759
0.37512
0.37262
0.36990
0.36728
0.36450
0.36157
0.35873
0.35577
0.35257
0.34964
0.34625
0.34320
0.33966
0.33643
0.33292
0.32944
0.32584
0.32224
0.31857
0.31479
0.31110
0.30716
0.30334
0.29944
0.29535
0.29147
0.28726
0.28333
0.27899
0.27499
0.27069
0.26639
0.26224
0.25781
0.25351
0.24921
0.24469
0.24039
0.23587
0.23151
0.22693
0.22253
0.21802
0.21344
0.20911
0.20435
0.20007
0.19534
0.19101
0.18631
0.18195
0.17734
0.17297
0.16840
0.16394
0.15958
0.15500
0.15079
0.14621
0.14206
0.13754
0.13342
0.12897
0.12497
0.12061
0.11652
0.11243
0.10834
0.10440
0.10028
0.09659
0.09250
0.08887
0.08499
0.08136
0.07779
0.07401
0.07083
0.06699
0.06393
0.06049
0.05722
0.05417
0.05093
0.04803
0.04501
0.04218
0.03934
0.03665
0.03403
0.03146
0.02893
0.02667
0.02423
0.02209
0.01990
0.01791
0.01587
0.01410
0.01218
0.01062
0.00885
0.00748
0.00595
0.00461
0.00336
0.00223
0.00110
0.00015
-0.00076
-0.00159
-0.00223
-0.00299
-0.00333
-0.00400
-0.00421
-0.00455
-0.00464
-0.00479
-0.00482
-0.00470
-0.00452
-0.00427
-0.00391
-0.00354
-0.00299
-0.00235
-0.00174
-0.00098
-0.00006
0.00073
0.00186
0.00284
0.00409
0.00525
0.00659
0.00797
0.00940
0.01096
0.01251
0.01425
0.01587
0.01779
0.01953
0.02155
0.02350
0.02554
0.02768
0.02982
0.03198
0.03439
0.03653
0.03912
0.04129
0.04398
0.04636
0.04901
0.05151
0.05426
0.05679
0.05966
0.06226
0.06512
0.06793
0.07071
0.07361
0.07648
0.07941
0.08224
0.08530
0.08823
0.09106
0.09424
0.09711
0.10013
0.10318
0.10608
0.10916
0.11215
0.11511
0.11819
0.12109
0.12418
0.12704
0.13007
0.13293
0.13593
0.13885
0.14157
0.14465
0.14728
0.15024
0.15292
0.15567
0.15845
0.16104
0.16382
0.16623
0.16898
0.17136
0.17398
0.17627
0.17874
0.18106
0.18332
0.18567
0.18768
0.19000
0.19193
0.19406
0.19589
0.19791
0.19971
0.20139
0.20328
0.20471
0.20648
0.20779
0.20941
0.21063
0.21198
0.21323
0.21429
0.21542
0.21643
0.21725
0.21808
0.21902
0.21942
0.22025
0.22055
0.22107
0.22147
0.22153
0.22183
0.22180
0.22183
0.22177
0.22137
0.22131
0.22064
0.22049
0.21957
0.21915
0.21814
0.21747
0.21631
0.21539
0.21414
0.21280
0.21155
0.20999
0.20837
0.20676
0.20486
0.20309
0.20096
0.19897
0.19659
0.19443
0.19186
0.18945
0.18665
0.18405
0.18097
0.17822
0.17490
0.17197
0.16837
0.16516
0.16168
0.15796
0.15408
0.15021
0.14633
0.14224
0.13818
0.13385
0.12958
0.12503
0.12042
0.11572
0.11081
0.10599
0.10086
0.09583
0.09052
0.08524
0.07980
0.07428
0.06870
0.06302
0.05725
0.05136
0.04538
0.03949
0.03320
0.02719
0.02075
0.01462
0.00812
0.00165
-0.00482
-0.01151
-0.01797
-0.02484
-0.03146
-0.03830
-0.04504
-0.05209
-0.05878
-0.06589
-0.07272
-0.07977
-0.08679
-0.09378
-0.10080
-0.10794
-0.11487
-0.12201
-0.12900
-0.13614
-0.14307
-0.15021
-0.15714
-0.16415
-0.17114
-0.17807
-0.18503
-0.19183
-0.19876
-0.20554
-0.21231
-0.21906
-0.22568
-0.23242
-0.23889
-0.24545
-0.25198
-0.25830
-0.26474
-0.27097
-0.27722
-0.28329
-0.28955
-0.29544
-0.30136
-0.30737
-0.31302
-0.31882
-0.32440
-0.33002
-0.33542
-0.34085
-0.34607
-0.35132
-0.35641
-0.36142
-0.36627
-0.37109
-0.37579
-0.38037
-0.38474
-0.38925
-0.39322
-0.39752
-0.40131
-0.40521
-0.40887
-0.41238
-0.41577
-0.41907
-0.42206
-0.42517
-0.42789
-0.43054
-0.43314
-0.43549
-0.43774
-0.44000
-0.44183
-0.44382
-0.44556
-0.44724
-0.44879
-0.45026
-0.45157
-0.45294
-0.45404
-0.45523
-0.45615
-0.45728
-0.45801
-0.45895
-0.45969
-0.46042
-0.46106
-0.46173
-0.46222
-0.46283
-0.46323
-0.46375
-0.46408
-0.46457
-0.46475
-0.46521
-0.46530
-0.46576
-0.46573
-0.46613
-0.46609
-0.46634
-0.46637
-0.46652
-0.46646
-0.46649
-0.46658
-0.46637
-0.46649
-0.46625
-0.46622
-0.46600
-0.46591
-0.46558
-0.46545
-0.46509
-0.46490
-0.46439
-0.46417
-0.46365
-0.46323
-0.46277
-0.46213
-0.46158
-0.46094
-0.46021
-0.45944
-0.45859
-0.45770
-0.45679
-0.45566
-0.45453
-0.45331
-0.45206
-0.45053
-0.44913
-0.44739
-0.44565
-0.44376
-0.44174
-0.43954
-0.43719
-0.43475
-0.43216
-0.42917
-0.42642
-0.42303
-0.41989
-0.41623
-0.41257
-0.40875
-0.40457
-0.40048
-0.39590
-0.39145
-0.38663
-0.38174
-0.37665
-0.37143
-0.36606
-0.36053
-0.35483
-0.34912
-0.34299
-0.33710
-0.33075
-0.32455
-0.31790
-0.31155
-0.30460
-0.29797
-0.29092
-0.28384
-0.27676
-0.26935
-0.26205
-0.25443
-0.24695
-0.23907
-0.23132
-0.22336
-0.21539
-0.20712
-0.19907
-0.19067
-0.18225
-0.17389
-0.16519
-0.15665
-0.14798
-0.13910
-0.13034
-0.12149
-0.11246
-0.10361
-0.09445
-0.08542
-0.07639
-0.06717
-0.05814
-0.04886
-0.03983
-0.03055
-0.02145
-0.01224
-0.00311
0.00595
0.01520
0.02411
0.03326
0.04218
0.05118
0.06003
0.06894
0.07767
0.08636
0.09506
0.10352
0.11212
0.12045
0.12878
0.13702
0.14508
0.15320
0.16113
0.16885
0.17673
0.18411
0.19183
0.19910
0.20636
0.21359
0.22052
0.22754
0.23428
0.24091
0.24759
0.25378
0.26028
0.26636
0.27240
0.27838
0.28406
0.28986
0.29526
0.30081
0.30591
0.31131
0.31607
0.32114
0.32584
0.33047
0.33511
0.33926
0.34378
0.34766
0.35190
0.35559
0.35947
0.36304
0.36649
0.36996
0.37311
0.37625
0.37927
0.38211
0.38489
0.38748
0.38998
0.39240
0.39471
0.39679
0.39883
0.40085
0.40256
0.40445
0.40594
0.40750
0.40887
0.41013
0.41125
0.41241
0.41348
0.41449
0.41537
0.41632
0.41696
0.41763
0.41815
0.41849
0.41888
0.41916
0.41922
0.41940
0.41931
0.41934
0.41919
0.41888
0.41873
0.41824
0.41800
0.41736
0.41681
0.41623
0.41541
0.41473
0.41379
0.41293
0.41180
0.41080
0.40964
0.40836
0.40701
0.40576
0.40402
0.40277
0.40085
0.39938
0.39731
0.39575
0.39346
0.39172
0.38943
0.38730
0.38495
0.38272
0.38016
0.37772
0.37512
0.37238
0.36975
0.36682
0.36401
0.36099
0.35803
0.35480
0.35172
0.34848
0.34512
0.34180
0.33838
0.33475
0.33142
0.32751
0.32416
0.32016
0.31659
0.31256
0.30887
0.30481
0.30087
0.29678
0.29276
0.28873
0.28439
0.28036
0.27603
0.27179
0.26755
0.26309
0.25888
0.25436
0.24997
0.24561
0.24106
0.23657
0.23221
0.22748
0.22314
0.21848
0.21399
0.20941
0.20483
0.20035
0.19565
0.19122
0.18658
0.18201
0.17758
0.17288
0.16852
0.16397
0.15945
0.15503
0.15057
0.14615
0.14178
0.13742
0.13306
0.12881
0.12460
0.12024
0.11627
0.11191
0.10806
0.10379
0.10004
0.09592
0.09210
0.08832
0.08444
0.08084
0.07709
0.07361
0.07001
0.06659
0.06317
0.05984
0.05667
0.05341
0.05035
0.04727
0.04440
0.04144
0.03867
0.03604
0.03320
0.03094
0.02817
0.02603
0.02356
0.02142
0.01935
0.01709
0.01538
0.01321
0.01172
0.00986
0.00854
0.00674
0.00562
0.00400
0.00278
0.00150
0.00034
-0.00070
-0.00159
-0.00244
-0.00308
-0.00372
-0.00412
-0.00458
-0.00479
-0.00500
-0.00516
-0.00510
-0.00510
-0.00482
-0.00473
-0.00427
-0.00397
-0.00336
-0.00299
-0.00204
-0.00159
-0.00055
0.00021
0.00119
0.00226
0.00339
0.00452
0.00598
0.00705
0.00873
0.01004
0.01166
0.01328
0.01492
0.01682
0.01846
0.02048
0.02231
0.02444
0.02637
0.02866
0.03064
0.03311
0.03516
0.03769
0.03992
0.04251
0.04480
0.04761
0.04987
0.05270
0.05524
0.05792
0.06070
0.06339
0.06625
0.06894
0.07190
0.07468
0.07764
0.08051
0.08344
0.08633
0.08942
0.09229
0.09534
0.09827
0.10132
0.10428
0.10730
0.11035
0.11325
0.11642
0.11920
0.12231
0.12534
0.12817
0.13116
0.13419
0.13696
0.13998
0.14282
0.14560
0.14859
0.15125
0.15405
0.15680
0.15952
0.16214
0.16479
0.16739
0.16992
0.17242
0.17493
0.17737
0.17963
0.18204
0.18430
0.18646
0.18875
0.19067
0.19293
0.19473
0.19684
0.19858
0.20038
0.20227
0.20383
0.20544
0.20703
0.20844
0.20993
0.21121
0.21246
0.21359
0.21481
0.21573
0.21677
0.21762
0.21832
0.21912
0.21970
0.22028
0.22067
0.22107
0.22131
0.22159
0.22159
0.22165
0.22159
0.22131
0.22122
0.22061
0.22046
0.21954
0.21924
0.21826
0.21753
0.21655
0.21545
0.21436
0.21310
0.21173
0.21033
0.20862
0.20715
0.20517
0.20346
0.20132
0.19943
0.19702
0.19482
0.19238
0.18982
0.18729
0.18439
0.18167
0.17865
0.17548
0.17242
0.16907
0.16565
0.16217
0.15860
0.15482
0.15082
0.14685
0.14273
0.13876
0.13434
0.13019
0.12546
0.12109
0.11621
0.11142
0.10651
0.10141
0.09628
0.09100
0.08569
0.08029
0.07471
0.06909
0.06335
0.05762
0.05164
0.04578
0.03961
0.03351
0.02731
0.02100
0.01471
0.00815
0.00171
-0.00476
-0.01157
-0.01807
-0.02493
-0.03171
-0.03845
-0.04538
-0.05231
-0.05927
-0.06625
-0.07321
-0.08035
-0.08734
-0.09442
-0.10159
-0.10861
-0.11578
-0.12286
-0.13000
-0.13705
-0.14423
-0.15128
-0.15839
-0.16537
-0.17252
-0.17941
-0.18646
-0.19336
-0.20029
-0.20718
-0.21387
-0.22079
-0.22742
-0.23401
-0.24078
-0.24716
-0.25381
-0.26013
-0.26657
-0.27277
-0.27924
-0.28516
-0.29144
-0.29730
-0.30344
-0.30923
-0.31506
-0.32071
-0.32645
-0.33200
-0.33743
-0.34286
-0.34808
-0.35339
-0.35843
-0.36349
-0.36835
-0.37317
-0.37793
-0.38232
-0.38696
-0.39120
-0.39536
-0.39957
-0.40341
-0.40717
-0.41104
-0.41422
-0.41785
-0.42096
-0.42407
-0.42700
-0.42972
-0.43243
-0.43488
-0.43729
-0.43948
-0.44159
-0.44351
-0.44550
-0.44702
-0.44882
-0.45026
-0.45169
-0.45303
-0.45432
-0.45532
-0.45663
-0.45743
-0.45850
-0.45926
-0.46027
-0.46075
-0.46170
-0.46213
-0.46295
-0.46335
-0.46384
-0.46454
-0.46460
-0.46545
-0.46533
-0.46603
-0.46619
-0.46643
-0.46671
-0.46695
-0.46701
-0.46729
-0.46738
-0.46744
-0.46759
-0.46750
-0.46765
-0.46768
-0.46750
-0.46765
-0.46735
-0.46747
-0.46716
-0.46713
-0.46689
-0.46671
-0.46640
-0.46625
-0.46576
-0.46564
-0.46512
-0.46472
-0.46432
-0.46381
-0.46320
-0.46274
-0.46198
-0.46136
-0.46060
-0.45975
-0.45889
-0.45792
-0.45691
-0.45581
-0.45453
-0.45337
-0.45181
-0.45050
-0.44873
-0.44702
-0.44525
-0.44315
-0.44101
-0.43881
-0.43613
-0.43378
-0.43079
-0.42792
-0.42474
-0.42142
-0.41794
-0.41415
-0.41037
-0.40622
-0.40204
-0.39761
-0.39291
-0.38831
-0.38324
-0.37823
-0.37286
-0.36758
-0.36188
-0.35638
-0.35037
-0.34448
-0.33826
-0.33218
-0.32562
-0.31934
-0.31253
-0.30591
-0.29898
-0.29205
-0.28488
-0.27771
-0.27036
-0.26294
-0.25543
-0.24768
-0.24002
-0.23203
-0.22418
-0.21606
-0.20789
-0.19971
-0.19128
-0.18292
-0.17438
-0.16583
-0.15717
-0.14835
-0.13980
-0.13058
-0.12207
-0.11276
-0.10403
-0.09485
-0.08578
-0.07669
-0.06750
-0.05838
-0.04926
-0.03998
-0.03094
-0.02164
-0.01254
-0.00336
0.00580
0.01480
0.02399
0.03296
0.04196
0.05093
0.05978
0.06866
0.07736
0.08612
0.09473
0.10330
0.11176
0.12015
0.12848
0.13660
0.14478
0.15277
0.16068
0.16846
0.17615
0.18375
0.19122
0.19855
0.20584
0.21289
0.21997
0.22681
0.23352
0.24033
0.24655
0.25323
0.25925
0.26559
0.27145
0.27740
0.28311
0.28882
0.29422
0.29968
0.30487
0.31006
0.31491
0.31995
0.32449
0.32922
0.33359
0.33798
0.34213
0.34628
0.35016
0.35406
0.35767
0.36133
0.36472
0.36804
0.37131
0.37424
0.37735
0.38000
0.38284
0.38525
0.38785
0.39011
0.39246
0.39462
0.39664
0.39853
0.40021
0.40182
0.40335
0.40460
0.40616
0.40717
0.40839
0.40942
0.41046
0.41150
0.41223
0.41321
0.41373
0.41437
0.41498
0.41528
0.41571
0.41602
0.41605
0.41626
0.41623
0.41623
0.41602
0.41586
0.41556
0.41513
0.41483
0.41409
0.41376
0.41281
0.41229
0.41122
0.41046
0.40942
0.40826
0.40726
0.40588
0.40460
0.40323
0.40167
0.40018
0.39850
0.39679
0.39493
0.39304
0.39111
0.38898
0.38690
0.38458
0.38232
0.37994
0.37741
0.37494
0.37231
0.36954
0.36679
0.36395
0.36102
0.35791
0.35507
0.35165
0.34866
0.34525
0.34195
0.33859
0.33502
0.33154
0.32794
0.32431
0.32056
0.31683
0.31299
0.30911
0.30521
0.30124
0.29721
0.29315
0.28903
0.28485
0.28076
0.27643
0.27219
0.26794
0.26352
0.25922
0.25482
0.25034
0.24597
0.24149
0.23688
0.23251
0.22784
0.22342
0.21878
0.21420
0.20966
0.20502
0.20047
0.19586
0.19125
0.18665
0.18210
0.17743
0.17300
0.16830
0.16385
0.15924
0.15482
0.15024
0.14581
0.14139
0.13690
0.13257
0.12827
0.12378
0.11969
0.11526
0.11127
0.10690
0.10297
0.09879
0.09482
0.09085
0.08701
0.08301
0.07935
0.07550
0.07196
0.06821
0.06473
0.06122
0.05783
0.05450
0.05115
0.04807
0.04480
0.04184
0.03885
0.03592
0.03320
0.03027
0.02780
0.02502
0.02277
0.02017
0.01794
0.01563
0.01355
0.01141
0.00949
0.00751
0.00586
0.00403
0.00244
0.00092
-0.00061
-0.00180
-0.00327
-0.00421
-0.00555
-0.00629
-0.00742
-0.00806
-0.00888
-0.00946
-0.00998
-0.01053
-0.01068
-0.01123
-0.01117
-0.01141
-0.01126
-0.01135
-0.01105
-0.01086
-0.01044
-0.01013
-0.00949
-0.00894
-0.00830
-0.00742
-0.00668
-0.00568
-0.00476
-0.00357
-0.00247
-0.00119
0.00009
0.00146
0.00305
0.00436
0.00623
0.00772
0.00952
0.01138
0.01312
0.01523
0.01709
0.01923
0.02130
0.02353
0.02563
0.02814
0.03027
0.03271
0.03525
0.03757
0.04028
0.04269
0.04541
0.04803
0.05069
0.05344
0.05621
0.05899
0.06183
0.06467
0.06750
0.07043
0.07336
0.07626
0.07932
0.08215
0.08524
0.08820
0.09119
0.09424
0.09720
0.10034
0.10315
0.10641
0.10925
0.11234
0.11536
0.11823
0.12143
0.12418
0.12723
0.13019
0.13303
0.13599
0.13882
0.14169
0.14444
0.14731
0.15002
0.15277
0.15540
0.15811
0.16068
0.16330
0.16574
0.16837
0.17062
0.17316
0.17542
0.17776
0.17999
0.18213
0.18436
0.18628
0.18854
0.19016
0.19244
0.19385
0.19601
0.19742
0.19928
0.20059
0.20236
0.20349
0.20517
0.20612
0.20761
0.20853
0.20969
0.21063
0.21146
0.21240
0.21304
0.21368
0.21432
0.21469
0.21515
0.21545
0.21561
0.21582
0.21582
0.21570
0.21564
0.21533
0.21506
0.21460
0.21408
0.21338
0.21277
0.21188
0.21094
0.21002
0.20871
0.20776
0.20615
0.20496
0.20322
0.20175
0.19989
0.19815
0.19604
0.19412
0.19186
0.18967
0.18719
0.18481
0.18204
0.17950
0.17651
0.17377
0.17053
0.16748
0.16418
0.16083
0.15726
0.15399
0.14990
0.14624
0.14203
0.13831
0.13394
0.13004
0.12546
0.12119
0.11649
0.11194
0.10703
0.10217
0.09714
0.09204
0.08685
0.08157
0.07611
0.07071
0.06503
0.05951
0.05353
0.04794
0.04184
0.03592
0.02975
0.02365
0.01740
0.01105
0.00470
-0.00180
-0.00824
-0.01489
-0.02142
-0.02826
-0.03482
-0.04175
-0.04843
-0.05548
-0.06213
-0.06931
-0.07611
-0.08319
-0.09018
-0.09714
-0.10422
-0.11130
-0.11829
-0.12540
-0.13245
-0.13940
-0.14661
-0.15353
-0.16058
-0.16757
-0.17465
-0.18149
-0.18851
-0.19537
-0.20221
-0.20901
-0.21582
-0.22253
-0.22913
-0.23590
-0.24228
-0.24896
-0.25531
-0.26178
-0.26804
-0.27435
-0.28052
-0.28671
-0.29269
-0.29880
-0.30460
-0.31052
-0.31619
-0.32199
-0.32736
-0.33319
-0.33832
-0.34387
-0.34897
-0.35419
-0.35928
-0.36411
-0.36914
-0.37372
-0.37848
-0.38297
-0.38739
-0.39160
-0.39590
-0.39978
-0.40378
-0.40759
-0.41101
-0.41479
-0.41779
-0.42130
-0.42416
-0.42709
-0.42993
-0.43240
-0.43506
-0.43723
-0.43961
-0.44156
-0.44360
-0.44534
-0.44720
-0.44870
-0.45035
-0.45160
-0.45313
-0.45419
-0.45544
-0.45648
-0.45752
-0.45844
-0.45929
-0.46021
-0.46075
-0.46170
-0.46216
-0.46289
-0.46332
-0.46402
-0.46429
-0.46487
-0.46521
-0.46561
-0.46594
-0.46625
-0.46646
-0.46677
-0.46695
-0.46713
-0.46735
-0.46738
-0.46759
-0.46756
-0.46771
-0.46771
-0.46768
-0.46777
-0.46759
-0.46768
-0.46744
-0.46741
-0.46722
-0.46707
-0.46686
-0.46667
-0.46637
-0.46613
-0.46582
-0.46536
-0.46506
-0.46451
-0.46402
-0.46359
-0.46292
-0.46234
-0.46173
-0.46088
-0.46024
-0.45926
-0.45840
-0.45743
-0.45630
-0.45523
-0.45392
-0.45273
-0.45117
-0.44974
-0.44806
-0.44632
-0.44443
-0.44238
-0.44028
-0.43777
-0.43552
-0.43265
-0.42996
-0.42688
-0.42377
-0.42029
-0.41684
-0.41306
-0.40909
-0.40506
-0.40073
-0.39624
-0.39160
-0.38681
-0.38184
-0.37668
-0.37137
-0.36594
-0.36035
-0.35458
-0.34869
-0.34271
-0.33655
-0.33017
-0.32401
-0.31717
-0.31079
-0.30374
-0.29709
-0.28989
-0.28287
-0.27567
-0.26810
-0.26089
-0.25308
-0.24557
-0.23776
-0.22980
-0.22180
-0.21390
-0.20547
-0.19748
-0.18893
-0.18060
-0.17200
-0.16357
-0.15472
-0.14624
-0.13721
-0.12857
-0.11954
-0.11063
-0.10165
-0.09265
-0.08353
-0.07462
-0.06525
-0.05634
-0.04709
-0.03799
-0.02884
-0.01974
-0.01059
-0.00140
0.00748
0.01672
0.02560
0.03467
0.04361
0.05237
0.06140
0.06989
0.07889
0.08725
0.09601
0.10437
0.11279
0.12109
0.12936
0.13739
0.14554
0.15338
0.16122
0.16898
0.17651
0.18405
0.19147
0.19870
0.20590
0.21286
0.21985
0.22656
0.23337
0.23975
0.24631
0.25253
0.25873
0.26477
0.27069
0.27652
0.28210
0.28769
0.29312
0.29834
0.30365
0.30841
0.31363
0.31808
0.32242
0.32608
0.32999
0.33350
0.33694
0.34042
0.34338
0.34668
0.34933
0.35236
0.35480
0.35742
0.35977
0.36200
0.36414
0.36612
0.36804
0.36963
0.37143
0.37280
0.37421
0.37552
0.37668
0.37762
0.37872
0.37933
0.38028
0.38077
0.38144
0.38156
0.38217
0.38217
0.38251
0.38251
0.38254
0.38245
0.38223
0.38196
0.38162
0.38116
0.38068
0.38007
0.37939
0.37872
0.37787
0.37708
0.37607
0.37509
0.37393
0.37299
0.37158
0.37042
0.36905
0.36765
0.36615
0.36459
0.36301
0.36133
0.35965
0.35770
0.35599
0.35394
0.35196
0.34991
0.34775
0.34561
0.34329
0.34097
0.33859
0.33615
0.33362
0.33109
0.32837
0.32571
0.32300
0.32010
0.31732
0.31430
0.31146
0.30820
0.30542
0.30197
0.29901
0.29568
0.29242
0.28912
0.28571
0.28232
0.27893
0.27530
0.27197
0.26822
0.26474
0.26108
0.25742
0.25375
0.25000
0.24631
0.24246
0.23877
0.23480
0.23117
0.22708
0.22339
0.21945
0.21552
0.21158
0.20776
0.20367
0.19989
0.19577
0.19202
0.18784
0.18405
0.18002
0.17606
0.17218
0.16812
0.16431
0.16028
0.15643
0.15250
0.14865
0.14471
0.14090
0.13712
0.13318
0.12958
0.12564
0.12204
0.11823
0.11462
0.11096
0.10733
0.10376
0.10028
0.09668
0.09335
0.08978
0.08655
0.08310
0.07996
0.07651
0.07361
0.07019
0.06726
0.06418
0.06116
0.05835
0.05533
0.05261
0.04984
0.04703
0.04459
0.04178
0.03943
0.03687
0.03448
0.03220
0.02982
0.02777
0.02542
0.02353
0.02139
0.01956
0.01758
0.01584
0.01404
0.01242
0.01077
0.00922
0.00784
0.00623
0.00522
0.00357
0.00262
0.00134
0.00034
-0.00067
-0.00162
-0.00253
-0.00327
-0.00412
-0.00467
-0.00537
-0.00592
-0.00635
-0.00684
-0.00717
-0.00751
-0.00763
-0.00803
-0.00787
-0.00818
-0.00800
-0.00803
-0.00787
-0.00778
-0.00745
-0.00720
-0.00690
-0.00647
-0.00604
-0.00558
-0.00491
-0.00449
-0.00366
-0.00314
-0.00232
-0.00153
-0.00076
0.00024
0.00095
0.00214
0.00293
0.00406
0.00516
0.00623
0.00735
0.00861
0.00964
0.01114
0.01218
0.01364
0.01492
0.01620
0.01773
0.01901
0.02057
0.02185
0.02356
0.02481
0.02649
0.02798
0.02945
0.03113
0.03256
0.03427
0.03577
0.03745
0.03897
0.04068
0.04218
0.04391
0.04544
0.04715
0.04874
0.05035
0.05197
0.05362
0.05518
0.05682
0.05847
0.05991
0.06171
0.06302
0.06479
0.06619
0.06781
0.06931
0.07071
0.07236
0.07358
0.07532
0.07639
0.07816
0.07919
0.08078
0.08197
0.08328
0.08463
0.08582
0.08707
0.08820
0.08945
0.09045
0.09167
0.09265
0.09378
0.09464
0.09576
0.09653
0.09763
0.09827
0.09930
0.09988
0.10083
0.10144
0.10211
0.10278
0.10339
0.10385
0.10455
0.10480
0.10553
0.10556
0.10629
0.10635
0.10672
0.10693
0.10712
0.10724
0.10742
0.10736
0.10748
0.10736
0.10736
0.10724
0.10699
0.10690
0.10657
0.10629
0.10599
0.10553
0.10519
0.10464
0.10419
0.10352
0.10306
0.10223
0.10172
0.10074
0.10022
0.09912
0.09845
0.09735
0.09650
0.09546
0.09436
0.09329
0.09207
0.09100
0.08960
0.08850
0.08698
0.08578
0.08423
0.08282
0.08133
0.07977
0.07819
0.07654
0.07489
0.07315
0.07144
0.06973
0.06781
0.06589
0.06396
0.06198
0.06006
0.05801
0.05588
0.05389
0.05167
0.04959
0.04739
0.04514
0.04300
0.04056
0.03842
0.03592
0.03366
0.03116
0.02875
0.02631
0.02374
0.02133
0.01868
0.01614
0.01364
0.01096
0.00839
0.00571
0.00314
0.00040
-0.00217
-0.00491
-0.00760
-0.01022
-0.01300
-0.01559
-0.01840
-0.02103
-0.02371
-0.02649
-0.02905
-0.03186
-0.03442
-0.03717
-0.03979
-0.04242
-0.04510
-0.04761
-0.05035
-0.05280
-0.05548
-0.05792
-0.06052
-0.06296
-0.06546
-0.06790
-0.07031
-0.07278
-0.07504
-0.07742
-0.07977
-0.08200
-0.08429
-0.08643
-0.08868
-0.09079
-0.09293
-0.09497
-0.09705
-0.09897
-0.10046
-0.10153
-0.10300
-0.10388
-0.10522
-0.10605
-0.10727
-0.10800
-0.10901
-0.10980
-0.11053
-0.11130
-0.11197
-0.11249
-0.11319
-0.11359
-0.11398
-0.11456
-0.11462
-0.11517
-0.11526
-0.11545
-0.11563
-0.11566
-0.11569
-0.11569
-0.11557
-0.11545
-0.11530
-0.11499
-0.11487
-0.11435
-0.11414
-0.11359
-0.11328
-0.11261
-0.11230
-0.11148
-0.11108
-0.11035
-0.10968
-0.10907
-0.10828
-0.10757
-0.10681
-0.10605
-0.10529
-0.10440
-0.10367
-0.10272
-0.10205
-0.10101
-0.10034
-0.09924
-0.09863
-0.09753
-0.09683
-0.09579
-0.09503
-0.09402
-0.09329
-0.09222
-0.09149
-0.09052
-0.08960
-0.08887
-0.08777
-0.08710
-0.08603
-0.08527
-0.08438
-0.08350
-0.08261
-0.08176
-0.08090
-0.08002
-0.07922
-0.07828
-0.07751
-0.07660
-0.07581
-0.07495
-0.07410
-0.07330
-0.07245
-0.07159
-0.07086
-0.06989
-0.06927
-0.06830
-0.06757
-0.06671
-0.06592
-0.06512
-0.06430
-0.06351
-0.06271
-0.06186
-0.06116
-0.06018
-0.05957
-0.05862
-0.05789
-0.05707
-0.05621
-0.05545
-0.05460
-0.05377
-0.05295
-0.05212
-0.05127
-0.05038
-0.04962
-0.04861
-0.04791
-0.04691
-0.04608
-0.04520
-0.04425
-0.04343
-0.04245
-0.04160
-0.04062
-0.03976
-0.03885
-0.03787
-0.03702
-0.03604
-0.03516
-0.03424
-0.03333
-0.03238
-0.03152
-0.03058
-0.02969
-0.02884
-0.02780
-0.02710
-0.02609
-0.02527
-0.02444
-0.02350
-0.02267
-0.02188
-0.02094
-0.02026
-0.01932
-0.01852
-0.01779
-0.01691
-0.01620
-0.01538
-0.01459
-0.01395
-0.01306
-0.01245
-0.01163
-0.01099
-0.01022
-0.00958
-0.00885
-0.00824
-0.00754
-0.00693
-0.00623
-0.00571
-0.00500
-0.00446
-0.00391
-0.00323
-0.00281
-0.00217
-0.00165
-0.00119
-0.00064
-0.00012
0.00021
0.00089
0.00116
0.00168
0.00211
0.00244
0.00290
0.00330
0.00357
0.00403
0.00430
0.00464
0.00497
0.00528
0.00549
0.00589
0.00604
0.00635
0.00659
0.00681
0.00699
0.00726
0.00739
0.00757
0.00784
0.00781
0.00815
0.00815
0.00833
0.00848
0.00851
0.00870
0.00870
0.00888
0.00882
0.00909
0.00891
0.00916
0.00909
0.00912
0.00925
0.00916
0.00922
0.00928
0.00916
0.00931
0.00916
0.00922
0.00922
0.00909
0.00922
0.00903
0.00906
0.00906
0.00888
0.00903
0.00876
0.00888
0.00870
0.00873
0.00854
0.00864
0.00836
0.00851
0.00821
0.00833
0.00812
0.00806
0.00803
0.00784
0.00784
0.00769
0.00766
0.00751
0.00742
0.00739
0.00720
0.00717
0.00708
0.00687
0.00699
0.00665
0.00671
0.00656
0.00641
0.00644
0.00623
0.00616
0.00610
0.00595
0.00583
0.00586
0.00562
0.00558
0.00555
0.00528
0.00537
0.00519
0.00507
0.00507
0.00485
0.00488
0.00467
0.00470
0.00449
0.00449
0.00436
0.00427
0.00421
0.00406
0.00406
0.00388
0.00385
0.00381
0.00363
0.00360
0.00351
0.00339
0.00339
0.00327
0.00317
0.00308
0.00311
0.00287
0.00296
0.00275
0.00275
0.00269
0.00259
0.00250
0.00247
0.00238
0.00232
0.00226
0.00220
0.00211
0.00211
0.00198
0.00195
0.00189
0.00183
0.00174
0.00177
0.00162
0.00168
0.00150
0.00153
0.00146
0.00140
0.00137
0.00131
0.00122
0.00128
0.00113
0.00119
0.00107
0.00104
0.00104
0.00098
0.00092
0.00095
0.00079
0.00092
0.00076
0.00076
0.00076
0.00064
0.00070
0.00067
0.00058
0.00061
0.00055
0.00052
0.00052
0.00049
0.00049
0.00037
0.00052
0.00027
0.00049
0.00027
0.00040
0.00027
0.00034
0.00024
0.00034
0.00015
0.00034
0.00018
0.00018
0.00031
0.00003
0.00031
0.00006
0.00024
0.00006
0.00021
0.00003
0.00018
0.00006
0.00012
0.00009
0.00003
0.00015
0.00000
0.00012
0.00000
0.00012
-0.00003
0.00009
0.00003
0.00000
0.00009
-0.00003
0.00003
0.00003
0.00003
-0.00003
0.00006
-0.00003
0.00003
0.00000
0.00000
0.00000
0.00000
0.00003
-0.00006
0.00003
0.00000
-0.00003
0.00003
-0.00003
0.00000
0.00000
0.00000
-0.00003
0.00003
-0.00003
0.00000
0.00000
-0.00003
0.00003
-0.00003
0.00000
0.00000
-0.00003
0.00003
0.00000
-0.00006
0.00009
-0.00012
0.00012
-0.00009
0.00006
-0.00003
0.00000
0.00003
-0.00003
0.00003
-0.00003
0.00003
-0.00003
0.00006
-0.00003
0.00000
0.00003
-0.00003
0.00003
0.00003
-0.00003
0.00003
0.00000
-0.00003
0.00009
-0.00006
0.00006
-0.00006
0.00009
-0.00009
0.00015
-0.00012
0.00009
-0.00006
0.00009
-0.00006
0.00006
0.00003
-0.00006
0.00006
0.00000
0.00000
0.00006
-0.00006
0.00009
-0.00006
0.00009
-0.00009
0.00012
-0.00009
0.00012
-0.00009
0.00009
-0.00009
0.00012
-0.00009
0.00009
0.00000
-0.00003
0.00003
0.00003
-0.00006
0.00012
-0.00009
0.00009
-0.00003
0.00000
0.00006
-0.00009
0.00012
-0.00009
0.00009
-0.00003
0.00000
0.00000
0.00003
-0.00003
0.00006
-0.00006
0.00003
0.00000
0.00003
-0.00003
0.00003
0.00000
-0.00003
0.00009
-0.00009
0.00006
0.00000
-0.00003
0.00009
-0.00009
0.00006
-0.00003
0.00003
0.00000
-0.00003
0.00006
-0.00006
0.00006
-0.00006
0.00006
-0.00003
0.00000
0.00003
-0.00003
0.00003
0.00000
-0.00003
0.00006
-0.00003
0.00000
0.00003
-0.00006
0.00006
-0.00003
0.00003
-0.00003
0.00003
-0.00003
0.00003
-0.00003
0.00003
-0.00003
0.00003
-0.00003
0.00003
-0.00003
0.00003
-0.00003
0.00000
0.00003
-0.00003
0.00003
-0.00003
0.00003
-0.00003
0.00003
-0.00003
0.00000
0.00006
-0.00009
0.00009
-0.00009
0.00006
-0.00003
0.00003
-0.00003
0.00003
-0.00003
0.00003
-0.00003
0.00003
-0.00003
0.00003
-0.00003
0.00003
0.00000
-0.00003
0.00003
-0.00003
0.00003
0.00000
-0.00003
0.00003
-0.00003
0.00003
-0.00003
0.00000
0.00003
-0.00006
0.00009
-0.00012
0.00012
-0.00012
0.00012
-0.00009
0.00003
0.00000
0.00000
0.00000
0.00000
0.00000
0.00000
0.00003
-0.00003
0.00000
0.00003
-0.00003
0.00003
-0.00003
0.00006
-0.00009
0.00009
-0.00009
0.00006
0.00000
-0.00003
0.00000
0.00003
-0.00006
0.00006
-0.00003
0.00000
0.00003
-0.00006
0.00006
-0.00006
0.00006
-0.00003
0.00000
0.00003
