0.00000
0.00000
0.00000
0.00000
0.00003
-0.00006
0.00006
-0.00006
0.00006
-0.00003
0.00000
0.00000
0.00000
0.00000
0.00000
0.00000
-0.00003
0.00006
-0.00009
0.00012
-0.00015
0.00015
-0.00012
0.00006
0.00000
-0.00006
0.00009
-0.00009
0.00006
-0.00006
0.00006
-0.00006
0.00006
-0.00006
0.00003
0.00000
0.00000
0.00000
0.00000
-0.00003
0.00006
-0.00006
0.00003
0.00000
-0.00003
0.00003
-0.00003
0.00000
0.00000
0.00003
-0.00006
0.00006
-0.00006
0.00006
-0.00006
0.00006
-0.00006
0.00003
0.00000
-0.00003
0.00006
-0.00006
0.00003
-0.00003
0.00003
0.00000
-0.00003
0.00003
-0.00006
0.00012
-0.00015
0.00015
-0.00015
0.00012
-0.00003
-0.00003
0.00003
-0.00003
0.00003
0.00000
-0.00003
0.00003
-0.00003
0.00003
0.00000
-0.00003
0.00003
0.00000
-0.00006
0.00012
-0.00009
0.00006
-0.00003
-0.00003
0.00006
-0.00003
0.00000
0.00003
-0.00003
0.00000
0.00003
-0.00006
0.00009
-0.00009
0.00009
-0.00009
0.00006
0.00000
-0.00006
0.00009
-0.00009
0.00006
0.00000
-0.00003
0.00000
0.00003
-0.00006
0.00012
-0.00015
0.00012
-0.00009
0.00006
-0.00003
0.00003
-0.00006
0.00006
-0.00003
0.00000
0.00003
-0.00003
-0.00003
0.00009
-0.00009
0.00006
-0.00003
0.00000
0.00000
0.00003
-0.00006
0.00006
-0.00006
0.00003
0.00000
0.00000
-0.00003
0.00003
-0.00003
0.00003
-0.00003
0.00003
-0.00003
0.00000
0.00003
-0.00006
0.00006
-0.00003
-0.00003
0.00006
-0.00006
0.00003
0.00000
-0.00003
0.00003
0.00000
-0.00003
0.00006
-0.00009
0.00009
-0.00006
0.00006
-0.00009
0.00009
-0.00009
0.00009
-0.00003
-0.00003
0.00006
-0.00009
0.00009
-0.00006
0.00003
0.00000
0.00000
-0.00003
0.00006
-0.00012
0.00015
-0.00012
0.00006
0.00000
-0.00003
0.00003
-0.00003
0.00000
0.00003
-0.00003
0.00006
-0.00006
0.00003
0.00000
-0.00003
0.00003
0.00000
0.00000
0.00003
-0.00006
0.00003
-0.00003
0.00003
0.00000
-0.00003
0.00006
-0.00009
0.00006
-0.00003
0.00003
-0.00003
0.00006
-0.00009
0.00006
-0.00003
0.00003
-0.00003
0.00003
-0.00003
0.00000
0.00003
-0.00003
0.00000
0.00003
-0.00003
0.00000
0.00003
-0.00006
0.00006
-0.00003
0.00000
0.00000
0.00000
0.00000
0.00000
0.00000
0.00000
0.00000
0.00000
-0.00003
0.00006
-0.00006
0.00006
-0.00009
0.00009
-0.00006
0.00006
-0.00003
-0.00003
0.00003
0.00000
0.00000
0.00000
0.00003
-0.00012
0.00018
-0.00018
0.00012
-0.00003
-0.00006
0.00012
-0.00012
0.00009
-0.00006
0.00000
0.00003
0.00000
-0.00003
0.00006
-0.00009
0.00006
0.00000
0.00000
0.00000
0.00000
0.00000
-0.00006
-0.00031
-0.00079
-0.00165
-0.00296
-0.00452
-0.00613
-0.00778
-0.00876
-0.00980
-0.01001
-0.01038
-0.01050
-0.01077
-0.01105
-0.01147
-0.01236
-0.01376
-0.01581
-0.01791
-0.01962
-0.02029
-0.01978
-0.01736
-0.01331
-0.00745
0.00009
0.00888
0.01923
0.03058
0.04309
0.05624
0.07007
0.08386
0.09729
0.10980
0.12030
0.12912
0.13507
0.13882
0.14011
0.13901
0.13574
0.13013
0.12238
0.11237
0.10001
0.08533
0.06845
0.04993
0.03009
0.00955
-0.01157
-0.03342
-0.05530
-0.07822
-0.10086
-0.12424
-0.14752
-0.17050
-0.19241
-0.21252
-0.23004
-0.24454
-0.25656
-0.26569
-0.27341
-0.27884
-0.28287
-0.28494
-0.28561
-0.28485
-0.28244
-0.27863
-0.27325
-0.26682
-0.25906
-0.25027
-0.24023
-0.22958
-0.21796
-0.20624
-0.19418
-0.18250
-0.17145
-0.16104
-0.15182
-0.14316
-0.13596
-0.12946
-0.12405
-0.11975
-0.11649
-0.11444
-0.11307
-0.11319
-0.11414
-0.11658
-0.12015
-0.12442
-0.13013
-0.13617
-0.14343
-0.15100
-0.15918
-0.16745
-0.17606
-0.18427
-0.19223
-0.19913
-0.20535
-0.20984
-0.21320
-0.21457
-0.21509
-0.21399
-0.21262
-0.21021
-0.20779
-0.20505
-0.20233
-0.19977
-0.19711
-0.19461
-0.19159
-0.18848
-0.18436
-0.17972
-0.17426
-0.16827
-0.16187
-0.15506
-0.14774
-0.13992
-0.13138
-0.12164
-0.11111
-0.09888
-0.08569
-0.07098
-0.05518
-0.03836
-0.02133
-0.00427
0.01208
0.02768
0.04245
0.05630
0.06949
0.08243
0.09512
0.10800
0.12103
0.13409
0.14728
0.16034
0.17358
0.18710
0.20120
0.21588
0.23157
0.24756
0.26450
0.28156
0.29880
0.31589
0.33218
0.34750
0.36072
0.37222
0.38120
0.38882
0.39471
0.39975
0.40430
0.40826
0.41251
0.41638
0.42090
0.42535
0.43027
0.43503
0.44025
0.44528
0.45102
0.45676
0.46326
0.47006
0.47763
0.48529
0.49347
0.50156
0.50970
0.51773
0.52554
0.53262
0.53943
0.54517
0.55060
0.55548
0.56015
0.56461
0.56906
0.57333
0.57791
0.58237
0.58722
0.59183
0.59634
0.60043
0.60339
0.60568
0.60626
0.60596
0.60419
0.60138
0.59738
0.59283
0.58746
0.58191
0.57565
0.56821
0.55988
0.54913
0.53708
0.52237
0.50534
0.48584
0.46335
0.43896
0.41193
0.38373
0.35367
0.32324
0.29260
0.26270
0.23398
0.20660
0.18082
0.15692
0.13489
0.11469
0.09634
0.07886
0.06238
0.04602
0.02951
0.01270
-0.00500
-0.02353
-0.04303
-0.06342
-0.08444
-0.10580
-0.12744
-0.14828
-0.16895
-0.18845
-0.20749
-0.22589
-0.24377
-0.26114
-0.27835
-0.29483
-0.31165
-0.32761
-0.34399
-0.35944
-0.37524
-0.39005
-0.40491
-0.41885
-0.43243
-0.44510
-0.45731
-0.46826
-0.47888
-0.48795
-0.49655
-0.50348
-0.50970
-0.51431
-0.51794
-0.52008
-0.52127
-0.52133
-0.52106
-0.51999
-0.51901
-0.51740
-0.51584
-0.51385
-0.51172
-0.50885
-0.50522
-0.49988
-0.49298
-0.48361
-0.47208
-0.45865
-0.44318
-0.42679
-0.40924
-0.39157
-0.37402
-0.35742
-0.34180
-0.32748
-0.31470
-0.30298
-0.29297
-0.28375
-0.27557
-0.26761
-0.25970
-0.25165
-0.24301
-0.23392
-0.22400
-0.21292
-0.20093
-0.18729
-0.17297
-0.15717
-0.14096
-0.12436
-0.10794
-0.09277
-0.07846
-0.06631
-0.05573
-0.04745
-0.04056
-0.03519
-0.03024
-0.02582
-0.02103
-0.01563
-0.00925
-0.00168
0.00693
0.01627
0.02594
0.03568
0.04477
0.05322
0.06049
0.06665
0.07184
0.07617
0.08017
0.08380
0.08792
0.09222
0.09756
0.10364
0.11087
0.11920
0.12881
0.13965
0.15155
0.16461
0.17841
0.19315
0.20868
0.22443
0.24054
0.25656
0.27179
0.28674
0.30002
0.31259
0.32410
0.33456
0.34439
0.35303
0.36093
0.36804
0.37408
0.37894
0.38184
0.38251
0.38065
0.37619
0.36926
0.36044
0.34988
0.33820
0.32544
0.31140
0.29681
0.28137
0.26535
0.24872
0.23096
0.21277
0.19373
0.17444
0.15439
0.13379
0.11279
0.09158
0.07108
0.05151
0.03375
0.01801
0.00418
-0.00757
-0.01828
-0.02768
-0.03696
-0.04623
-0.05566
-0.06564
-0.07602
-0.08685
-0.09885
-0.11115
-0.12463
-0.13828
-0.15262
-0.16687
-0.18134
-0.19592
-0.21039
-0.22522
-0.23947
-0.25397
-0.26807
-0.28204
-0.29587
-0.30966
-0.32294
-0.33670
-0.34955
-0.36282
-0.37534
-0.38766
-0.39917
-0.41019
-0.41971
-0.42862
-0.43576
-0.44220
-0.44727
-0.45175
-0.45529
-0.45847
-0.46097
-0.46317
-0.46509
-0.46661
-0.46790
-0.46902
-0.46964
-0.47003
-0.46988
-0.46921
-0.46802
-0.46616
-0.46365
-0.46066
-0.45685
-0.45248
-0.44714
-0.44055
-0.43283
-0.42322
-0.41199
-0.39853
-0.38318
-0.36618
-0.34796
-0.32928
-0.31021
-0.29156
-0.27289
-0.25494
-0.23727
-0.22046
-0.20438
-0.18878
-0.17349
-0.15820
-0.14288
-0.12775
-0.11288
-0.09821
-0.08383
-0.06897
-0.05380
-0.03778
-0.02106
-0.00323
0.01559
0.03555
0.05652
0.07822
0.10037
0.12268
0.14502
0.16678
0.18793
0.20718
0.22467
0.23978
0.25284
0.26428
0.27441
0.28351
0.29236
0.30078
0.30942
0.31836
0.32761
0.33749
0.34781
0.35864
0.36975
0.38080
0.39166
0.40219
0.41229
0.42218
0.43185
0.44125
0.45065
0.45990
0.46902
0.47794
0.48669
0.49512
0.50342
0.51114
0.51813
0.52371
0.52740
0.52881
0.52777
0.52451
0.51938
0.51242
0.50436
0.49475
0.48425
0.47321
0.46146
0.44958
0.43723
0.42407
0.41095
0.39734
0.38416
0.37122
0.35901
0.34695
0.33551
0.32358
0.31143
0.29813
0.28357
0.26755
0.25009
0.23206
0.21338
0.19467
0.17560
0.15625
0.13638
0.11603
0.09509
0.07370
0.05212
0.03052
0.00937
-0.01138
-0.03110
-0.05014
-0.06784
-0.08472
-0.10059
-0.11584
-0.13065
-0.14517
-0.15939
-0.17358
-0.18774
-0.20184
-0.21616
-0.23041
-0.24496
-0.25952
-0.27417
-0.28885
-0.30322
-0.31775
-0.33160
-0.34555
-0.35867
-0.37161
-0.38388
-0.39566
-0.40695
-0.41748
-0.42780
-0.43698
-0.44617
-0.45404
-0.46173
-0.46811
-0.47382
-0.47836
-0.48184
-0.48456
-0.48621
-0.48737
-0.48764
-0.48734
-0.48642
-0.48486
-0.48294
-0.48019
-0.47681
-0.47211
-0.46628
-0.45844
-0.44897
-0.43759
-0.42453
-0.41061
-0.39536
-0.37988
-0.36322
-0.34628
-0.32819
-0.30972
-0.29068
-0.27109
-0.25119
-0.23077
-0.21039
-0.19031
-0.17120
-0.15326
-0.13663
-0.12131
-0.10703
-0.09372
-0.08072
-0.06790
-0.05472
-0.04077
-0.02631
-0.01031
0.00647
0.02509
0.04477
0.06601
0.08865
0.11243
0.13748
0.16330
0.18970
0.21649
0.24338
0.26993
0.29669
0.32263
0.34827
0.37289
0.39655
0.41895
0.44034
0.46008
0.47913
0.49664
0.51352
0.52905
0.54373
0.55704
0.56955
0.58035
0.59039
0.59872
0.60617
0.61212
0.61719
0.62088
0.62393
0.62585
0.62668
0.62619
0.62384
0.61942
0.61240
0.60281
0.59073
0.57693
0.56168
0.54602
0.53009
0.51459
0.49988
0.48578
0.47278
0.46017
0.44824
0.43634
0.42459
0.41257
0.40054
0.38797
0.37515
0.36121
0.34656
0.33063
0.31403
0.29684
0.27954
0.26251
0.24554
0.22888
0.21201
0.19498
0.17819
0.16138
0.14505
0.12854
0.11200
0.09491
0.07755
0.05991
0.04221
0.02466
0.00729
-0.00986
-0.02661
-0.04333
-0.05984
-0.07642
-0.09296
-0.10944
-0.12628
-0.14301
-0.16058
-0.17798
-0.19611
-0.21420
-0.23248
-0.25082
-0.26859
-0.28625
-0.30338
-0.32019
-0.33664
-0.35278
-0.36859
-0.38397
-0.39920
-0.41367
-0.42786
-0.44153
-0.45462
-0.46732
-0.47931
-0.49094
-0.50174
-0.51221
-0.52155
-0.53058
-0.53827
-0.54568
-0.55191
-0.55807
-0.56345
-0.56882
-0.57373
-0.57849
-0.58310
-0.58752
-0.59177
-0.59589
-0.59955
-0.60321
-0.60635
-0.60916
-0.61166
-0.61349
-0.61496
-0.61581
-0.61563
-0.61490
-0.61264
-0.60977
-0.60562
-0.60117
-0.59576
-0.59018
-0.58356
-0.57642
-0.56793
-0.55835
-0.54736
-0.53494
-0.52112
-0.50586
-0.48944
-0.47186
-0.45374
-0.43475
-0.41568
-0.39645
-0.37714
-0.35757
-0.33746
-0.31662
-0.29510
-0.27313
-0.25113
-0.22906
-0.20715
-0.18573
-0.16431
-0.14352
-0.12241
-0.10132
-0.07996
-0.05804
-0.03604
-0.01355
0.00870
0.03110
0.05295
0.07483
0.09628
0.11780
0.13904
0.16037
0.18130
0.20227
0.22278
0.24292
0.26251
0.28137
0.29962
0.31720
0.33392
0.34988
0.36481
0.37872
0.39160
0.40353
0.41470
0.42529
0.43533
0.44513
0.45441
0.46341
0.47198
0.47998
0.48724
0.49368
0.49863
0.50266
0.50507
0.50681
0.50735
0.50739
0.50650
0.50473
0.50208
0.49829
0.49380
0.48859
0.48312
0.47714
0.47049
0.46320
0.45480
0.44580
0.43594
0.42511
0.41406
0.40213
0.39044
0.37796
0.36542
0.35193
0.33771
0.32260
0.30618
0.28915
0.27112
0.25259
0.23386
0.21469
0.19577
0.17609
0.15668
0.13684
0.11731
0.09805
0.07898
0.06033
0.04178
0.02328
0.00491
-0.01367
-0.03220
-0.05103
-0.07010
-0.08920
-0.10855
-0.12784
-0.14691
-0.16602
-0.18460
-0.20328
-0.22159
-0.23987
-0.25784
-0.27579
-0.29346
-0.31116
-0.32870
-0.34601
-0.36325
-0.38004
-0.39633
-0.41205
-0.42673
-0.44067
-0.45370
-0.46597
-0.47745
-0.48837
-0.49844
-0.50821
-0.51709
-0.52554
-0.53357
-0.54080
-0.54779
-0.55405
-0.55972
-0.56500
-0.56931
-0.57306
-0.57578
-0.57764
-0.57834
-0.57828
-0.57693
-0.57477
-0.57126
-0.56650
-0.56082
-0.55386
-0.54642
-0.53787
-0.52899
-0.51941
-0.50964
-0.49963
-0.48947
-0.47940
-0.46918
-0.45898
-0.44858
-0.43802
-0.42731
-0.41614
-0.40454
-0.39218
-0.37872
-0.36411
-0.34784
-0.33023
-0.31125
-0.29147
-0.27103
-0.25064
-0.23016
-0.20978
-0.18936
-0.16870
-0.14783
-0.12659
-0.10483
-0.08264
-0.05960
-0.03604
-0.01181
0.01288
0.03757
0.06262
0.08737
0.11212
0.13647
0.16052
0.18427
0.20749
0.23050
0.25302
0.27527
0.29718
0.31885
0.34012
0.36127
0.38187
0.40213
0.42206
0.44144
0.46033
0.47867
0.49628
0.51315
0.52939
0.54456
0.55908
0.57272
0.58542
0.59766
0.60886
0.61945
0.62930
0.63809
0.64633
0.65350
0.66000
0.66577
0.67047
0.67459
0.67725
0.67932
0.68021
0.68036
0.68002
0.67868
0.67728
0.67477
0.67212
0.66864
0.66489
0.66037
0.65570
0.65015
0.64423
0.63727
0.62952
0.62067
0.61081
0.59979
0.58792
0.57516
0.56158
0.54730
0.53223
0.51666
0.50064
0.48395
0.46722
0.44992
0.43292
0.41562
0.39865
0.38129
0.36441
0.34680
0.32938
0.31104
0.29208
0.27249
0.25201
0.23117
0.20978
0.18805
0.16602
0.14355
0.12079
0.09756
0.07376
0.04932
0.02448
-0.00107
-0.02643
-0.05219
-0.07794
-0.10361
-0.12973
-0.15527
-0.18127
-0.20657
-0.23181
-0.25641
-0.28055
-0.30383
-0.32651
-0.34824
-0.36935
-0.38950
-0.40891
-0.42755
-0.44516
-0.46237
-0.47836
-0.49405
-0.50867
-0.52271
-0.53598
-0.54852
-0.56046
-0.57135
-0.58157
-0.59067
-0.59897
-0.60629
-0.61276
-0.61868
-0.62375
-0.62848
-0.63226
-0.63580
-0.63855
-0.64102
-0.64285
-0.64438
-0.64523
-0.64581
-0.64563
-0.64499
-0.64352
-0.64136
-0.63855
-0.63483
-0.63074
-0.62543
-0.61942
-0.61197
-0.60300
-0.59247
-0.57999
-0.56592
-0.54999
-0.53299
-0.51465
-0.49615
-0.47687
-0.45773
-0.43793
-0.41785
-0.39703
-0.37558
-0.35336
-0.33084
-0.30759
-0.28458
-0.26108
-0.23801
-0.21454
-0.19125
-0.16736
-0.14337
-0.11905
-0.09476
-0.07056
-0.04678
-0.02289
0.00031
0.02365
0.04657
0.06943
0.09213
0.11469
0.13696
0.15936
0.18124
0.20343
0.22479
0.24631
0.26663
0.28671
0.30573
0.32410
0.34177
0.35861
0.37491
0.39063
0.40579
0.42075
0.43497
0.44928
0.46289
0.47638
0.48944
0.50183
0.51407
0.52542
0.53653
0.54688
0.55679
0.56604
0.57474
0.58273
0.59015
0.59683
0.60287
0.60809
0.61252
0.61636
0.61899
0.62137
0.62225
0.62296
0.62228
0.62119
0.61917
0.61652
0.61334
0.60941
0.60507
0.59958
0.59363
0.58627
0.57816
0.56897
0.55865
0.54791
0.53622
0.52417
0.51181
0.49896
0.48599
0.47260
0.45844
0.44370
0.42761
0.41043
0.39169
0.37183
0.35074
0.32913
0.30704
0.28510
0.26328
0.24176
0.22055
0.19971
0.17923
0.15921
0.13947
0.12015
0.10092
0.08197
0.06287
0.04382
0.02448
0.00473
-0.01526
-0.03604
-0.05676
-0.07809
-0.09937
-0.12070
-0.14230
-0.16339
-0.18484
-0.20581
-0.22672
-0.24731
-0.26724
-0.28662
-0.30557
-0.32385
-0.34189
-0.35947
-0.37653
-0.39316
-0.40933
-0.42484
-0.44006
-0.45459
-0.46866
-0.48230
-0.49521
-0.50784
-0.51962
-0.53104
-0.54163
-0.55161
-0.56079
-0.56909
-0.57690
-0.58377
-0.59027
-0.59607
-0.60129
-0.60614
-0.61020
-0.61398
-0.61697
-0.61957
-0.62143
-0.62262
-0.62311
-0.62277
-0.62167
-0.61993
-0.61755
-0.61475
-0.61142
-0.60757
-0.60355
-0.59888
-0.59421
-0.58893
-0.58319
-0.57669
-0.56915
-0.56042
-0.55051
-0.53937
-0.52716
-0.51404
-0.50006
-0.48532
-0.46991
-0.45364
-0.43689
-0.41943
-0.40167
-0.38333
-0.36453
-0.34494
-0.32474
-0.30359
-0.28180
-0.25867
-0.23505
-0.21011
-0.18494
-0.15915
-0.13348
-0.10770
-0.08249
-0.05722
-0.03256
-0.00803
0.01602
0.03970
0.06302
0.08585
0.10840
0.13058
0.15240
0.17419
0.19543
0.21671
0.23752
0.25818
0.27847
0.29849
0.31815
0.33759
0.35648
0.37524
0.39334
0.41132
0.42862
0.44562
0.46219
0.47806
0.49368
0.50842
0.52274
0.53629
0.54898
0.56116
0.57236
0.58307
0.59286
0.60208
0.61057
0.61835
0.62555
0.63184
0.63757
0.64227
0.64642
0.64957
0.65207
0.65387
0.65488
0.65533
0.65500
0.65393
0.65225
0.64960
0.64627
0.64215
0.63699
0.63162
0.62491
0.61826
0.61050
0.60248
0.59399
0.58490
0.57565
0.56567
0.55563
0.54474
0.53357
0.52158
0.50891
0.49539
0.48071
0.46497
0.44788
0.42978
0.41077
0.39087
0.37051
0.34949
0.32816
0.30621
0.28391
0.26093
0.23755
0.21359
0.18936
0.16467
0.14008
0.11526
0.09103
0.06686
0.04337
0.02014
-0.00253
-0.02463
-0.04654
-0.06781
-0.08908
-0.11005
-0.13065
-0.15155
-0.17169
-0.19235
-0.21219
-0.23218
-0.25162
-0.27087
-0.28952
-0.30765
-0.32501
-0.34171
-0.35782
-0.37360
-0.38867
-0.40378
-0.41830
-0.43259
-0.44647
-0.45993
-0.47305
-0.48569
-0.49808
-0.50955
-0.52112
-0.53171
-0.54233
-0.55237
-0.56210
-0.57156
-0.58051
-0.58902
-0.59695
-0.60428
-0.61093
-0.61697
-0.62210
-0.62671
-0.63040
-0.63361
-0.63602
-0.63788
-0.63910
-0.63974
-0.63986
-0.63965
-0.63876
-0.63773
-0.63586
-0.63367
-0.63049
-0.62689
-0.62222
-0.61682
-0.61050
-0.60309
-0.59503
-0.58600
-0.57632
-0.56583
-0.55460
-0.54245
-0.52960
-0.51584
-0.50140
-0.48621
-0.47043
-0.45407
-0.43692
-0.41934
-0.40085
-0.38211
-0.36243
-0.34247
-0.32156
-0.30042
-0.27838
-0.25586
-0.23257
-0.20856
-0.18390
-0.15857
-0.13272
-0.10638
-0.07974
-0.05276
-0.02588
0.00085
0.02740
0.05347
0.07932
0.10458
0.12949
0.15378
0.17752
0.20065
0.22318
0.24524
0.26672
0.28769
0.30826
0.32822
0.34772
0.36667
0.38504
0.40280
0.41983
0.43619
0.45172
0.46671
0.48083
0.49432
0.50729
0.51938
0.53113
0.54211
0.55243
0.56223
0.57120
0.57935
0.58713
0.59351
0.59988
0.60483
0.60956
0.61334
0.61639
0.61887
0.62048
0.62149
0.62170
0.62146
0.62030
0.61862
0.61621
0.61292
0.60910
0.60443
0.59906
0.59320
0.58652
0.57941
0.57159
0.56326
0.55426
0.54480
0.53445
0.52393
0.51227
0.50064
0.48816
0.47525
0.46170
0.44736
0.43213
0.41608
0.39899
0.38110
0.36252
0.34320
0.32355
0.30331
0.28308
0.26221
0.24127
0.21960
0.19766
0.17511
0.15240
0.12939
0.10645
0.08337
0.06046
0.03757
0.01471
-0.00800
-0.03058
-0.05292
-0.07480
-0.09641
-0.11758
-0.13837
-0.15918
-0.17941
-0.19974
-0.21964
-0.23935
-0.25879
-0.27798
-0.29688
-0.31564
-0.33389
-0.35199
-0.36935
-0.38651
-0.40286
-0.41867
-0.43384
-0.44815
-0.46207
-0.47513
-0.48792
-0.50003
-0.51196
-0.52325
-0.53448
-0.54498
-0.55542
-0.56528
-0.57483
-0.58374
-0.59238
-0.60013
-0.60760
-0.61438
-0.62054
-0.62650
-0.63168
-0.63663
-0.64111
-0.64523
-0.64908
-0.65228
-0.65546
-0.65759
-0.65988
-0.66080
-0.66159
-0.66119
-0.66031
-0.65863
-0.65634
-0.65353
-0.64999
-0.64615
-0.64148
-0.63666
-0.63116
-0.62515
-0.61868
-0.61127
-0.60330
-0.59442
-0.58466
-0.57422
-0.56277
-0.55048
-0.53754
-0.52362
-0.50934
-0.49435
-0.47906
-0.46295
-0.44681
-0.42944
-0.41211
-0.39380
-0.37503
-0.35550
-0.33557
-0.31482
-0.29373
-0.27197
-0.24951
-0.22687
-0.20346
-0.18011
-0.15649
-0.13297
-0.10950
-0.08609
-0.06277
-0.03940
-0.01611
0.00717
0.03027
0.05316
0.07593
0.09836
0.12051
0.14264
0.16418
0.18594
0.20718
0.22833
0.24930
0.26987
0.29007
0.30997
0.32922
0.34824
0.36639
0.38409
0.40106
0.41724
0.43289
0.44754
0.46155
0.47476
0.48709
0.49893
0.50983
0.52032
0.52988
0.53900
0.54718
0.55490
0.56183
0.56815
0.57376
0.57877
0.58313
0.58679
0.58990
0.59225
0.59402
0.59509
0.59543
0.59537
0.59424
0.59286
0.59039
0.58743
0.58383
0.57932
0.57452
0.56873
0.56262
0.55560
0.54807
0.53992
0.53094
0.52136
0.51108
0.50006
0.48871
0.47675
0.46469
0.45209
0.43948
0.42627
0.41293
0.39911
0.38504
0.37070
0.35587
0.34100
0.32562
0.31015
0.29453
0.27859
0.26245
0.24619
0.22928
0.21231
0.19443
0.17612
0.15698
0.13718
0.11682
0.09607
0.07504
0.05389
0.03262
0.01132
-0.00995
-0.03113
-0.05228
-0.07318
-0.09402
-0.11456
-0.13495
-0.15488
-0.17459
-0.19370
-0.21277
-0.23126
-0.24969
-0.26779
-0.28561
-0.30301
-0.32007
-0.33649
-0.35266
-0.36816
-0.38336
-0.39801
-0.41229
-0.42618
-0.43954
-0.45279
-0.46527
-0.47781
-0.48956
-0.50116
-0.51196
-0.52246
-0.53226
-0.54172
-0.55048
-0.55884
-0.56668
-0.57397
-0.58096
-0.58719
-0.59326
-0.59860
-0.60364
-0.60809
-0.61194
-0.61523
-0.61786
-0.61996
-0.62152
-0.62259
-0.62317
-0.62326
-0.62286
-0.62173
-0.62009
-0.61752
-0.61417
-0.60992
-0.60437
-0.59808
-0.59048
-0.58215
-0.57300
-0.56317
-0.55283
-0.54190
-0.53033
-0.51807
-0.50522
-0.49149
-0.47729
-0.46228
-0.44696
-0.43091
-0.41470
-0.39783
-0.38068
-0.36316
-0.34494
-0.32632
-0.30707
-0.28738
-0.26727
-0.24698
-0.22632
-0.20584
-0.18494
-0.16425
-0.14331
-0.12238
-0.10147
-0.08038
-0.05917
-0.03781
-0.01614
0.00558
0.02759
0.04962
0.07175
0.09375
0.11569
0.13724
0.15869
0.17953
0.20047
0.22058
0.24088
0.26031
0.27975
0.29865
0.31723
0.33554
0.35339
0.37085
0.38791
0.40442
0.42062
0.43604
0.45120
0.46558
0.47943
0.49280
0.50525
0.51730
0.52853
0.53915
0.54916
0.55847
0.56720
0.57538
0.58295
0.58990
0.59631
0.60208
0.60724
0.61194
0.61588
0.61932
0.62210
0.62427
0.62585
0.62692
0.62732
0.62720
0.62668
0.62527
0.62378
0.62119
0.61847
0.61478
0.61066
0.60577
0.60022
0.59399
0.58716
0.57965
0.57150
0.56293
0.55356
0.54395
0.53360
0.52307
0.51187
0.50079
0.48883
0.47711
0.46451
0.45197
0.43893
0.42566
0.41208
0.39801
0.38367
0.36874
0.35352
0.33759
0.32108
0.30396
0.28598
0.26773
0.24857
0.22946
0.20972
0.19028
0.17029
0.15076
0.13080
0.11139
0.09198
0.07275
0.05405
0.03519
0.01672
-0.00171
-0.02032
-0.03879
-0.05756
-0.07623
-0.09485
-0.11346
-0.13159
-0.14993
-0.16736
-0.18500
-0.20175
-0.21841
-0.23438
-0.25018
-0.26538
-0.28046
-0.29498
-0.30930
-0.32315
-0.33682
-0.35004
-0.36307
-0.37564
-0.38803
-0.39996
-0.41168
-0.42307
-0.43417
-0.44513
-0.45563
-0.46585
-0.47556
-0.48492
-0.49390
-0.50226
-0.51025
-0.51764
-0.52448
-0.53094
-0.53702
-0.54251
-0.54803
-0.55286
-0.55746
-0.56168
-0.56537
-0.56870
-0.57153
-0.57379
-0.57538
-0.57635
-0.57642
-0.57596
-0.57462
-0.57257
-0.56973
-0.56613
-0.56198
-0.55713
-0.55173
-0.54578
-0.53928
-0.53223
-0.52487
-0.51678
-0.50848
-0.49933
-0.48972
-0.47913
-0.46783
-0.45587
-0.44299
-0.42981
-0.41580
-0.40131
-0.38644
-0.37054
-0.35452
-0.33719
-0.31970
-0.30099
-0.28201
-0.26230
-0.24234
-0.22220
-0.20175
-0.18124
-0.16040
-0.13959
-0.11838
-0.09741
-0.07611
-0.05539
-0.03452
-0.01428
0.00604
0.02563
0.04538
0.06421
0.08325
0.10162
0.12009
0.13840
0.15674
0.17514
0.19360
0.21210
0.23062
0.24905
0.26752
0.28558
0.30374
0.32111
0.33868
0.35535
0.37207
0.38791
0.40356
0.41846
0.43295
0.44693
0.46024
0.47321
0.48532
0.49704
0.50784
0.51816
0.52750
0.53647
0.54443
0.55206
0.55887
0.56503
0.57077
0.57565
0.58023
0.58408
0.58743
0.59030
0.59256
0.59421
0.59555
0.59586
0.59634
0.59552
0.59491
0.59323
0.59131
0.58875
0.58569
0.58197
0.57806
0.57324
0.56842
0.56277
0.55685
0.55032
0.54327
0.53558
0.52725
0.51840
0.50894
0.49902
0.48868
0.47794
0.46704
0.45547
0.44397
0.43158
0.41925
0.40607
0.39276
0.37881
0.36462
0.34988
0.33484
0.31955
0.30383
0.28815
0.27167
0.25543
0.23834
0.22162
0.20447
0.18744
0.17056
0.15335
0.13669
0.11963
0.10324
0.08655
0.07031
0.05392
0.03732
0.02090
0.00388
-0.01279
-0.02985
-0.04660
-0.06345
-0.08023
-0.09668
-0.11356
-0.12994
-0.14679
-0.16348
-0.18008
-0.19672
-0.21298
-0.22903
-0.24487
-0.26016
-0.27539
-0.29022
-0.30460
-0.31873
-0.33234
-0.34552
-0.35852
-0.37088
-0.38306
-0.39484
-0.40613
-0.41708
-0.42764
-0.43762
-0.44733
-0.45639
-0.46521
-0.47348
-0.48160
-0.48914
-0.49652
-0.50345
-0.51007
-0.51639
-0.52249
-0.52829
-0.53391
-0.53918
-0.54413
-0.54877
-0.55270
-0.55637
-0.55930
-0.56192
-0.56384
-0.56561
-0.56635
-0.56689
-0.56650
-0.56555
-0.56415
-0.56195
-0.55954
-0.55640
-0.55295
-0.54898
-0.54431
-0.53928
-0.53326
-0.52679
-0.51941
-0.51157
-0.50275
-0.49359
-0.48331
-0.47266
-0.46100
-0.44870
-0.43561
-0.42175
-0.40689
-0.39154
-0.37512
-0.35858
-0.34125
-0.32388
-0.30585
-0.28778
-0.26910
-0.25012
-0.23083
-0.21088
-0.19095
-0.17032
-0.14984
-0.12906
-0.10837
-0.08777
-0.06711
-0.04636
-0.02557
-0.00458
0.01630
0.03745
0.05835
0.07922
0.10004
0.12051
0.14102
0.16125
0.18127
0.20120
0.22073
0.23999
0.25876
0.27701
0.29465
0.31165
0.32782
0.34363
0.35818
0.37259
0.38589
0.39883
0.41129
0.42300
0.43454
0.44519
0.45566
0.46536
0.47501
0.48401
0.49292
0.50134
0.50937
0.51715
0.52438
0.53122
0.53757
0.54324
0.54843
0.55307
0.55695
0.56058
0.56335
0.56589
0.56778
0.56934
0.57040
0.57120
0.57166
0.57159
0.57141
0.57056
0.56943
0.56781
0.56567
0.56311
0.55994
0.55634
0.55197
0.54742
0.54202
0.53653
0.53024
0.52371
0.51672
0.50937
0.50165
0.49374
0.48529
0.47662
0.46762
0.45813
0.44852
0.43820
0.42749
0.41611
0.40378
0.39090
0.37695
0.36252
0.34747
0.33191
0.31628
0.30017
0.28403
0.26761
0.25116
0.23462
0.21808
0.20166
0.18527
0.16913
0.15302
0.13712
0.12134
0.10544
0.08966
0.07358
0.05750
0.04129
0.02475
0.00824
-0.00873
-0.02576
-0.04303
-0.06039
-0.07758
-0.09457
-0.11115
-0.12741
-0.14297
-0.15820
-0.17282
-0.18692
-0.20078
-0.21408
-0.22736
-0.24023
-0.25320
-0.26584
-0.27856
-0.29099
-0.30325
-0.31540
-0.32736
-0.33899
-0.35065
-0.36172
-0.37262
-0.38315
-0.39319
-0.40302
-0.41248
-0.42151
-0.43036
-0.43878
-0.44708
-0.45514
-0.46301
-0.47079
-0.47824
-0.48560
-0.49274
-0.49939
-0.50613
-0.51193
-0.51794
-0.52298
-0.52802
-0.53229
-0.53629
-0.53973
-0.54269
-0.54498
-0.54678
-0.54773
-0.54834
-0.54813
-0.54755
-0.54626
-0.54468
-0.54227
-0.53967
-0.53625
-0.53278
-0.52863
-0.52408
-0.51910
-0.51321
-0.50714
-0.49994
-0.49258
-0.48413
-0.47528
-0.46567
-0.45517
-0.44437
-0.43259
-0.42078
-0.40839
-0.39575
-0.38309
-0.36975
-0.35651
-0.34235
-0.32791
-0.31253
-0.29669
-0.28012
-0.26315
-0.24564
-0.22775
-0.20947
-0.19083
-0.17224
-0.15332
-0.13486
-0.11618
-0.09766
-0.07928
-0.06076
-0.04239
-0.02405
-0.00537
0.01291
0.03174
0.05029
0.06897
0.08768
0.10599
0.12430
0.14200
0.15952
0.17639
0.19308
0.20926
0.22510
0.24057
0.25552
0.27039
0.28464
0.29883
0.31244
0.32574
0.33875
0.35114
0.36325
0.37500
0.38614
0.39706
0.40744
0.41736
0.42700
0.43600
0.44476
0.45288
0.46078
0.46811
0.47504
0.48160
0.48743
0.49289
0.49789
0.50208
0.50641
0.50961
0.51300
0.51569
0.51801
0.52008
0.52164
0.52274
0.52371
0.52377
0.52386
0.52307
0.52206
0.52045
0.51843
0.51596
0.51306
0.50961
0.50595
0.50150
0.49704
0.49167
0.48621
0.47998
0.47333
0.46625
0.45844
0.45038
0.44165
0.43274
0.42328
0.41354
0.40335
0.39288
0.38184
0.37057
0.35858
0.34625
0.33340
0.32007
0.30649
0.29272
0.27853
0.26437
0.24988
0.23520
0.22061
0.20566
0.19064
0.17548
0.15988
0.14456
0.12888
0.11359
0.09818
0.08292
0.06793
0.05283
0.03796
0.02319
0.00830
-0.00632
-0.02100
-0.03568
-0.05014
-0.06473
-0.07925
-0.09375
-0.10843
-0.12308
-0.13779
-0.15228
-0.16678
-0.18076
-0.19485
-0.20834
-0.22186
-0.23486
-0.24771
-0.26007
-0.27243
-0.28427
-0.29611
-0.30777
-0.31918
-0.33066
-0.34192
-0.35284
-0.36368
-0.37405
-0.38422
-0.39435
-0.40405
-0.41382
-0.42313
-0.43228
-0.44104
-0.44952
-0.45770
-0.46545
-0.47305
-0.48001
-0.48691
-0.49332
-0.49966
-0.50555
-0.51138
-0.51685
-0.52191
-0.52689
-0.53122
-0.53540
-0.53903
-0.54221
-0.54492
-0.54727
-0.54919
-0.55069
-0.55182
-0.55246
-0.55264
-0.55222
-0.55121
-0.54959
-0.54733
-0.54456
-0.54108
-0.53726
-0.53299
-0.52835
-0.52362
-0.51828
-0.51285
-0.50681
-0.50027
-0.49326
-0.48544
-0.47720
-0.46826
-0.45862
-0.44846
-0.43732
-0.42566
-0.41309
-0.39993
-0.38605
-0.37180
-0.35693
-0.34195
-0.32657
-0.31131
-0.29593
-0.28052
-0.26514
-0.24954
-0.23398
-0.21814
-0.20227
-0.18610
-0.16989
-0.15329
-0.13663
-0.11945
-0.10233
-0.08459
-0.06708
-0.04947
-0.03207
-0.01501
0.00177
0.01813
0.03412
0.04977
0.06519
0.08029
0.09518
0.10971
0.12399
0.13803
0.15198
0.16565
0.17944
0.19281
0.20639
0.21976
0.23297
0.24631
0.25925
0.27225
0.28479
0.29721
0.30905
0.32071
0.33173
0.34250
0.35278
0.36264
0.37238
0.38165
0.39087
0.39969
0.40848
0.41681
0.42526
0.43304
0.44083
0.44806
0.45502
0.46133
0.46756
0.47278
0.47803
0.48245
0.48642
0.48999
0.49295
0.49554
0.49765
0.49908
0.50027
0.50070
0.50092
0.50034
0.49954
0.49786
0.49600
0.49335
0.49026
0.48676
0.48260
0.47812
0.47311
0.46780
0.46201
0.45609
0.44955
0.44302
0.43594
0.42880
0.42123
0.41333
0.40512
0.39655
0.38763
0.37854
0.36917
0.35938
0.34964
0.33911
0.32867
0.31750
0.30606
0.29398
0.28131
0.26819
0.25452
0.24060
0.22626
0.21182
0.19717
0.18231
0.16727
0.15182
0.13632
0.12042
0.10458
0.08838
0.07233
0.05588
0.03955
0.02301
0.00665
-0.00967
-0.02567
-0.04147
-0.05679
-0.07193
-0.08655
-0.10089
-0.11505
-0.12878
-0.14273
-0.15622
-0.16962
-0.18295
-0.19580
-0.20877
-0.22134
-0.23386
-0.24612
-0.25800
-0.26971
-0.28079
-0.29147
-0.30151
-0.31088
-0.31985
-0.32819
-0.33640
-0.34415
-0.35214
-0.35983
-0.36758
-0.37546
-0.38309
-0.39102
-0.39844
-0.40607
-0.41299
-0.42001
-0.42627
-0.43256
-0.43826
-0.44397
-0.44931
-0.45447
-0.45953
-0.46429
-0.46909
-0.47354
-0.47809
-0.48221
-0.48636
-0.49008
-0.49365
-0.49698
-0.49982
-0.50250
-0.50452
-0.50620
-0.50745
-0.50800
-0.50851
-0.50821
-0.50797
-0.50711
-0.50601
-0.50485
-0.50308
-0.50119
-0.49869
-0.49564
-0.49219
-0.48792
-0.48331
-0.47769
-0.47180
-0.46484
-0.45752
-0.44943
-0.44064
-0.43137
-0.42139
-0.41104
-0.40015
-0.38910
-0.37762
-0.36606
-0.35425
-0.34222
-0.33005
-0.31772
-0.30496
-0.29190
-0.27832
-0.26398
-0.24939
-0.23410
-0.21866
-0.20297
-0.18713
-0.17126
-0.15546
-0.13962
-0.12393
-0.10837
-0.09290
-0.07770
-0.06235
-0.04736
-0.03207
-0.01697
-0.00165
0.01373
0.02924
0.04489
0.06049
0.07626
0.09171
0.10739
0.12268
0.13797
0.15286
0.16733
0.18179
0.19568
0.20966
0.22333
0.23679
0.25003
0.26300
0.27554
0.28781
0.29956
0.31107
0.32217
0.33316
0.34381
0.35425
0.36453
0.37433
0.38412
0.39337
0.40234
0.41092
0.41895
0.42657
0.43362
0.44012
0.44614
0.45151
0.45648
0.46082
0.46484
0.46829
0.47144
0.47409
0.47656
0.47855
0.48047
0.48203
0.48337
0.48444
0.48523
0.48560
0.48575
0.48538
0.48483
0.48367
0.48239
0.48044
0.47836
0.47571
0.47266
0.46936
0.46533
0.46115
0.45627
0.45105
0.44534
0.43909
0.43237
0.42526
0.41754
0.40958
0.40100
0.39221
0.38275
0.37299
0.36264
0.35172
0.34076
0.32898
0.31754
0.30545
0.29352
0.28113
0.26868
0.25562
0.24258
0.22897
0.21524
0.20129
0.18701
0.17273
0.15820
0.14365
0.12921
0.11462
0.10046
0.08612
0.07199
0.05820
0.04401
0.03049
0.01660
0.00317
-0.01038
-0.02356
-0.03702
-0.05020
-0.06345
-0.07648
-0.08929
-0.10193
-0.11444
-0.12671
-0.13882
-0.15094
-0.16284
-0.17465
-0.18643
-0.19778
-0.20923
-0.22012
-0.23099
-0.24136
-0.25171
-0.26163
-0.27173
-0.28131
-0.29114
-0.30029
-0.30957
-0.31827
-0.32693
-0.33517
-0.34332
-0.35107
-0.35880
-0.36618
-0.37347
-0.38037
-0.38721
-0.39371
-0.40002
-0.40631
-0.41229
-0.41855
-0.42438
-0.43054
-0.43607
-0.44186
-0.44705
-0.45233
-0.45721
-0.46198
-0.46637
-0.47083
-0.47476
-0.47873
-0.48233
-0.48566
-0.48877
-0.49146
-0.49365
-0.49545
-0.49670
-0.49744
-0.49774
-0.49747
-0.49670
-0.49551
-0.49371
-0.49139
-0.48865
-0.48517
-0.48145
-0.47714
-0.47253
-0.46756
-0.46207
-0.45633
-0.45007
-0.44366
-0.43668
-0.42960
-0.42203
-0.41422
-0.40607
-0.39746
-0.38852
-0.37903
-0.36920
-0.35880
-0.34805
-0.33679
-0.32516
-0.31317
-0.30072
-0.28790
-0.27454
-0.26059
-0.24603
-0.23074
-0.21503
-0.19846
-0.18192
-0.16476
-0.14789
-0.13089
-0.11401
-0.09732
-0.08090
-0.06461
-0.04874
-0.03302
-0.01755
-0.00241
0.01282
0.02771
0.04297
0.05789
0.07333
0.08853
0.10431
0.12006
0.13593
0.15186
0.16757
0.18329
0.19858
0.21365
0.22839
0.24261
0.25668
0.27002
0.28323
0.29584
0.30829
0.32022
0.33194
0.34314
0.35416
0.36462
0.37494
0.38461
0.39413
0.40311
0.41196
0.42026
0.42862
0.43637
0.44412
0.45135
0.45825
0.46472
0.47073
0.47620
0.48120
0.48581
0.49005
0.49393
0.49750
0.50052
0.50339
0.50555
0.50754
0.50897
0.51004
0.51086
0.51111
0.51120
0.51059
0.50995
0.50854
0.50699
0.50485
0.50232
0.49948
0.49603
0.49234
0.48801
0.48337
0.47809
0.47244
0.46631
0.45981
0.45297
0.44577
0.43832
0.43051
0.42258
0.41422
0.40567
0.39682
0.38754
0.37799
0.36798
0.35757
0.34692
0.33588
0.32452
0.31287
0.30084
0.28854
0.27612
0.26334
0.25064
0.23755
0.22470
0.21149
0.19846
0.18536
0.17209
0.15903
0.14572
0.13248
0.11932
0.10626
0.09338
0.08063
0.06812
0.05551
0.04321
0.03061
0.01819
0.00543
-0.00696
-0.01968
-0.03192
-0.04428
-0.05627
-0.06802
-0.07935
-0.09055
-0.10107
-0.11166
-0.12173
-0.13184
-0.14188
-0.15195
-0.16229
-0.17270
-0.18320
-0.19388
-0.20422
-0.21494
-0.22507
-0.23560
-0.24551
-0.25565
-0.26538
-0.27496
-0.28464
-0.29364
-0.30295
-0.31161
-0.32050
-0.32892
-0.33737
-0.34543
-0.35339
-0.36105
-0.36838
-0.37561
-0.38226
-0.38898
-0.39517
-0.40118
-0.40698
-0.41238
-0.41766
-0.42279
-0.42770
-0.43259
-0.43729
-0.44165
-0.44598
-0.44989
-0.45374
-0.45728
-0.46075
-0.46387
-0.46716
-0.46973
-0.47250
-0.47452
-0.47653
-0.47794
-0.47916
-0.47977
-0.48022
-0.48007
-0.47971
-0.47879
-0.47739
-0.47577
-0.47354
-0.47095
-0.46790
-0.46420
-0.45996
-0.45517
-0.44952
-0.44351
-0.43658
-0.42944
-0.42139
-0.41309
-0.40421
-0.39496
-0.38531
-0.37521
-0.36484
-0.35391
-0.34283
-0.33124
-0.31952
-0.30737
-0.29523
-0.28262
-0.27014
-0.25714
-0.24411
-0.23044
-0.21674
-0.20245
-0.18811
-0.17343
-0.15857
-0.14359
-0.12869
-0.11371
-0.09897
-0.08426
-0.06967
-0.05530
-0.04089
-0.02628
-0.01187
0.00320
0.01785
0.03305
0.04803
0.06314
0.07825
0.09326
0.10831
0.12317
0.13818
0.15277
0.16760
0.18182
0.19620
0.20999
0.22385
0.23712
0.25031
0.26288
0.27524
0.28717
0.29880
0.31000
0.32089
0.33136
0.34149
0.35135
0.36063
0.36978
0.37836
0.38678
0.39481
0.40253
0.41006
0.41708
0.42407
0.43051
0.43695
0.44296
0.44879
0.45425
0.45944
0.46423
0.46866
0.47284
0.47650
0.47995
0.48300
0.48572
0.48807
0.49011
0.49170
0.49310
0.49393
0.49466
0.49472
0.49460
0.49405
0.49298
0.49188
0.49005
0.48801
0.48553
0.48251
0.47928
0.47549
0.47134
0.46683
0.46188
0.45654
0.45084
0.44479
0.43826
0.43161
0.42444
0.41718
0.40952
0.40167
0.39349
0.38516
0.37631
0.36728
0.35788
0.34802
0.33795
0.32736
0.31647
0.30551
0.29407
0.28265
0.27106
0.25943
0.24762
0.23602
0.22400
0.21231
0.20029
0.18826
0.17612
0.16376
0.15146
0.13879
0.12622
0.11337
0.10068
0.08789
0.07538
0.06302
0.05084
0.03915
0.02759
0.01627
0.00537
-0.00598
-0.01663
-0.02802
-0.03882
-0.05014
-0.06149
-0.07281
-0.08472
-0.09631
-0.10831
-0.12018
-0.13205
-0.14380
-0.15558
-0.16708
-0.17877
-0.19003
-0.20120
-0.21219
-0.22256
-0.23312
-0.24289
-0.25272
-0.26184
-0.27069
-0.27896
-0.28717
-0.29483
-0.30267
-0.31021
-0.31778
-0.32523
-0.33240
-0.33923
-0.34586
-0.35184
-0.35757
-0.36279
-0.36777
-0.37256
-0.37698
-0.38144
-0.38550
-0.38968
-0.39349
-0.39719
-0.40067
-0.40399
-0.40701
-0.41010
-0.41266
-0.41544
-0.41794
-0.42059
-0.42313
-0.42578
-0.42822
-0.43085
-0.43311
-0.43552
-0.43735
-0.43918
-0.44055
-0.44168
-0.44241
-0.44266
-0.44250
-0.44171
-0.44052
-0.43869
-0.43637
-0.43362
-0.43030
-0.42657
-0.42239
-0.41782
-0.41287
-0.40759
-0.40210
-0.39603
-0.38995
-0.38327
-0.37643
-0.36942
-0.36166
-0.35416
-0.34576
-0.33713
-0.32803
-0.31824
-0.30817
-0.29758
-0.28662
-0.27536
-0.26376
-0.25192
-0.23993
-0.22769
-0.21542
-0.20285
-0.19022
-0.17731
-0.16403
-0.15085
-0.13718
-0.12387
-0.11020
-0.09671
-0.08310
-0.06943
-0.05576
-0.04193
-0.02826
-0.01440
-0.00070
0.01312
0.02686
0.04077
0.05447
0.06839
0.08218
0.09579
0.10956
0.12280
0.13620
0.14917
0.16211
0.17468
0.18719
0.19928
0.21149
0.22333
0.23514
0.24683
0.25821
0.26956
0.28055
0.29129
0.30179
0.31195
0.32193
0.33179
0.34116
0.35071
0.35947
0.36829
0.37659
0.38449
0.39218
0.39923
0.40598
0.41220
0.41794
0.42343
0.42847
0.43341
0.43799
0.44238
0.44656
0.45035
0.45404
0.45703
0.45996
0.46216
0.46414
0.46552
0.46652
0.46722
0.46750
0.46774
0.46762
0.46729
0.46695
0.46600
0.46530
0.46384
0.46252
0.46048
0.45850
0.45584
0.45309
0.44983
0.44623
0.44229
0.43808
0.43338
0.42862
0.42337
0.41794
0.41214
0.40610
0.39975
0.39319
0.38644
0.37927
0.37210
0.36438
0.35663
0.34845
0.34024
0.33160
0.32275
0.31366
0.30414
0.29431
0.28421
0.27350
0.26288
0.25183
0.24075
0.22958
0.21820
0.20694
0.19543
0.18405
0.17227
0.16055
0.14862
0.13663
0.12451
0.11240
0.10001
0.08780
0.07535
0.06287
0.05057
0.03796
0.02588
0.01373
0.00192
-0.00964
-0.02090
-0.03189
-0.04257
-0.05310
-0.06354
-0.07376
-0.08420
-0.09454
-0.10495
-0.11539
-0.12561
-0.13589
-0.14584
-0.15585
-0.16559
-0.17535
-0.18488
-0.19431
-0.20346
-0.21262
-0.22131
-0.22992
-0.23795
-0.24576
-0.25314
-0.26010
-0.26694
-0.27341
-0.27975
-0.28607
-0.29221
-0.29840
-0.30441
-0.31042
-0.31610
-0.32181
-0.32730
-0.33273
-0.33820
-0.34354
-0.34891
-0.35434
-0.35965
-0.36517
-0.37030
-0.37570
-0.38055
-0.38577
-0.39023
-0.39499
-0.39908
-0.40329
-0.40698
-0.41068
-0.41394
-0.41730
-0.42014
-0.42300
-0.42529
-0.42758
-0.42935
-0.43097
-0.43219
-0.43326
-0.43381
-0.43417
-0.43402
-0.43353
-0.43277
-0.43146
-0.42999
-0.42792
-0.42563
-0.42282
-0.41959
-0.41577
-0.41156
-0.40668
-0.40131
-0.39572
-0.38940
-0.38321
-0.37634
-0.36914
-0.36179
-0.35370
-0.34564
-0.33707
-0.32816
-0.31912
-0.30966
-0.30005
-0.29013
-0.28000
-0.26944
-0.25867
-0.24738
-0.23581
-0.22382
-0.21170
-0.19925
-0.18680
-0.17410
-0.16159
-0.14874
-0.13638
-0.12347
-0.11090
-0.09796
-0.08487
-0.07169
-0.05811
-0.04462
-0.03070
-0.01709
-0.00320
0.01044
0.02396
0.03763
0.05096
0.06454
0.07794
0.09128
0.10474
0.11795
0.13129
0.14438
0.15741
0.17023
0.18277
0.19522
0.20709
0.21909
0.23019
0.24139
0.25183
0.26212
0.27194
0.28146
0.29062
0.29965
0.30820
0.31671
0.32474
0.33279
0.34036
0.34787
0.35504
0.36188
0.36859
0.37503
0.38110
0.38699
0.39243
0.39761
0.40231
0.40662
0.41058
0.41397
0.41733
0.42014
0.42270
0.42514
0.42700
0.42880
0.43024
0.43134
0.43222
0.43286
0.43311
0.43335
0.43320
0.43301
0.43262
0.43207
0.43127
0.43027
0.42908
0.42749
0.42581
0.42365
0.42130
0.41861
0.41559
0.41223
0.40860
0.40448
0.40033
0.39560
0.39099
0.38568
0.38068
0.37500
0.36948
0.36343
0.35724
0.35065
0.34375
0.33643
0.32886
0.32095
0.31268
0.30423
0.29535
0.28647
0.27725
0.26813
0.25867
0.24951
0.23987
0.23077
0.22089
0.21146
0.20135
0.19138
0.18091
0.17050
0.15964
0.14914
0.13821
0.12759
0.11673
0.10599
0.09515
0.08438
0.07336
0.06250
0.05121
0.04037
0.02917
0.01846
0.00760
-0.00305
-0.01358
-0.02408
-0.03442
-0.04468
-0.05490
-0.06482
-0.07495
-0.08469
-0.09470
-0.10446
-0.11429
-0.12387
-0.13342
-0.14267
-0.15189
-0.16098
-0.16989
-0.17899
-0.18774
-0.19687
-0.20560
-0.21469
-0.22330
-0.23221
-0.24051
-0.24899
-0.25690
-0.26505
-0.27240
-0.28015
-0.28680
-0.29382
-0.29984
-0.30606
-0.31158
-0.31714
-0.32248
-0.32751
-0.33264
-0.33716
-0.34171
-0.34583
-0.34991
-0.35376
-0.35764
-0.36115
-0.36472
-0.36795
-0.37088
-0.37381
-0.37619
-0.37881
-0.38101
-0.38333
-0.38538
-0.38745
-0.38947
-0.39127
-0.39322
-0.39471
-0.39624
-0.39752
-0.39850
-0.39948
-0.40009
-0.40051
-0.40088
-0.40063
-0.40051
-0.39981
-0.39902
-0.39786
-0.39645
-0.39481
-0.39301
-0.39096
-0.38889
-0.38635
-0.38400
-0.38104
-0.37799
-0.37473
-0.37073
-0.36682
-0.36206
-0.35703
-0.35147
-0.34540
-0.33926
-0.33249
-0.32596
-0.31863
-0.31177
-0.30432
-0.29709
-0.28946
-0.28189
-0.27374
-0.26556
-0.25662
-0.24756
-0.23764
-0.22766
-0.21671
-0.20581
-0.19397
-0.18240
-0.16989
-0.15778
-0.14490
-0.13235
-0.11932
-0.10657
-0.09341
-0.08069
-0.06769
-0.05511
-0.04251
-0.03009
-0.01788
-0.00549
0.00647
0.01874
0.03064
0.04257
0.05453
0.06598
0.07776
0.08896
0.10022
0.11124
0.12201
0.13281
0.14346
0.15399
0.16473
0.17517
0.18591
0.19635
0.20670
0.21698
0.22696
0.23694
0.24664
0.25626
0.26563
0.27478
0.28381
0.29245
0.30112
0.30933
0.31766
0.32544
0.33340
0.34073
0.34799
0.35474
0.36124
0.36710
0.37299
0.37793
0.38309
0.38742
0.39182
0.39569
0.39951
0.40302
0.40622
0.40948
0.41220
0.41498
0.41751
0.41959
0.42212
0.42358
0.42578
0.42685
0.42831
0.42889
0.42947
0.42950
0.42926
0.42862
0.42761
0.42618
0.42450
0.42224
0.41980
0.41687
0.41360
0.41022
0.40622
0.40234
0.39807
0.39368
0.38919
0.38437
0.37955
0.37436
0.36914
0.36349
0.35773
0.35156
0.34518
0.33829
0.33130
0.32373
0.31613
0.30798
0.29984
0.29120
0.28265
0.27390
0.26523
0.25647
0.24783
0.23911
0.23035
0.22159
0.21262
0.20370
0.19455
0.18539
0.17603
0.16660
0.15698
0.14716
0.13727
0.12698
0.11682
0.10626
0.09583
0.08508
0.07462
0.06387
0.05334
0.04266
0.03210
0.02139
0.01083
0.00018
-0.01035
-0.02069
-0.03110
-0.04105
-0.05099
-0.06052
-0.06989
-0.07895
-0.08774
-0.09631
-0.10468
-0.11282
-0.12076
-0.12842
-0.13605
-0.14328
-0.15048
-0.15738
-0.16403
-0.17065
-0.17691
-0.18314
-0.18918
-0.19528
-0.20105
-0.20706
-0.21286
-0.21863
-0.22455
-0.23022
-0.23593
-0.24176
-0.24731
-0.25314
-0.25885
-0.26447
-0.27014
-0.27557
-0.28113
-0.28638
-0.29181
-0.29678
-0.30212
-0.30692
-0.31189
-0.31671
-0.32117
-0.32584
-0.32974
-0.33395
-0.33734
-0.34100
-0.34387
-0.34702
-0.34955
-0.35211
-0.35446
-0.35678
-0.35886
-0.36096
-0.36273
-0.36462
-0.36633
-0.36813
-0.36978
-0.37161
-0.37320
-0.37497
-0.37619
-0.37759
-0.37833
-0.37927
-0.37964
-0.38016
-0.38010
-0.38022
-0.37961
-0.37921
-0.37793
-0.37680
-0.37500
-0.37296
-0.37051
-0.36731
-0.36389
-0.35959
-0.35498
-0.34967
-0.34399
-0.33771
-0.33127
-0.32428
-0.31723
-0.30981
-0.30228
-0.29453
-0.28659
-0.27835
-0.27014
-0.26135
-0.25272
-0.24335
-0.23398
-0.22418
-0.21411
-0.20386
-0.19339
-0.18277
-0.17188
-0.16101
-0.14981
-0.13852
-0.12732
-0.11563
-0.10422
-0.09247
-0.08102
-0.06940
-0.05829
-0.04675
-0.03598
-0.02463
-0.01382
-0.00247
0.00851
0.02005
0.03134
0.04285
0.05450
0.06598
0.07767
0.08923
0.10065
0.11221
0.12323
0.13458
0.14526
0.15616
0.16660
0.17679
0.18671
0.19626
0.20554
0.21454
0.22333
0.23184
0.24011
0.24820
0.25595
0.26331
0.27051
0.27728
0.28375
0.29013
0.29593
0.30182
0.30734
0.31274
0.31802
0.32303
0.32800
0.33264
0.33722
0.34149
0.34552
0.34930
0.35284
0.35614
0.35928
0.36209
0.36490
0.36734
0.36990
0.37225
0.37463
0.37689
0.37903
0.38104
0.38287
0.38443
0.38577
0.38681
0.38742
0.38800
0.38803
0.38812
0.38782
0.38745
0.38693
0.38623
0.38535
0.38434
0.38300
0.38162
0.37970
0.37778
0.37521
0.37253
0.36929
0.36572
0.36182
0.35745
0.35281
0.34784
0.34262
0.33722
0.33170
0.32593
0.32016
0.31412
0.30814
0.30173
0.29538
0.28870
0.28177
0.27475
0.26733
0.25989
0.25223
0.24442
0.23630
0.22821
0.21967
0.21136
0.20264
0.19412
0.18533
0.17685
0.16800
0.15945
0.15054
0.14172
0.13278
0.12372
0.11472
0.10565
0.09656
0.08768
0.07877
0.06995
0.06122
0.05237
0.04355
0.03473
0.02560
0.01688
0.00760
-0.00095
-0.00995
-0.01834
-0.02676
-0.03500
-0.04300
-0.05087
-0.05875
-0.06625
-0.07385
-0.08133
-0.08862
-0.09613
-0.10324
-0.11063
-0.11774
-0.12479
-0.13193
-0.13879
-0.14590
-0.15289
-0.15982
-0.16672
-0.17371
-0.18036
-0.18735
-0.19418
-0.20090
-0.20789
-0.21436
-0.22110
-0.22742
-0.23386
-0.24002
-0.24619
-0.25235
-0.25827
-0.26443
-0.27020
-0.27609
-0.28177
-0.28714
-0.29254
-0.29770
-0.30264
-0.30753
-0.31207
-0.31653
-0.32071
-0.32477
-0.32840
-0.33212
-0.33530
-0.33856
-0.34128
-0.34393
-0.34625
-0.34827
-0.35013
-0.35162
-0.35318
-0.35434
-0.35580
-0.35678
-0.35806
-0.35898
-0.35977
-0.36047
-0.36084
-0.36115
-0.36115
-0.36102
-0.36057
-0.35995
-0.35919
-0.35788
-0.35690
-0.35510
-0.35370
-0.35168
-0.34979
-0.34756
-0.34521
-0.34250
-0.33963
-0.33646
-0.33307
-0.32941
-0.32553
-0.32135
-0.31693
-0.31226
-0.30701
-0.30161
-0.29562
-0.28940
-0.28278
-0.27585
-0.26855
-0.26114
-0.25333
-0.24536
-0.23718
-0.22894
-0.22058
-0.21219
-0.20355
-0.19479
-0.18579
-0.17642
-0.16714
-0.15726
-0.14767
-0.13748
-0.12750
-0.11703
-0.10666
-0.09586
-0.08521
-0.07437
-0.06354
-0.05273
-0.04196
-0.03107
-0.02045
-0.00943
0.00119
0.01208
0.02283
0.03354
0.04410
0.05469
0.06491
0.07516
0.08490
0.09464
0.10373
0.11292
0.12155
0.13028
0.13864
0.14703
0.15512
0.16321
0.17108
0.17889
0.18655
0.19409
0.20154
0.20886
0.21619
0.22327
0.23050
0.23740
0.24448
0.25131
0.25803
0.26459
0.27069
0.27664
0.28204
0.28732
0.29208
0.29684
0.30124
0.30545
0.30972
0.31351
0.31754
0.32114
0.32465
0.32806
0.33109
0.33423
0.33688
0.33951
0.34198
0.34402
0.34619
0.34781
0.34952
0.35083
0.35226
0.35339
0.35468
0.35577
0.35678
0.35782
0.35855
0.35928
0.35983
0.36017
0.36047
0.36041
0.36023
0.35971
0.35895
0.35788
0.35657
0.35501
0.35318
0.35120
0.34879
0.34644
0.34366
0.34082
0.33777
0.33438
0.33105
0.32718
0.32352
0.31937
0.31534
0.31085
0.30640
0.30151
0.29651
0.29117
0.28552
0.27957
0.27338
0.26685
0.25992
0.25290
0.24548
0.23804
0.23047
0.22263
0.21478
0.20673
0.19858
0.19037
0.18207
0.17355
0.16516
0.15646
0.14792
0.13928
0.13058
0.12201
0.11331
0.10483
0.09619
0.08780
0.07919
0.07086
0.06226
0.05396
0.04547
0.03720
0.02881
0.02057
0.01236
0.00406
-0.00400
-0.01227
-0.02026
-0.02832
-0.03629
-0.04422
-0.05200
-0.05988
-0.06741
-0.07523
-0.08255
-0.09027
-0.09753
-0.10504
-0.11237
-0.11963
-0.12695
-0.13403
-0.14099
-0.14807
-0.15469
-0.16162
-0.16797
-0.17450
-0.18066
-0.18677
-0.19275
-0.19852
-0.20435
-0.20999
-0.21573
-0.22116
-0.22687
-0.23206
-0.23764
-0.24274
-0.24783
-0.25287
-0.25745
-0.26236
-0.26663
-0.27115
-0.27536
-0.27951
-0.28366
-0.28760
-0.29141
-0.29510
-0.29852
-0.30191
-0.30499
-0.30798
-0.31076
-0.31323
-0.31580
-0.31796
-0.32034
-0.32239
-0.32452
-0.32648
-0.32858
-0.33041
-0.33246
-0.33417
-0.33603
-0.33774
-0.33929
-0.34073
-0.34219
-0.34323
-0.34451
-0.34525
-0.34607
-0.34644
-0.34674
-0.34662
-0.34637
-0.34589
-0.34500
-0.34390
-0.34241
-0.34055
-0.33868
-0.33624
-0.33401
-0.33127
-0.32852
-0.32553
-0.32233
-0.31900
-0.31558
-0.31174
-0.30807
-0.30365
-0.29944
-0.29459
-0.28973
-0.28448
-0.27921
-0.27359
-0.26779
-0.26193
-0.25549
-0.24924
-0.24222
-0.23535
-0.22760
-0.22006
-0.21152
-0.20322
-0.19400
-0.18491
-0.17517
-0.16559
-0.15567
-0.14578
-0.13599
-0.12604
-0.11630
-0.10651
-0.09665
-0.08688
-0.07700
-0.06714
-0.05731
-0.04733
-0.03757
-0.02747
-0.01758
-0.00739
0.00266
0.01285
0.02286
0.03305
0.04294
0.05295
0.06265
0.07236
0.08191
0.09119
0.10046
0.10944
0.11835
0.12711
0.13565
0.14423
0.15256
0.16080
0.16891
0.17679
0.18445
0.19202
0.19928
0.20648
0.21344
0.22034
0.22699
0.23373
0.23999
0.24667
0.25259
0.25909
0.26480
0.27090
0.27664
0.28235
0.28799
0.29327
0.29861
0.30353
0.30835
0.31287
0.31717
0.32111
0.32495
0.32834
0.33170
0.33463
0.33740
0.33975
0.34216
0.34396
0.34586
0.34723
0.34848
0.34940
0.35016
0.35040
0.35068
0.35046
0.35025
0.34967
0.34918
0.34824
0.34747
0.34637
0.34525
0.34409
0.34262
0.34143
0.33987
0.33847
0.33679
0.33514
0.33322
0.33130
0.32907
0.32678
0.32434
0.32166
0.31879
0.31577
0.31235
0.30875
0.30484
0.30063
0.29620
0.29163
0.28668
0.28180
0.27652
0.27115
0.26566
0.25989
0.25418
0.24811
0.24200
0.23572
0.22916
0.22260
0.21545
0.20840
0.20090
0.19330
0.18558
0.17764
0.16980
0.16171
0.15393
0.14587
0.13828
0.13043
0.12311
0.11548
0.10825
0.10071
0.09335
0.08582
0.07828
0.07056
0.06290
0.05508
0.04730
0.03964
0.03180
0.02426
0.01663
0.00909
0.00162
-0.00580
-0.01340
-0.02069
-0.02838
-0.03564
-0.04330
-0.05057
-0.05801
-0.06519
-0.07251
-0.07962
-0.08707
-0.09412
-0.10159
-0.10867
-0.11600
-0.12299
-0.13013
-0.13693
-0.14371
-0.15030
-0.15674
-0.16327
-0.16989
-0.17651
-0.18335
-0.19012
-0.19708
-0.20392
-0.21085
-0.21765
-0.22437
-0.23093
-0.23727
-0.24335
-0.24927
-0.25467
-0.25998
-0.26456
-0.26920
-0.27295
-0.27679
-0.28003
-0.28323
-0.28619
-0.28912
-0.29196
-0.29486
-0.29770
-0.30054
-0.30334
-0.30618
-0.30905
-0.31195
-0.31485
-0.31772
-0.32047
-0.32321
-0.32574
-0.32803
-0.33038
-0.33215
-0.33414
-0.33542
-0.33688
-0.33768
-0.33865
-0.33899
-0.33948
-0.33969
-0.33960
-0.33987
-0.33945
-0.33951
-0.33905
-0.33875
-0.33832
-0.33765
-0.33716
-0.33624
-0.33560
-0.33453
-0.33344
-0.33212
-0.33054
-0.32886
-0.32697
-0.32477
-0.32248
-0.31970
-0.31686
-0.31348
-0.31021
-0.30634
-0.30264
-0.29855
-0.29449
-0.29031
-0.28592
-0.28146
-0.27649
-0.27148
-0.26572
-0.25992
-0.25351
-0.24667
-0.23975
-0.23203
-0.22449
-0.21637
-0.20828
-0.20004
-0.19186
-0.18353
-0.17551
-0.16721
-0.15918
-0.15103
-0.14279
-0.13443
-0.12592
-0.11713
-0.10825
-0.09909
-0.08969
-0.08023
-0.07059
-0.06104
-0.05142
-0.04202
-0.03250
-0.02344
-0.01407
-0.00519
0.00400
0.01285
0.02194
0.03070
0.03976
0.04840
0.05731
0.06601
0.07468
0.08328
0.09174
0.10001
0.10815
0.11600
0.12378
0.13138
0.13889
0.14639
0.15366
0.16101
0.16833
0.17551
0.18271
0.18979
0.19693
0.20380
0.21085
0.21735
0.22418
0.23044
0.23676
0.24283
0.24841
0.25415
0.25912
0.26416
0.26889
0.27322
0.27774
0.28180
0.28610
0.29001
0.29416
0.29803
0.30200
0.30573
0.30939
0.31287
0.31613
0.31940
0.32233
0.32510
0.32779
0.33017
0.33231
0.33450
0.33603
0.33783
0.33911
0.34021
0.34119
0.34183
0.34232
0.34274
0.34274
0.34286
0.34262
0.34225
0.34177
0.34103
0.34027
0.33923
0.33817
0.33682
0.33536
0.33386
0.33188
0.33011
0.32779
0.32547
0.32281
0.31992
0.31656
0.31314
0.30908
0.30508
0.30048
0.29596
0.29105
0.28610
0.28104
0.27588
0.27081
0.26550
0.26035
0.25497
0.24966
0.24426
0.23856
0.23294
0.22687
0.22098
0.21439
0.20816
0.20114
0.19440
0.18729
0.17999
0.17288
0.16541
0.15817
0.15073
0.14343
0.13608
0.12872
0.12149
0.11407
0.10696
0.09946
0.09219
0.08478
0.07721
0.06989
0.06216
0.05478
0.04694
0.03946
0.03159
0.02390
0.01617
0.00824
0.00076
-0.00714
-0.01447
-0.02213
-0.02942
-0.03668
-0.04385
-0.05072
-0.05771
-0.06448
-0.07120
-0.07782
-0.08444
-0.09094
-0.09750
-0.10400
-0.11041
-0.11682
-0.12326
-0.12958
-0.13599
-0.14240
-0.14874
-0.15509
-0.16138
-0.16748
-0.17343
-0.17929
-0.18481
-0.19034
-0.19553
-0.20062
-0.20554
-0.21030
-0.21481
-0.21912
-0.22327
-0.22711
-0.23093
-0.23444
-0.23804
-0.24133
-0.24475
-0.24799
-0.25131
-0.25449
-0.25772
-0.26086
-0.26404
-0.26712
-0.27014
-0.27322
-0.27615
-0.27921
-0.28192
-0.28491
-0.28738
-0.29016
-0.29242
-0.29483
-0.29684
-0.29901
-0.30066
-0.30255
-0.30405
-0.30569
-0.30707
-0.30841
-0.30969
-0.31070
-0.31177
-0.31265
-0.31335
-0.31415
-0.31467
-0.31525
-0.31558
-0.31586
-0.31583
-0.31586
-0.31552
-0.31525
-0.31451
-0.31393
-0.31281
-0.31186
-0.31036
-0.30896
-0.30698
-0.30502
-0.30255
-0.29987
-0.29703
-0.29367
-0.29044
-0.28671
-0.28296
-0.27899
-0.27481
-0.27051
-0.26614
-0.26154
-0.25702
-0.25226
-0.24756
-0.24265
-0.23776
-0.23257
-0.22742
-0.22192
-0.21640
-0.21063
-0.20480
-0.19879
-0.19263
-0.18616
-0.17966
-0.17270
-0.16574
-0.15845
-0.15109
-0.14343
-0.13586
-0.12784
-0.11996
-0.11182
-0.10364
-0.09525
-0.08679
-0.07803
-0.06931
-0.06030
-0.05127
-0.04230
-0.03317
-0.02444
-0.01563
-0.00714
0.00131
0.00958
0.01779
0.02591
0.03394
0.04199
0.04996
0.05798
0.06607
0.07407
0.08218
0.09012
0.09830
0.10617
0.11438
0.12219
0.13016
0.13782
0.14539
0.15274
0.15988
0.16690
0.17365
0.18018
0.18668
0.19287
0.19897
0.20505
0.21060
0.21640
0.22168
0.22699
0.23218
0.23718
0.24207
0.24686
0.25140
0.25598
0.26025
0.26453
0.26865
0.27246
0.27634
0.27982
0.28317
0.28650
0.28940
0.29242
0.29526
0.29794
0.30078
0.30316
0.30573
0.30798
0.31009
0.31229
0.31400
0.31595
0.31747
0.31912
0.32040
0.32175
0.32285
0.32385
0.32477
0.32538
0.32608
0.32632
0.32675
0.32669
0.32687
0.32663
0.32657
0.32614
0.32574
0.32507
0.32431
0.32309
0.32193
0.32001
0.31827
0.31577
0.31326
0.31030
0.30710
0.30359
0.29996
0.29599
0.29208
0.28787
0.28372
0.27933
0.27493
0.27045
0.26578
0.26105
0.25620
0.25122
0.24609
0.24091
0.23544
0.23010
0.22437
0.21875
0.21268
0.20673
0.20047
0.19418
0.18787
0.18134
0.17502
0.16830
0.16180
0.15497
0.14822
0.14133
0.13437
0.12735
0.12030
0.11319
0.10593
0.09879
0.09131
0.08405
0.07632
0.06894
0.06107
0.05374
0.04593
0.03864
0.03110
0.02377
0.01651
0.00919
0.00195
-0.00525
-0.01254
-0.01962
-0.02689
-0.03406
-0.04123
-0.04834
-0.05542
-0.06235
-0.06943
-0.07620
-0.08313
-0.08981
-0.09650
-0.10309
-0.10956
-0.11588
-0.12216
-0.12808
-0.13403
-0.13959
-0.14511
-0.15048
-0.15570
-0.16089
-0.16602
-0.17099
-0.17599
-0.18088
-0.18558
-0.19022
-0.19464
-0.19888
-0.20306
-0.20715
-0.21106
-0.21515
-0.21887
-0.22281
-0.22644
-0.23001
-0.23361
-0.23679
-0.24026
-0.24338
-0.24658
-0.24985
-0.25293
-0.25607
-0.25922
-0.26205
-0.26511
-0.26782
-0.27057
-0.27316
-0.27563
-0.27792
-0.28024
-0.28226
-0.28442
-0.28610
-0.28793
-0.28931
-0.29062
-0.29181
-0.29260
-0.29364
-0.29410
-0.29483
-0.29523
-0.29556
-0.29590
-0.29587
-0.29605
-0.29575
-0.29578
-0.29538
-0.29526
-0.29492
-0.29483
-0.29440
-0.29425
-0.29373
-0.29349
-0.29291
-0.29266
-0.29193
-0.29160
-0.29086
-0.29028
-0.28946
-0.28842
-0.28729
-0.28577
-0.28403
-0.28192
-0.27954
-0.27673
-0.27371
-0.27042
-0.26672
-0.26318
-0.25912
-0.25522
-0.25113
-0.24680
-0.24255
-0.23792
-0.23331
-0.22833
-0.22318
-0.21771
-0.21201
-0.20599
-0.19983
-0.19321
-0.18655
-0.17957
-0.17245
-0.16522
-0.15771
-0.15033
-0.14258
-0.13495
-0.12708
-0.11911
-0.11115
-0.10306
-0.09497
-0.08682
-0.07867
-0.07047
-0.06232
-0.05402
-0.04596
-0.03760
-0.02954
-0.02136
-0.01321
-0.00528
0.00281
0.01059
0.01840
0.02606
0.03360
0.04102
0.04840
0.05557
0.06290
0.07010
0.07733
0.08469
0.09195
0.09930
0.10657
0.11395
0.12097
0.12817
0.13495
0.14169
0.14822
0.15442
0.16052
0.16638
0.17203
0.17761
0.18289
0.18814
0.19318
0.19809
0.20300
0.20770
0.21255
0.21735
0.22208
0.22696
0.23163
0.23642
0.24103
0.24567
0.25012
0.25439
0.25861
0.26248
0.26624
0.26974
0.27319
0.27634
0.27969
0.28275
0.28586
0.28903
0.29196
0.29498
0.29779
0.30066
0.30328
0.30603
0.30844
0.31100
0.31332
0.31552
0.31775
0.31949
0.32147
0.32294
0.32443
0.32559
0.32669
0.32730
0.32803
0.32813
0.32834
0.32813
0.32779
0.32727
0.32657
0.32568
0.32471
0.32352
0.32217
0.32068
0.31879
0.31683
0.31448
0.31210
0.30933
0.30646
0.30341
0.30008
0.29672
0.29309
0.28928
0.28537
0.28110
0.27686
0.27222
0.26761
0.26260
0.25769
0.25238
0.24710
0.24152
0.23584
0.23001
0.22397
0.21780
0.21140
0.20511
0.19852
0.19226
0.18570
0.17953
0.17313
0.16696
0.16074
0.15451
0.14835
0.14206
0.13580
0.12952
0.12311
0.11682
0.11032
0.10391
0.09747
0.09085
0.08447
0.07770
0.07129
0.06451
0.05798
0.05130
0.04456
0.03796
0.03116
0.02441
0.01758
0.01071
0.00375
-0.00302
-0.01001
-0.01685
-0.02377
-0.03076
-0.03772
-0.04453
-0.05154
-0.05814
-0.06482
-0.07123
-0.07755
-0.08377
-0.08981
-0.09592
-0.10184
-0.10785
-0.11374
-0.11963
-0.12546
-0.13135
-0.13702
-0.14282
-0.14825
-0.15378
-0.15894
-0.16415
-0.16916
-0.17398
-0.17889
-0.18359
-0.18839
-0.19299
-0.19754
-0.20215
-0.20633
-0.21088
-0.21466
-0.21890
-0.22244
-0.22623
-0.22958
-0.23303
-0.23627
-0.23953
-0.24261
-0.24582
-0.24863
-0.25180
-0.25439
-0.25729
-0.25974
-0.26233
-0.26465
-0.26706
-0.26904
-0.27127
-0.27301
-0.27496
-0.27649
-0.27808
-0.27948
-0.28073
-0.28201
-0.28317
-0.28424
-0.28561
-0.28668
-0.28815
-0.28937
-0.29068
-0.29193
-0.29303
-0.29422
-0.29523
-0.29642
-0.29739
-0.29837
-0.29929
-0.30002
-0.30075
-0.30136
-0.30179
-0.30225
-0.30234
-0.30249
-0.30225
-0.30194
-0.30139
-0.30060
-0.29968
-0.29846
-0.29715
-0.29550
-0.29388
-0.29202
-0.28998
-0.28802
-0.28540
-0.28317
-0.28015
-0.27737
-0.27402
-0.27075
-0.26703
-0.26324
-0.25922
-0.25482
-0.25049
-0.24554
-0.24063
-0.23529
-0.22968
-0.22400
-0.21780
-0.21167
-0.20517
-0.19858
-0.19189
-0.18506
-0.17798
-0.17096
-0.16373
-0.15643
-0.14917
-0.14169
-0.13443
-0.12683
-0.11945
-0.11182
-0.10416
-0.09656
-0.08865
-0.08093
-0.07291
-0.06491
-0.05685
-0.04852
-0.04050
-0.03204
-0.02396
-0.01569
-0.00748
0.00064
0.00885
0.01694
0.02509
0.03317
0.04135
0.04947
0.05762
0.06567
0.07358
0.08142
0.08890
0.09637
0.10342
0.11035
0.11707
0.12341
0.12964
0.13559
0.14139
0.14706
0.15259
0.15805
0.16342
0.16861
0.17407
0.17902
0.18448
0.18942
0.19455
0.19965
0.20438
0.20950
0.21387
0.21881
0.22290
0.22757
0.23163
0.23590
0.24002
0.24396
0.24799
0.25183
0.25558
0.25940
0.26294
0.26648
0.26981
0.27292
0.27582
0.27856
0.28085
0.28333
0.28531
0.28732
0.28937
0.29105
0.29288
0.29462
0.29614
0.29779
0.29922
0.30063
0.30197
0.30319
0.30432
0.30530
0.30609
0.30673
0.30716
0.30746
0.30756
0.30759
0.30731
0.30704
0.30655
0.30588
0.30527
0.30426
0.30347
0.30228
0.30112
0.29987
0.29831
0.29684
0.29492
0.29297
0.29080
0.28845
0.28592
0.28317
0.28021
0.27707
0.27377
0.27026
0.26654
0.26279
0.25873
0.25470
0.25049
0.24609
0.24170
0.23691
0.23227
0.22708
0.22211
0.21658
0.21121
0.20560
0.19992
0.19421
0.18839
0.18265
0.17682
0.17096
0.16513
0.15915
0.15320
0.14719
0.14099
0.13495
0.12866
0.12247
0.11624
0.10992
0.10367
0.09732
0.09100
0.08450
0.07819
0.07159
0.06525
0.05878
0.05240
0.04614
0.03986
0.03360
0.02740
0.02112
0.01498
0.00870
0.00259
-0.00366
-0.00970
-0.01596
-0.02203
-0.02823
-0.03418
-0.04047
-0.04630
-0.05267
-0.05856
-0.06476
-0.07089
-0.07693
-0.08307
-0.08911
-0.09500
-0.10092
-0.10666
-0.11218
-0.11765
-0.12289
-0.12796
-0.13293
-0.13773
-0.14246
-0.14709
-0.15170
-0.15634
-0.16074
-0.16525
-0.16940
-0.17377
-0.17776
-0.18185
-0.18579
-0.18958
-0.19342
-0.19711
-0.20074
-0.20450
-0.20795
-0.21161
-0.21494
-0.21826
-0.22150
-0.22446
-0.22751
-0.23032
-0.23312
-0.23593
-0.23853
-0.24124
-0.24374
-0.24625
-0.24869
-0.25107
-0.25339
-0.25571
-0.25790
-0.25995
-0.26208
-0.26389
-0.26581
-0.26743
-0.26904
-0.27048
-0.27188
-0.27319
-0.27438
-0.27563
-0.27664
-0.27783
-0.27878
-0.27972
-0.28067
-0.28128
-0.28201
-0.28232
-0.28256
-0.28268
-0.28241
-0.28235
-0.28171
-0.28140
-0.28064
-0.28006
-0.27917
-0.27847
-0.27731
-0.27658
-0.27536
-0.27444
-0.27322
-0.27219
-0.27078
-0.26956
-0.26788
-0.26627
-0.26431
-0.26212
-0.25980
-0.25699
-0.25421
-0.25098
-0.24786
-0.24448
-0.24103
-0.23764
-0.23386
-0.23035
-0.22635
-0.22247
-0.21826
-0.21390
-0.20926
-0.20447
-0.19916
-0.19394
-0.18790
-0.18225
-0.17587
-0.16989
-0.16351
-0.15735
-0.15094
-0.14465
-0.13815
-0.13181
-0.12518
-0.11856
-0.11179
-0.10480
-0.09781
-0.09055
-0.08350
-0.07620
-0.06921
-0.06189
-0.05499
-0.04770
-0.04077
-0.03357
-0.02655
-0.01950
-0.01260
-0.00555
0.00119
0.00821
0.01492
0.02191
0.02859
0.03558
0.04218
0.04907
0.05573
0.06232
0.06891
0.07532
0.08167
0.08810
0.09412
0.10049
0.10648
0.11264
0.11862
0.12457
0.13055
0.13632
0.14200
0.14771
0.15305
0.15854
0.16388
0.16895
0.17429
0.17929
0.18442
0.18948
0.19452
0.19949
0.20453
0.20947
0.21429
0.21921
0.22379
0.22861
0.23297
0.23749
0.24158
0.24573
0.24939
0.25317
0.25635
0.25967
0.26242
0.26520
0.26761
0.27011
0.27222
0.27454
0.27655
0.27853
0.28070
0.28247
0.28458
0.28638
0.28818
0.28989
0.29138
0.29279
0.29419
0.29520
0.29657
0.29730
0.29846
0.29910
0.29980
0.30026
0.30063
0.30078
0.30075
0.30066
0.30023
0.29984
0.29922
0.29840
0.29761
0.29657
0.29553
0.29431
0.29291
0.29153
0.28998
0.28818
0.28653
0.28442
0.28244
0.28018
0.27774
0.27518
0.27252
0.26956
0.26660
0.26346
0.26013
0.25674
0.25311
0.24936
0.24545
0.24142
0.23715
0.23294
0.22849
0.22394
0.21936
0.21439
0.20950
0.20422
0.19891
0.19333
0.18771
0.18182
0.17599
0.17004
0.16391
0.15799
0.15164
0.14557
0.13931
0.13303
0.12677
0.12042
0.11417
0.10788
0.10178
0.09552
0.08939
0.08316
0.07687
0.07059
0.06418
0.05780
0.05139
0.04489
0.03854
0.03207
0.02582
0.01947
0.01318
0.00714
0.00095
-0.00500
-0.01096
-0.01694
-0.02274
-0.02863
-0.03448
-0.04010
-0.04590
-0.05130
-0.05692
-0.06223
-0.06763
-0.07288
-0.07800
-0.08319
-0.08817
-0.09317
-0.09808
-0.10303
-0.10779
-0.11270
-0.11737
-0.12195
-0.12665
-0.13089
-0.13535
-0.13959
-0.14371
-0.14780
-0.15182
-0.15561
-0.15970
-0.16333
-0.16718
-0.17084
-0.17426
-0.17789
-0.18109
-0.18442
-0.18768
-0.19089
-0.19421
-0.19754
-0.20102
-0.20438
-0.20798
-0.21133
-0.21484
-0.21817
-0.22137
-0.22452
-0.22739
-0.23013
-0.23282
-0.23514
-0.23761
-0.23972
-0.24170
-0.24365
-0.24518
-0.24680
-0.24802
-0.24933
-0.25043
-0.25143
-0.25244
-0.25327
-0.25403
-0.25473
-0.25513
-0.25555
-0.25571
-0.25601
-0.25601
-0.25623
-0.25632
-0.25641
-0.25647
-0.25659
-0.25674
-0.25690
-0.25714
-0.25735
-0.25757
-0.25775
-0.25793
-0.25784
-0.25784
-0.25757
-0.25714
-0.25659
-0.25598
-0.25510
-0.25430
-0.25320
-0.25226
-0.25092
-0.25000
-0.24844
-0.24741
-0.24585
-0.24442
-0.24304
-0.24124
-0.23972
-0.23785
-0.23596
-0.23389
-0.23172
-0.22922
-0.22678
-0.22394
-0.22104
-0.21783
-0.21463
-0.21103
-0.20752
-0.20364
-0.19974
-0.19562
-0.19138
-0.18692
-0.18234
-0.17773
-0.17282
-0.16803
-0.16299
-0.15787
-0.15274
-0.14731
-0.14200
-0.13632
-0.13080
-0.12479
-0.11905
-0.11282
-0.10681
-0.10065
-0.09427
-0.08810
-0.08157
-0.07510
-0.06845
-0.06174
-0.05481
-0.04800
-0.04080
-0.03394
-0.02664
-0.01978
-0.01270
-0.00580
0.00101
0.00772
0.01440
0.02090
0.02750
0.03400
0.04047
0.04694
0.05325
0.05966
0.06586
0.07220
0.07828
0.08444
0.09045
0.09628
0.10226
0.10794
0.11368
0.11932
0.12479
0.13028
0.13550
0.14069
0.14572
0.15060
0.15564
0.16046
0.16553
0.17044
0.17535
0.18018
0.18497
0.18958
0.19421
0.19861
0.20306
0.20743
0.21164
0.21600
0.21991
0.22394
0.22769
0.23120
0.23471
0.23782
0.24094
0.24377
0.24652
0.24908
0.25150
0.25400
0.25613
0.25854
0.26059
0.26279
0.26486
0.26675
0.26874
0.27042
0.27209
0.27365
0.27487
0.27615
0.27701
0.27783
0.27841
0.27881
0.27914
0.27930
0.27939
0.27951
0.27933
0.27939
0.27902
0.27884
0.27844
0.27805
0.27759
0.27695
0.27637
0.27560
0.27487
0.27411
0.27316
0.27225
0.27121
0.26996
0.26880
0.26733
0.26581
0.26428
0.26239
0.26068
0.25858
0.25662
0.25424
0.25217
0.24951
0.24728
0.24448
0.24194
0.23907
0.23630
0.23325
0.23026
0.22699
0.22375
0.22025
0.21674
0.21298
0.20905
0.20508
0.20068
0.19644
0.19168
0.18698
0.18198
0.17682
0.17175
0.16626
0.16098
0.15521
0.14972
0.14380
0.13797
0.13205
0.12589
0.11993
0.11377
0.10757
0.10150
0.09528
0.08911
0.08295
0.07669
0.07050
0.06421
0.05792
0.05157
0.04535
0.03900
0.03284
0.02667
0.02057
0.01462
0.00888
0.00311
-0.00241
-0.00784
-0.01328
-0.01843
-0.02356
-0.02875
-0.03354
-0.03857
-0.04312
-0.04791
-0.05231
-0.05682
-0.06119
-0.06546
-0.06976
-0.07404
-0.07819
-0.08243
-0.08667
-0.09073
-0.09497
-0.09909
-0.10318
-0.10724
-0.11136
-0.11517
-0.11935
-0.12308
-0.12701
-0.13083
-0.13461
-0.13834
-0.14212
-0.14578
-0.14954
-0.15338
-0.15704
-0.16101
-0.16483
-0.16867
-0.17270
-0.17639
-0.18030
-0.18408
-0.18759
-0.19138
-0.19470
-0.19815
-0.20148
-0.20456
-0.20767
-0.21054
-0.21332
-0.21600
-0.21851
-0.22089
-0.22321
-0.22531
-0.22751
-0.22934
-0.23141
-0.23306
-0.23499
-0.23660
-0.23831
-0.24005
-0.24158
-0.24332
-0.24469
-0.24625
-0.24750
-0.24860
-0.24982
-0.25061
-0.25174
-0.25250
-0.25351
-0.25430
-0.25525
-0.25574
-0.25644
-0.25665
-0.25687
-0.25687
-0.25653
-0.25638
-0.25577
-0.25543
-0.25473
-0.25421
-0.25348
-0.25269
-0.25174
-0.25076
-0.24951
-0.24832
-0.24680
-0.24530
-0.24356
-0.24173
-0.23981
-0.23770
-0.23563
-0.23328
-0.23083
-0.22842
-0.22580
-0.22330
-0.22067
-0.21817
-0.21552
-0.21301
-0.21036
-0.20761
-0.20499
-0.20203
-0.19934
-0.19638
-0.19354
-0.19049
-0.18747
-0.18420
-0.18106
-0.17746
-0.17413
-0.17026
-0.16653
-0.16248
-0.15839
-0.15405
-0.14978
-0.14526
-0.14075
-0.13623
-0.13132
-0.12668
-0.12158
-0.11667
-0.11148
-0.10629
-0.10110
-0.09570
-0.09039
-0.08502
-0.07941
-0.07413
-0.06833
-0.06293
-0.05713
-0.05157
-0.04575
-0.04001
-0.03415
-0.02829
-0.02243
-0.01654
-0.01074
-0.00491
0.00082
0.00650
0.01230
0.01791
0.02371
0.02945
0.03519
0.04114
0.04691
0.05295
0.05881
0.06470
0.07068
0.07635
0.08221
0.08786
0.09341
0.09900
0.10437
0.10971
0.11484
0.12000
0.12479
0.12976
0.13434
0.13901
0.14355
0.14798
0.15237
0.15671
0.16089
0.16513
0.16901
0.17313
0.17664
0.18057
0.18390
0.18750
0.19073
0.19400
0.19717
0.20029
0.20328
0.20636
0.20923
0.21216
0.21506
0.21786
0.22058
0.22330
0.22571
0.22821
0.23041
0.23264
0.23456
0.23651
0.23816
0.23984
0.24121
0.24261
0.24384
0.24490
0.24612
0.24689
0.24808
0.24875
0.24976
0.25037
0.25119
0.25162
0.25217
0.25247
0.25278
0.25278
0.25296
0.25269
0.25281
0.25250
0.25256
0.25223
0.25232
0.25204
0.25195
0.25165
0.25131
0.25089
0.25018
0.24954
0.24847
0.24738
0.24612
0.24460
0.24304
0.24121
0.23941
0.23730
0.23538
0.23309
0.23087
0.22858
0.22601
0.22360
0.22083
0.21814
0.21503
0.21219
0.20868
0.20560
0.20206
0.19852
0.19501
0.19125
0.18759
0.18375
0.17987
0.17590
0.17188
0.16776
0.16357
0.15930
0.15500
0.15063
0.14603
0.14157
0.13690
0.13202
0.12750
0.12234
0.11761
0.11264
0.10757
0.10269
0.09753
0.09259
0.08737
0.08240
0.07709
0.07199
0.06689
0.06168
0.05682
0.05170
0.04691
0.04202
0.03726
0.03244
0.02765
0.02286
0.01791
0.01324
0.00812
0.00351
-0.00156
-0.00632
-0.01105
-0.01599
-0.02057
-0.02539
-0.02997
-0.03461
-0.03915
-0.04382
-0.04834
-0.05289
-0.05743
-0.06189
-0.06641
-0.07077
-0.07520
-0.07938
-0.08374
-0.08783
-0.09198
-0.09613
-0.10016
-0.10428
-0.10834
-0.11230
-0.11652
-0.12039
-0.12448
-0.12839
-0.13223
-0.13608
-0.13971
-0.14316
-0.14667
-0.14978
-0.15302
-0.15601
-0.15887
-0.16180
-0.16449
-0.16721
-0.16989
-0.17236
-0.17508
-0.17743
-0.17996
-0.18222
-0.18457
-0.18661
-0.18872
-0.19058
-0.19244
-0.19418
-0.19586
-0.19751
-0.19901
-0.20044
-0.20178
-0.20294
-0.20413
-0.20514
-0.20599
-0.20700
-0.20764
-0.20853
-0.20914
-0.20972
-0.21024
-0.21057
-0.21085
-0.21088
-0.21082
-0.21033
-0.21002
-0.20923
-0.20865
-0.20786
-0.20715
-0.20663
-0.20602
-0.20575
-0.20532
-0.20526
-0.20493
-0.20490
-0.20471
-0.20450
-0.20441
-0.20404
-0.20380
-0.20352
-0.20316
-0.20291
-0.20251
-0.20233
-0.20197
-0.20172
-0.20151
-0.20102
-0.20090
-0.20044
-0.20013
-0.19971
-0.19916
-0.19855
-0.19781
-0.19687
-0.19586
-0.19449
-0.19318
-0.19147
-0.18970
-0.18787
-0.18567
-0.18365
-0.18137
-0.17886
-0.17651
-0.17368
-0.17102
-0.16791
-0.16486
-0.16153
-0.15817
-0.15457
-0.15097
-0.14713
-0.14340
-0.13931
-0.13556
-0.13135
-0.12750
-0.12341
-0.11938
-0.11539
-0.11130
-0.10727
-0.10315
-0.09909
-0.09488
-0.09082
-0.08655
-0.08240
-0.07797
-0.07376
-0.06912
-0.06479
-0.06006
-0.05557
-0.05084
-0.04620
-0.04135
-0.03659
-0.03152
-0.02658
-0.02142
-0.01630
-0.01120
-0.00589
-0.00089
0.00427
0.00934
0.01428
0.01935
0.02414
0.02911
0.03381
0.03876
0.04343
0.04822
0.05292
0.05759
0.06232
0.06680
0.07156
0.07605
0.08078
0.08527
0.08997
0.09436
0.09915
0.10336
0.10800
0.11224
0.11652
0.12082
0.12476
0.12885
0.13266
0.13638
0.13998
0.14346
0.14673
0.15009
0.15311
0.15631
0.15924
0.16220
0.16504
0.16785
0.17059
0.17319
0.17584
0.17822
0.18082
0.18314
0.18555
0.18774
0.18994
0.19186
0.19391
0.19559
0.19739
0.19901
0.20053
0.20209
0.20364
0.20493
0.20651
0.20764
0.20901
0.21011
0.21124
0.21219
0.21320
0.21408
0.21484
0.21564
0.21625
0.21695
0.21738
0.21808
0.21826
0.21884
0.21896
0.21930
0.21930
0.21948
0.21924
0.21927
0.21890
0.21860
0.21814
0.21768
0.21695
0.21649
0.21558
0.21500
0.21420
0.21329
0.21262
0.21155
0.21066
0.20966
0.20850
0.20746
0.20621
0.20502
0.20370
0.20236
0.20071
0.19931
0.19724
0.19574
0.19339
0.19150
0.18906
0.18671
0.18405
0.18143
0.17838
0.17554
0.17227
0.16913
0.16583
0.16229
0.15900
0.15524
0.15186
0.14795
0.14447
0.14050
0.13696
0.13300
0.12912
0.12527
0.12109
0.11722
0.11285
0.10880
0.10437
0.10013
0.09555
0.09119
0.08655
0.08206
0.07724
0.07269
0.06772
0.06302
0.05807
0.05316
0.04825
0.04327
0.03839
0.03339
0.02859
0.02365
0.01901
0.01428
0.00977
0.00531
0.00082
-0.00327
-0.00772
-0.01160
-0.01590
-0.01978
-0.02371
-0.02774
-0.03140
-0.03543
-0.03903
-0.04285
-0.04654
-0.05008
-0.05374
-0.05716
-0.06055
-0.06400
-0.06696
-0.07037
-0.07321
-0.07623
-0.07910
-0.08185
-0.08469
-0.08740
-0.09012
-0.09274
-0.09546
-0.09811
-0.10074
-0.10345
-0.10605
-0.10876
-0.11151
-0.11417
-0.11700
-0.11966
-0.12241
-0.12500
-0.12750
-0.12994
-0.13226
-0.13452
-0.13660
-0.13885
-0.14069
-0.14297
-0.14490
-0.14697
-0.14914
-0.15106
-0.15329
-0.15518
-0.15729
-0.15909
-0.16098
-0.16263
-0.16425
-0.16586
-0.16724
-0.16879
-0.17017
-0.17160
-0.17322
-0.17459
-0.17627
-0.17770
-0.17929
-0.18076
-0.18213
-0.18347
-0.18460
-0.18573
-0.18652
-0.18744
-0.18793
-0.18851
-0.18887
-0.18915
-0.18939
-0.18961
-0.18973
-0.19003
-0.19016
-0.19043
-0.19064
-0.19073
-0.19101
-0.19092
-0.19104
-0.19086
-0.19077
-0.19055
-0.19025
-0.18997
-0.18958
-0.18915
-0.18872
-0.18814
-0.18759
-0.18683
-0.18610
-0.18518
-0.18414
-0.18320
-0.18192
-0.18085
-0.17963
-0.17819
-0.17706
-0.17545
-0.17429
-0.17270
-0.17142
-0.16995
-0.16852
-0.16714
-0.16562
-0.16409
-0.16257
-0.16080
-0.15918
-0.15723
-0.15549
-0.15335
-0.15143
-0.14902
-0.14691
-0.14432
-0.14197
-0.13922
-0.13669
-0.13388
-0.13116
-0.12839
-0.12552
-0.12268
-0.11978
-0.11676
-0.11386
-0.11060
-0.10760
-0.10419
-0.10101
-0.09747
-0.09409
-0.09045
-0.08688
-0.08316
-0.07947
-0.07559
-0.07172
-0.06775
-0.06366
-0.05963
-0.05542
-0.05124
-0.04700
-0.04272
-0.03842
-0.03406
-0.02966
-0.02515
-0.02072
-0.01599
-0.01160
-0.00668
-0.00217
0.00266
0.00729
0.01205
0.01663
0.02133
0.02585
0.03049
0.03497
0.03946
0.04385
0.04810
0.05246
0.05652
0.06070
0.06470
0.06873
0.07254
0.07648
0.08023
0.08386
0.08762
0.09103
0.09460
0.09802
0.10129
0.10455
0.10748
0.11057
0.11322
0.11609
0.11865
0.12131
0.12399
0.12665
0.12924
0.13208
0.13452
0.13736
0.13992
0.14252
0.14529
0.14774
0.15063
0.15308
0.15588
0.15845
0.16095
0.16342
0.16571
0.16797
0.17014
0.17224
0.17422
0.17618
0.17801
0.17981
0.18152
0.18301
0.18457
0.18585
0.18723
0.18826
0.18945
0.19025
0.19125
0.19205
0.19281
0.19360
0.19424
0.19501
0.19547
0.19620
0.19635
0.19693
0.19684
0.19714
0.19693
0.19687
0.19662
0.19635
0.19586
0.19556
0.19482
0.19446
0.19366
0.19318
0.19232
0.19180
0.19098
0.19043
0.18954
0.18909
0.18802
0.18771
0.18649
0.18613
0.18497
0.18420
0.18326
0.18225
0.18121
0.18021
0.17899
0.17780
0.17664
0.17517
0.17380
0.17224
0.17056
0.16885
0.16687
0.16498
0.16266
0.16064
0.15811
0.15579
0.15317
0.15051
0.14780
0.14487
0.14188
0.13882
0.13553
0.13220
0.12885
0.12515
0.12177
0.11789
0.11438
0.11063
0.10693
0.10345
0.09961
0.09631
0.09244
0.08899
0.08524
0.08157
0.07788
0.07410
0.07022
0.06650
0.06244
0.05878
0.05466
0.05093
0.04700
0.04321
0.03949
0.03574
0.03210
0.02844
0.02481
0.02121
0.01758
0.01401
0.01035
0.00671
0.00302
-0.00067
-0.00449
-0.00827
-0.01218
-0.01605
-0.01990
-0.02383
-0.02762
-0.03137
-0.03513
-0.03873
-0.04236
-0.04587
-0.04929
-0.05273
-0.05606
-0.05920
-0.06268
-0.06552
-0.06897
-0.07196
-0.07501
-0.07822
-0.08124
-0.08420
-0.08737
-0.09006
-0.09311
-0.09573
-0.09866
-0.10114
-0.10394
-0.10623
-0.10889
-0.11118
-0.11368
-0.11600
-0.11829
-0.12067
-0.12271
-0.12503
-0.12701
-0.12915
-0.13116
-0.13312
-0.13519
-0.13696
-0.13895
-0.14072
-0.14252
-0.14423
-0.14600
-0.14758
-0.14926
-0.15088
-0.15240
-0.15399
-0.15549
-0.15689
-0.15820
-0.15939
-0.16046
-0.16141
-0.16229
-0.16306
-0.16373
-0.16446
-0.16504
-0.16565
-0.16620
-0.16669
-0.16714
-0.16760
-0.16797
-0.16846
-0.16873
-0.16907
-0.16940
-0.16946
-0.16965
-0.16965
-0.16940
-0.16943
-0.16891
-0.16873
-0.16821
-0.16794
-0.16739
-0.16727
-0.16672
-0.16656
-0.16617
-0.16595
-0.16556
-0.16531
-0.16483
-0.16446
-0.16406
-0.16357
-0.16312
-0.16263
-0.16205
-0.16156
-0.16083
-0.16040
-0.15948
-0.15903
-0.15820
-0.15753
-0.15683
-0.15598
-0.15512
-0.15436
-0.15326
-0.15244
-0.15125
-0.15027
-0.14905
-0.14780
-0.14648
-0.14505
-0.14362
-0.14209
-0.14050
-0.13892
-0.13718
-0.13562
-0.13376
-0.13226
-0.13025
-0.12869
-0.12653
-0.12485
-0.12265
-0.12064
-0.11844
-0.11609
-0.11380
-0.11136
-0.10883
-0.10623
-0.10349
-0.10071
-0.09781
-0.09485
-0.09189
-0.08865
-0.08566
-0.08234
-0.07916
-0.07587
-0.07248
-0.06915
-0.06564
-0.06216
-0.05853
-0.05493
-0.05112
-0.04745
-0.04340
-0.03967
-0.03546
-0.03174
-0.02753
-0.02359
-0.01956
-0.01547
-0.01144
-0.00742
-0.00333
0.00064
0.00464
0.00858
0.01251
0.01639
0.02029
0.02411
0.02798
0.03168
0.03561
0.03915
0.04297
0.04642
0.04999
0.05334
0.05676
0.05994
0.06317
0.06628
0.06937
0.07245
0.07547
0.07852
0.08154
0.08456
0.08752
0.09052
0.09329
0.09634
0.09891
0.10187
0.10443
0.10724
0.10980
0.11249
0.11493
0.11752
0.11990
0.12231
0.12463
0.12695
0.12924
0.13144
0.13376
0.13586
0.13803
0.14017
0.14218
0.14407
0.14618
0.14761
0.14972
0.15097
0.15277
0.15408
0.15558
0.15698
0.15823
0.15955
0.16080
0.16187
0.16312
0.16403
0.16516
0.16608
0.16696
0.16788
0.16843
0.16940
0.16968
0.17053
0.17081
0.17142
0.17178
0.17215
0.17252
0.17273
0.17300
0.17310
0.17325
0.17316
0.17316
0.17310
0.17279
0.17270
0.17242
0.17215
0.17181
0.17148
0.17099
0.17072
0.17017
0.16977
0.16910
0.16879
0.16800
0.16757
0.16681
0.16617
0.16544
0.16467
0.16388
0.16284
0.16205
0.16077
0.15979
0.15848
0.15717
0.15585
0.15439
0.15292
0.15149
0.14984
0.14832
0.14661
0.14487
0.14304
0.14120
0.13916
0.13712
0.13495
0.13257
0.13025
0.12772
0.12518
0.12250
0.11981
0.11700
0.11423
0.11127
0.10840
0.10538
0.10226
0.09930
0.09601
0.09290
0.08957
0.08633
0.08301
0.07968
0.07645
0.07303
0.06982
0.06644
0.06317
0.05988
0.05661
0.05325
0.04996
0.04657
0.04327
0.03983
0.03653
0.03302
0.02969
0.02628
0.02292
0.01959
0.01630
0.01300
0.00983
0.00659
0.00354
0.00031
-0.00266
-0.00592
-0.00879
-0.01196
-0.01495
-0.01804
-0.02094
-0.02408
-0.02686
-0.03000
-0.03278
-0.03577
-0.03854
-0.04135
-0.04413
-0.04675
-0.04956
-0.05222
-0.05481
-0.05756
-0.06003
-0.06268
-0.06522
-0.06772
-0.07019
-0.07266
-0.07510
-0.07755
-0.07993
-0.08240
-0.08469
-0.08719
-0.08948
-0.09174
-0.09415
-0.09616
-0.09851
-0.10052
-0.10272
-0.10464
-0.10669
-0.10852
-0.11044
-0.11221
-0.11407
-0.11575
-0.11755
-0.11923
-0.12097
-0.12262
-0.12430
-0.12595
-0.12750
-0.12918
-0.13065
-0.13202
-0.13351
-0.13461
-0.13599
-0.13693
-0.13809
-0.13895
-0.14008
-0.14081
-0.14188
-0.14252
-0.14355
-0.14417
-0.14511
-0.14578
-0.14658
-0.14737
-0.14810
-0.14890
-0.14960
-0.15036
-0.15094
-0.15155
-0.15210
-0.15237
-0.15286
-0.15289
-0.15314
-0.15311
-0.15308
-0.15295
-0.15280
-0.15250
-0.15225
-0.15186
-0.15158
-0.15115
-0.15079
-0.15045
-0.14996
-0.14969
-0.14920
-0.14886
-0.14841
-0.14798
-0.14752
-0.14694
-0.14645
-0.14581
-0.14520
-0.14450
-0.14386
-0.14310
-0.14243
-0.14160
-0.14081
-0.13995
-0.13916
-0.13815
-0.13739
-0.13638
-0.13550
-0.13458
-0.13358
-0.13254
-0.13156
-0.13049
-0.12939
-0.12842
-0.12723
-0.12622
-0.12503
-0.12384
-0.12256
-0.12131
-0.11978
-0.11841
-0.11670
-0.11505
-0.11325
-0.11127
-0.10934
-0.10709
-0.10501
-0.10260
-0.10025
-0.09787
-0.09531
-0.09290
-0.09030
-0.08774
-0.08517
-0.08255
-0.07986
-0.07724
-0.07437
-0.07172
-0.06882
-0.06601
-0.06314
-0.06012
-0.05719
-0.05417
-0.05106
-0.04810
-0.04489
-0.04193
-0.03879
-0.03577
-0.03262
-0.02957
-0.02637
-0.02335
-0.01999
-0.01688
-0.01349
-0.01019
-0.00677
-0.00342
0.00006
0.00354
0.00693
0.01047
0.01373
0.01721
0.02054
0.02390
0.02728
0.03049
0.03400
0.03711
0.04056
0.04364
0.04700
0.05008
0.05319
0.05634
0.05927
0.06232
0.06522
0.06802
0.07092
0.07358
0.07629
0.07895
0.08148
0.08401
0.08649
0.08881
0.09125
0.09344
0.09576
0.09784
0.10010
0.10211
0.10419
0.10623
0.10803
0.11002
0.11172
0.11359
0.11514
0.11697
0.11841
0.12012
0.12161
0.12308
0.12469
0.12619
0.12769
0.12927
0.13068
0.13229
0.13373
0.13519
0.13666
0.13794
0.13931
0.14056
0.14172
0.14301
0.14398
0.14514
0.14609
0.14709
0.14795
0.14886
0.14963
0.15051
0.15118
0.15192
0.15259
0.15320
0.15381
0.15424
0.15479
0.15506
0.15549
0.15564
0.15585
0.15598
0.15601
0.15604
0.15591
0.15591
0.15573
0.15558
0.15546
0.15509
0.15494
0.15454
0.15417
0.15381
0.15323
0.15271
0.15219
0.15140
0.15091
0.14996
0.14935
0.14853
0.14774
0.14700
0.14618
0.14532
0.14450
0.14352
0.14249
0.14157
0.14020
0.13925
0.13782
0.13663
0.13528
0.13382
0.13245
0.13089
0.12930
0.12781
0.12601
0.12442
0.12259
0.12082
0.11890
0.11700
0.11481
0.11298
0.11044
0.10852
0.10587
0.10370
0.10101
0.09860
0.09589
0.09332
0.09061
0.08801
0.08524
0.08264
0.07986
0.07727
0.07458
0.07190
0.06940
0.06650
0.06406
0.06110
0.05853
0.05557
0.05292
0.04984
0.04718
0.04410
0.04132
0.03830
0.03552
0.03250
0.02969
0.02679
0.02386
0.02112
0.01810
0.01535
0.01248
0.00964
0.00681
0.00400
0.00119
-0.00165
-0.00446
-0.00729
-0.01007
-0.01288
-0.01556
-0.01837
-0.02097
-0.02365
-0.02631
-0.02875
-0.03140
-0.03381
-0.03632
-0.03876
-0.04114
-0.04352
-0.04578
-0.04816
-0.05038
-0.05267
-0.05484
-0.05710
-0.05917
-0.06134
-0.06335
-0.06537
-0.06735
-0.06924
-0.07120
-0.07291
-0.07501
-0.07663
-0.07880
-0.08044
-0.08261
-0.08447
-0.08658
-0.08847
-0.09061
-0.09238
-0.09448
-0.09613
-0.09802
-0.09976
-0.10129
-0.10309
-0.10437
-0.10611
-0.10745
-0.10901
-0.11035
-0.11176
-0.11316
-0.11444
-0.11584
-0.11710
-0.11829
-0.11966
-0.12064
-0.12201
-0.12305
-0.12415
-0.12524
-0.12625
-0.12720
-0.12820
-0.12909
-0.13000
-0.13077
-0.13165
-0.13226
-0.13318
-0.13367
-0.13449
-0.13492
-0.13565
-0.13605
-0.13663
-0.13699
-0.13745
-0.13779
-0.13806
-0.13837
-0.13843
-0.13867
-0.13855
-0.13867
-0.13858
-0.13843
-0.13843
-0.13815
-0.13803
-0.13788
-0.13751
-0.13745
-0.13702
-0.13687
-0.13654
-0.13620
-0.13605
-0.13559
-0.13544
-0.13501
-0.13489
-0.13443
-0.13431
-0.13385
-0.13351
-0.13324
-0.13254
-0.13226
-0.13138
-0.13083
-0.12997
-0.12909
-0.12827
-0.12723
-0.12628
-0.12531
-0.12421
-0.12317
-0.12210
-0.12094
-0.11987
-0.11868
-0.11752
-0.11627
-0.11514
-0.11368
-0.11255
-0.11102
-0.10974
-0.10818
-0.10678
-0.10519
-0.10367
-0.10202
-0.10043
-0.09860
-0.09695
-0.09488
-0.09308
-0.09085
-0.08884
-0.08649
-0.08420
-0.08191
-0.07932
-0.07721
-0.07434
-0.07224
-0.06934
-0.06705
-0.06421
-0.06174
-0.05896
-0.05630
-0.05362
-0.05087
-0.04816
-0.04541
-0.04257
-0.03989
-0.03702
-0.03424
-0.03143
-0.02856
-0.02582
-0.02292
-0.02014
-0.01740
-0.01456
-0.01184
-0.00909
-0.00616
-0.00366
-0.00058
0.00204
0.00504
0.00775
0.01068
0.01355
0.01627
0.01932
0.02182
0.02487
0.02753
0.03030
0.03311
0.03583
0.03851
0.04132
0.04382
0.04660
0.04907
0.05164
0.05420
0.05658
0.05908
0.06143
0.06381
0.06616
0.06842
0.07071
0.07285
0.07504
0.07709
0.07916
0.08124
0.08319
0.08527
0.08719
0.08920
0.09125
0.09320
0.09521
0.09717
0.09918
0.10101
0.10297
0.10464
0.10641
0.10803
0.10956
0.11105
0.11243
0.11392
0.11511
0.11661
0.11780
0.11911
0.12033
0.12161
0.12265
0.12396
0.12476
0.12601
0.12671
0.12775
0.12836
0.12924
0.12985
0.13062
0.13116
0.13187
0.13242
0.13303
0.13367
0.13403
0.13480
0.13501
0.13577
0.13602
0.13660
0.13684
0.13733
0.13748
0.13791
0.13797
0.13834
0.13831
0.13852
0.13840
0.13846
0.13834
0.13815
0.13797
0.13766
0.13736
0.13690
0.13651
0.13593
0.13541
0.13480
0.13409
0.13339
0.13260
0.13171
0.13089
0.12991
0.12891
0.12793
0.12683
0.12576
0.12476
0.12357
0.12244
0.12131
0.12006
0.11887
0.11765
0.11624
0.11499
0.11353
0.11221
0.11069
0.10922
0.10770
0.10611
0.10449
0.10297
0.10114
0.09961
0.09775
0.09604
0.09424
0.09232
0.09045
0.08850
0.08646
0.08441
0.08240
0.08014
0.07822
0.07584
0.07382
0.07153
0.06934
0.06720
0.06479
0.06271
0.06027
0.05807
0.05573
0.05325
0.05106
0.04840
0.04614
0.04355
0.04120
0.03854
0.03622
0.03351
0.03104
0.02847
0.02582
0.02332
0.02075
0.01807
0.01569
0.01288
0.01062
0.00784
0.00555
0.00296
0.00055
-0.00186
-0.00427
-0.00665
-0.00903
-0.01144
-0.01373
-0.01620
-0.01840
-0.02087
-0.02313
-0.02545
-0.02774
-0.03000
-0.03223
-0.03442
-0.03653
-0.03867
-0.04071
-0.04276
-0.04483
-0.04669
-0.04877
-0.05063
-0.05258
-0.05447
-0.05637
-0.05826
-0.06003
-0.06192
-0.06348
-0.06540
-0.06680
-0.06860
-0.06995
-0.07159
-0.07291
-0.07446
-0.07571
-0.07718
-0.07840
-0.07986
-0.08093
-0.08249
-0.08347
-0.08505
-0.08615
-0.08762
-0.08875
-0.09027
-0.09122
-0.09290
-0.09369
-0.09528
-0.09613
-0.09756
-0.09857
-0.09970
-0.10092
-0.10181
-0.10315
-0.10388
-0.10513
-0.10593
-0.10703
-0.10791
-0.10886
-0.10977
-0.11075
-0.11169
-0.11264
-0.11359
-0.11450
-0.11526
-0.11618
-0.11670
-0.11755
-0.11786
-0.11853
-0.11877
-0.11917
-0.11945
-0.11966
-0.11978
-0.12006
-0.11993
-0.12018
-0.12003
-0.12003
-0.12003
-0.11987
-0.11987
-0.11969
-0.11969
-0.11951
-0.11945
-0.11926
-0.11914
-0.11896
-0.11874
-0.11853
-0.11826
-0.11810
-0.11774
-0.11761
-0.11725
-0.11703
-0.11673
-0.11636
-0.11597
-0.11557
-0.11496
-0.11450
-0.11383
-0.11322
-0.11243
-0.11188
-0.11087
-0.11038
-0.10944
-0.10861
-0.10797
-0.10687
-0.10626
-0.10510
-0.10446
-0.10330
-0.10263
-0.10144
-0.10074
-0.09952
-0.09882
-0.09763
-0.09668
-0.09567
-0.09451
-0.09360
-0.09247
-0.09137
-0.09027
-0.08911
-0.08798
-0.08685
-0.08548
-0.08435
-0.08282
-0.08157
-0.08008
-0.07855
-0.07703
-0.07538
-0.07376
-0.07205
-0.07025
-0.06854
-0.06665
-0.06482
-0.06296
-0.06104
-0.05905
-0.05716
-0.05499
-0.05307
-0.05093
-0.04880
-0.04666
-0.04443
-0.04224
-0.04001
-0.03766
-0.03537
-0.03305
-0.03067
-0.02838
-0.02588
-0.02365
-0.02106
-0.01886
-0.01620
-0.01398
-0.01138
-0.00903
-0.00659
-0.00412
-0.00174
0.00076
0.00305
0.00568
0.00787
0.01047
0.01282
0.01526
0.01776
0.02011
0.02261
0.02496
0.02737
0.02979
0.03210
0.03445
0.03677
0.03906
0.04126
0.04364
0.04562
0.04807
0.04996
0.05225
0.05423
0.05627
0.05832
0.06024
0.06223
0.06412
0.06598
0.06781
0.06967
0.07135
0.07327
0.07474
0.07669
0.07803
0.07993
0.08118
0.08289
0.08420
0.08569
0.08713
0.08838
0.08981
0.09106
0.09241
0.09363
0.09491
0.09604
0.09726
0.09836
0.09933
0.10052
0.10123
0.10242
0.10303
0.10406
0.10461
0.10553
0.10605
0.10681
0.10742
0.10791
0.10876
0.10898
0.10989
0.11014
0.11093
0.11127
0.11197
0.11230
0.11292
0.11322
0.11371
0.11398
0.11429
0.11462
0.11456
0.11496
0.11475
0.11493
0.11481
0.11475
0.11469
0.11444
0.11441
0.11417
0.11407
0.11383
0.11359
0.11337
0.11310
0.11279
0.11249
0.11215
0.11179
0.11145
0.11096
0.11066
0.11008
0.10980
0.10919
0.10873
0.10822
0.10767
0.10712
0.10651
0.10593
0.10526
0.10464
0.10385
0.10324
0.10233
0.10168
0.10077
0.09985
0.09909
0.09790
0.09720
0.09589
0.09509
0.09375
0.09286
0.09155
0.09055
0.08929
0.08810
0.08694
0.08560
0.08441
0.08298
0.08167
0.08026
0.07877
0.07730
0.07578
0.07416
0.07260
0.07089
0.06921
0.06747
0.06573
0.06390
0.06213
0.06027
0.05841
0.05658
0.05466
0.05273
0.05096
0.04892
0.04721
0.04520
0.04333
0.04144
0.03958
0.03763
0.03583
0.03394
0.03201
0.03024
0.02835
0.02646
0.02475
0.02267
0.02097
0.01898
0.01703
0.01517
0.01324
0.01129
0.00952
0.00742
0.00571
0.00375
0.00189
0.00003
-0.00186
-0.00366
-0.00555
-0.00735
-0.00925
-0.01102
-0.01285
-0.01471
-0.01651
-0.01831
-0.02020
-0.02188
-0.02374
-0.02554
-0.02713
-0.02896
-0.03052
-0.03217
-0.03378
-0.03534
-0.03690
-0.03839
-0.04004
-0.04147
-0.04309
-0.04468
-0.04611
-0.04776
-0.04913
-0.05081
-0.05209
-0.05365
-0.05499
-0.05640
-0.05771
-0.05902
-0.06021
-0.06155
-0.06253
-0.06381
-0.06470
-0.06598
-0.06677
-0.06796
-0.06885
-0.06985
-0.07089
-0.07172
-0.07281
-0.07358
-0.07468
-0.07541
-0.07645
-0.07724
-0.07813
-0.07904
-0.07980
-0.08075
-0.08151
-0.08237
-0.08322
-0.08392
-0.08490
-0.08548
-0.08649
-0.08713
-0.08789
-0.08878
-0.08932
-0.09009
-0.09076
-0.09116
-0.09183
-0.09207
-0.09262
-0.09277
-0.09317
-0.09338
-0.09354
-0.09390
-0.09396
-0.09415
-0.09436
-0.09439
-0.09460
-0.09460
-0.09467
-0.09476
-0.09473
-0.09482
-0.09470
-0.09473
-0.09464
-0.09457
-0.09451
-0.09433
-0.09418
-0.09402
-0.09375
-0.09357
-0.09326
-0.09293
-0.09271
-0.09232
-0.09198
-0.09158
-0.09119
-0.09076
-0.09033
-0.08981
-0.08942
-0.08881
-0.08853
-0.08780
-0.08755
-0.08685
-0.08655
-0.08597
-0.08545
-0.08499
-0.08432
-0.08386
-0.08322
-0.08255
-0.08197
-0.08127
-0.08054
-0.07990
-0.07907
-0.07834
-0.07755
-0.07669
-0.07593
-0.07507
-0.07425
-0.07346
-0.07257
-0.07181
-0.07086
-0.07010
-0.06915
-0.06821
-0.06741
-0.06619
-0.06540
-0.06421
-0.06311
-0.06204
-0.06076
-0.05969
-0.05829
-0.05713
-0.05563
-0.05435
-0.05292
-0.05142
-0.04993
-0.04837
-0.04669
-0.04514
-0.04337
-0.04172
-0.03986
-0.03818
-0.03629
-0.03452
-0.03275
-0.03079
-0.02914
-0.02716
-0.02545
-0.02353
-0.02179
-0.01999
-0.01816
-0.01651
-0.01459
-0.01303
-0.01120
-0.00958
-0.00781
-0.00620
-0.00433
-0.00278
-0.00085
0.00070
0.00266
0.00421
0.00610
0.00772
0.00952
0.01129
0.01297
0.01480
0.01648
0.01825
0.02002
0.02170
0.02353
0.02518
0.02695
0.02863
0.03030
0.03195
0.03360
0.03513
0.03680
0.03821
0.03992
0.04120
0.04285
0.04422
0.04572
0.04724
0.04861
0.05014
0.05157
0.05301
0.05444
0.05588
0.05722
0.05865
0.05988
0.06125
0.06238
0.06369
0.06476
0.06595
0.06699
0.06808
0.06906
0.07010
0.07104
0.07202
0.07291
0.07388
0.07477
0.07562
0.07654
0.07733
0.07819
0.07901
0.07971
0.08054
0.08115
0.08194
0.08249
0.08322
0.08368
0.08441
0.08475
0.08551
0.08575
0.08636
0.08664
0.08710
0.08734
0.08777
0.08795
0.08826
0.08850
0.08871
0.08896
0.08905
0.08932
0.08926
0.08954
0.08954
0.08954
0.08969
0.08951
0.08969
0.08936
0.08957
0.08911
0.08923
0.08887
0.08868
0.08847
0.08810
0.08789
0.08755
0.08722
0.08685
0.08655
0.08606
0.08575
0.08524
0.08478
0.08438
0.08368
0.08331
0.08255
0.08218
0.08139
0.08099
0.08032
0.07971
0.07925
0.07843
0.07806
0.07724
0.07672
0.07602
0.07532
0.07468
0.07391
0.07321
0.07242
0.07166
0.07077
0.06998
0.06906
0.06815
0.06720
0.06622
0.06522
0.06418
0.06320
0.06204
0.06107
0.05978
0.05890
0.05750
0.05667
0.05521
0.05432
0.05301
0.05191
0.05078
0.04953
0.04843
0.04721
0.04608
0.04477
0.04376
0.04233
0.04126
0.03995
0.03873
0.03748
0.03622
0.03488
0.03354
0.03229
0.03082
0.02948
0.02805
0.02658
0.02515
0.02368
0.02209
0.02072
0.01907
0.01770
0.01605
0.01462
0.01297
0.01154
0.00989
0.00839
0.00687
0.00522
0.00372
0.00220
0.00055
-0.00082
-0.00256
-0.00394
-0.00555
-0.00699
-0.00858
-0.01004
-0.01151
-0.01303
-0.01440
-0.01593
-0.01721
-0.01871
-0.01990
-0.02139
-0.02258
-0.02396
-0.02524
-0.02652
-0.02786
-0.02908
-0.03046
-0.03165
-0.03305
-0.03418
-0.03561
-0.03668
-0.03809
-0.03915
-0.04047
-0.04163
-0.04272
-0.04395
-0.04495
-0.04611
-0.04718
-0.04807
-0.04929
-0.05002
-0.05118
-0.05203
-0.05298
-0.05396
-0.05472
-0.05576
-0.05646
-0.05746
-0.05817
-0.05908
-0.05972
-0.06073
-0.06116
-0.06219
-0.06259
-0.06345
-0.06393
-0.06467
-0.06509
-0.06570
-0.06616
-0.06659
-0.06717
-0.06741
-0.06796
-0.06827
-0.06879
-0.06918
-0.06964
-0.07007
-0.07056
-0.07095
-0.07141
-0.07184
-0.07214
-0.07248
-0.07278
-0.07300
-0.07324
-0.07346
-0.07355
-0.07376
-0.07388
-0.07401
-0.07410
-0.07416
-0.07431
-0.07428
-0.07443
-0.07437
-0.07452
-0.07443
-0.07452
-0.07443
-0.07449
-0.07434
-0.07443
-0.07413
-0.07422
-0.07397
-0.07388
-0.07373
-0.07352
-0.07336
-0.07312
-0.07291
-0.07260
-0.07242
-0.07202
-0.07181
-0.07138
-0.07111
-0.07071
-0.07037
-0.06995
-0.06952
-0.06915
-0.06863
-0.06824
-0.06769
-0.06723
-0.06665
-0.06616
-0.06555
-0.06497
-0.06442
-0.06375
-0.06317
-0.06250
-0.06192
-0.06116
-0.06061
-0.05981
-0.05917
-0.05850
-0.05771
-0.05707
-0.05630
-0.05560
-0.05490
-0.05417
-0.05347
-0.05270
-0.05206
-0.05133
-0.05063
-0.04993
-0.04913
-0.04846
-0.04758
-0.04691
-0.04593
-0.04523
-0.04425
-0.04346
-0.04245
-0.04169
-0.04059
-0.03983
-0.03873
-0.03787
-0.03683
-0.03589
-0.03485
-0.03387
-0.03281
-0.03183
-0.03067
-0.02969
-0.02853
-0.02747
-0.02634
-0.02515
-0.02405
-0.02289
-0.02167
-0.02063
-0.01923
-0.01825
-0.01688
-0.01575
-0.01447
-0.01324
-0.01196
-0.01074
-0.00943
-0.00818
-0.00693
-0.00558
-0.00430
-0.00308
-0.00162
-0.00055
0.00101
0.00211
0.00351
0.00470
0.00595
0.00726
0.00839
0.00974
0.01071
0.01215
0.01309
0.01443
0.01550
0.01669
0.01791
0.01910
0.02026
0.02161
0.02274
0.02420
0.02533
0.02679
0.02798
0.02945
0.03058
0.03210
0.03314
0.03455
0.03568
0.03683
0.03812
0.03903
0.04034
0.04126
0.04233
0.04343
0.04419
0.04535
0.04617
0.04712
0.04797
0.04889
0.04971
0.05060
0.05139
0.05219
0.05301
0.05377
0.05444
0.05518
0.05585
0.05652
0.05707
0.05777
0.05823
0.05890
0.05936
0.05994
0.06033
0.06104
0.06125
0.06198
0.06219
0.06284
0.06317
0.06357
0.06409
0.06430
0.06485
0.06503
0.06549
0.06570
0.06607
0.06628
0.06659
0.06683
0.06708
0.06729
0.06747
0.06763
0.06784
0.06781
0.06805
0.06790
0.06808
0.06790
0.06790
0.06781
0.06763
0.06763
0.06729
0.06729
0.06693
0.06693
0.06650
0.06644
0.06604
0.06589
0.06555
0.06525
0.06497
0.06458
0.06427
0.06393
0.06351
0.06323
0.06268
0.06247
0.06192
0.06158
0.06116
0.06070
0.06027
0.05991
0.05930
0.05896
0.05841
0.05789
0.05746
0.05685
0.05640
0.05585
0.05533
0.05475
0.05423
0.05365
0.05307
0.05249
0.05188
0.05133
0.05063
0.05011
0.04932
0.04880
0.04807
0.04736
0.04675
0.04593
0.04532
0.04453
0.04379
0.04303
0.04233
0.04144
0.04071
0.03989
0.03897
0.03830
0.03723
0.03650
0.03555
0.03461
0.03381
0.03271
0.03192
0.03085
0.03003
0.02884
0.02808
0.02689
0.02600
0.02496
0.02386
0.02292
0.02179
0.02078
0.01962
0.01871
0.01736
0.01663
0.01511
0.01443
0.01300
0.01215
0.01096
0.00983
0.00885
0.00763
0.00677
0.00549
0.00464
0.00339
0.00256
0.00134
0.00046
-0.00073
-0.00168
-0.00275
-0.00385
-0.00488
-0.00589
-0.00705
-0.00797
-0.00916
-0.01007
-0.01120
-0.01215
-0.01324
-0.01425
-0.01520
-0.01624
-0.01724
-0.01816
-0.01923
-0.02014
-0.02103
-0.02216
-0.02289
-0.02399
-0.02475
-0.02576
-0.02658
-0.02737
-0.02832
-0.02896
-0.02997
-0.03052
-0.03143
-0.03204
-0.03278
-0.03354
-0.03403
-0.03488
-0.03531
-0.03610
-0.03653
-0.03732
-0.03775
-0.03851
-0.03900
-0.03967
-0.04028
-0.04086
-0.04147
-0.04202
-0.04260
-0.04315
-0.04364
-0.04422
-0.04465
-0.04523
-0.04559
-0.04614
-0.04648
-0.04703
-0.04742
-0.04779
-0.04825
-0.04858
-0.04904
-0.04935
-0.04974
-0.05011
-0.05038
-0.05081
-0.05109
-0.05142
-0.05179
-0.05200
-0.05234
-0.05261
-0.05276
-0.05310
-0.05322
-0.05344
-0.05365
-0.05371
-0.05389
-0.05402
-0.05402
-0.05417
-0.05414
-0.05414
-0.05423
-0.05405
-0.05417
-0.05396
-0.05402
-0.05389
-0.05377
-0.05380
-0.05359
-0.05356
-0.05353
-0.05325
-0.05338
-0.05304
-0.05310
-0.05286
-0.05276
-0.05273
-0.05237
-0.05252
-0.05209
-0.05215
-0.05188
-0.05176
-0.05154
-0.05130
-0.05118
-0.05075
-0.05063
-0.05023
-0.04987
-0.04962
-0.04910
-0.04889
-0.04834
-0.04807
-0.04758
-0.04724
-0.04684
-0.04636
-0.04608
-0.04553
-0.04529
-0.04471
-0.04440
-0.04379
-0.04355
-0.04288
-0.04254
-0.04193
-0.04150
-0.04086
-0.04044
-0.03976
-0.03928
-0.03867
-0.03806
-0.03757
-0.03680
-0.03650
-0.03561
-0.03531
-0.03452
-0.03403
-0.03345
-0.03278
-0.03226
-0.03156
-0.03101
-0.03030
-0.02972
-0.02908
-0.02835
-0.02786
-0.02698
-0.02652
-0.02579
-0.02505
-0.02444
-0.02368
-0.02295
-0.02231
-0.02142
-0.02078
-0.01984
-0.01920
-0.01822
-0.01755
-0.01657
-0.01578
-0.01489
-0.01398
-0.01328
-0.01218
-0.01160
-0.01041
-0.00986
-0.00873
-0.00809
-0.00699
-0.00632
-0.00528
-0.00449
-0.00354
-0.00266
-0.00171
-0.00092
0.00015
0.00092
0.00195
0.00281
0.00369
0.00470
0.00558
0.00644
0.00751
0.00821
0.00931
0.01010
0.01102
0.01193
0.01276
0.01370
0.01456
0.01538
0.01633
0.01709
0.01794
0.01880
0.01956
0.02029
0.02124
0.02176
0.02280
0.02319
0.02423
0.02472
0.02560
0.02618
0.02695
0.02756
0.02829
0.02887
0.02948
0.03009
0.03070
0.03116
0.03180
0.03223
0.03275
0.03326
0.03363
0.03421
0.03458
0.03506
0.03543
0.03592
0.03622
0.03674
0.03702
0.03748
0.03778
0.03824
0.03845
0.03903
0.03918
0.03973
0.03989
0.04044
0.04059
0.04117
0.04126
0.04172
0.04199
0.04218
0.04263
0.04266
0.04300
0.04324
0.04330
0.04364
0.04367
0.04388
0.04404
0.04407
0.04428
0.04422
0.04440
0.04440
0.04446
0.04446
0.04443
0.04453
0.04434
0.04449
0.04422
0.04434
0.04413
0.04413
0.04391
0.04388
0.04361
0.04361
0.04327
0.04315
0.04294
0.04254
0.04257
0.04193
0.04205
0.04135
0.04138
0.04086
0.04068
0.04031
0.03998
0.03964
0.03937
0.03891
0.03870
0.03824
0.03793
0.03751
0.03723
0.03677
0.03650
0.03601
0.03577
0.03525
0.03510
0.03452
0.03430
0.03381
0.03354
0.03308
0.03281
0.03232
0.03204
0.03162
0.03125
0.03088
0.03043
0.03009
0.02963
0.02924
0.02881
0.02841
0.02789
0.02756
0.02704
0.02661
0.02625
0.02563
0.02533
0.02481
0.02426
0.02396
0.02325
0.02286
0.02237
0.02164
0.02139
0.02057
0.02023
0.01950
0.01910
0.01837
0.01801
0.01721
0.01682
0.01608
0.01559
0.01498
0.01431
0.01379
0.01309
0.01251
0.01193
0.01120
0.01068
0.00998
0.00943
0.00873
0.00824
0.00745
0.00708
0.00626
0.00580
0.00507
0.00455
0.00391
0.00330
0.00269
0.00198
0.00153
0.00073
0.00031
-0.00043
-0.00104
-0.00153
-0.00229
-0.00266
-0.00351
-0.00385
-0.00470
-0.00504
-0.00574
-0.00629
-0.00674
-0.00748
-0.00787
-0.00845
-0.00903
-0.00946
-0.01010
-0.01050
-0.01114
-0.01147
-0.01218
-0.01239
-0.01312
-0.01337
-0.01392
-0.01434
-0.01471
-0.01520
-0.01550
-0.01602
-0.01627
-0.01682
-0.01700
-0.01755
-0.01776
-0.01825
-0.01855
-0.01889
-0.01929
-0.01953
-0.01996
-0.02029
-0.02054
-0.02100
-0.02112
-0.02158
-0.02176
-0.02206
-0.02237
-0.02258
-0.02292
-0.02301
-0.02341
-0.02353
-0.02383
-0.02399
-0.02426
-0.02441
-0.02463
-0.02484
-0.02490
-0.02521
-0.02527
-0.02539
-0.02567
-0.02557
-0.02597
-0.02579
-0.02612
-0.02606
-0.02625
-0.02628
-0.02640
-0.02640
-0.02649
-0.02664
-0.02646
-0.02679
-0.02661
-0.02673
-0.02676
-0.02667
-0.02686
-0.02670
-0.02682
-0.02673
-0.02679
-0.02673
-0.02689
-0.02673
-0.02682
-0.02686
-0.02667
-0.02692
-0.02664
-0.02679
-0.02667
-0.02658
-0.02661
-0.02640
-0.02640
-0.02631
-0.02612
-0.02615
-0.02585
-0.02594
-0.02563
-0.02567
-0.02545
-0.02530
-0.02530
-0.02496
-0.02502
-0.02463
-0.02466
-0.02438
-0.02420
-0.02408
-0.02380
-0.02371
-0.02341
-0.02335
-0.02301
-0.02289
-0.02267
-0.02243
-0.02225
-0.02203
-0.02173
-0.02155
-0.02130
-0.02097
-0.02081
-0.02045
-0.02023
-0.01999
-0.01965
-0.01944
-0.01920
-0.01886
-0.01868
-0.01840
-0.01807
-0.01797
-0.01755
-0.01743
-0.01706
-0.01688
-0.01657
-0.01627
-0.01608
-0.01563
-0.01553
-0.01508
-0.01489
-0.01453
-0.01428
-0.01392
-0.01373
-0.01337
-0.01312
-0.01285
-0.01254
-0.01227
-0.01202
-0.01172
-0.01144
-0.01120
-0.01083
-0.01059
-0.01028
-0.00998
-0.00967
-0.00937
-0.00906
-0.00873
-0.00842
-0.00812
-0.00775
-0.00754
-0.00705
-0.00684
-0.00644
-0.00610
-0.00580
-0.00543
-0.00500
-0.00479
-0.00427
-0.00409
-0.00357
-0.00333
-0.00296
-0.00250
-0.00229
-0.00174
-0.00156
-0.00107
-0.00076
-0.00040
-0.00003
0.00034
0.00067
0.00107
0.00128
0.00174
0.00201
0.00232
0.00275
0.00293
0.00333
0.00369
0.00385
0.00436
0.00452
0.00491
0.00519
0.00552
0.00577
0.00623
0.00632
0.00687
0.00693
0.00745
0.00757
0.00803
0.00815
0.00864
0.00867
0.00919
0.00928
0.00967
0.00989
0.01013
0.01041
0.01074
0.01083
0.01132
0.01129
0.01175
0.01187
0.01208
0.01236
0.01251
0.01276
0.01291
0.01309
0.01331
0.01340
0.01367
0.01376
0.01392
0.01410
0.01419
0.01437
0.01443
0.01465
0.01468
0.01486
0.01489
0.01505
0.01514
0.01520
0.01529
0.01538
0.01538
0.01550
0.01553
0.01550
0.01572
0.01550
0.01572
0.01563
0.01569
0.01566
0.01572
0.01563
0.01575
0.01563
0.01569
0.01563
0.01559
0.01559
0.01556
0.01544
0.01550
0.01529
0.01538
0.01514
0.01520
0.01495
0.01498
0.01480
0.01474
0.01459
0.01456
0.01434
0.01437
0.01413
0.01410
0.01401
0.01379
0.01389
0.01352
0.01364
0.01334
0.01334
0.01318
0.01303
0.01303
0.01266
0.01288
0.01236
0.01260
0.01218
0.01224
0.01202
0.01187
0.01178
0.01160
0.01147
0.01141
0.01108
0.01120
0.01074
0.01089
0.01056
0.01047
0.01028
0.01016
0.00998
0.00983
0.00970
0.00946
0.00934
0.00925
0.00897
0.00888
0.00873
0.00848
0.00842
0.00824
0.00800
0.00797
0.00766
0.00757
0.00742
0.00714
0.00714
0.00681
0.00674
0.00653
0.00635
0.00620
0.00607
0.00583
0.00574
0.00546
0.00537
0.00522
0.00494
0.00497
0.00455
0.00464
0.00421
0.00427
0.00394
0.00388
0.00363
0.00351
0.00327
0.00317
0.00296
0.00272
0.00269
0.00235
0.00226
0.00208
0.00183
0.00177
0.00146
0.00137
0.00116
0.00104
0.00082
0.00064
0.00049
0.00031
0.00021
-0.00009
-0.00009
-0.00046
-0.00040
-0.00076
-0.00076
-0.00104
-0.00110
-0.00128
-0.00150
-0.00153
-0.00180
-0.00186
-0.00195
-0.00223
-0.00226
-0.00244
-0.00256
-0.00262
-0.00284
-0.00290
-0.00308
-0.00311
-0.00333
-0.00333
-0.00351
-0.00363
-0.00366
-0.00385
-0.00388
-0.00400
-0.00412
-0.00415
-0.00433
-0.00430
-0.00455
-0.00449
-0.00467
-0.00473
-0.00479
-0.00494
-0.00494
-0.00507
-0.00513
-0.00522
-0.00525
-0.00540
-0.00537
-0.00546
-0.00558
-0.00552
-0.00571
-0.00568
-0.00577
-0.00583
-0.00583
-0.00592
-0.00595
-0.00598
-0.00610
-0.00598
-0.00616
-0.00616
-0.00613
-0.00623
-0.00623
-0.00623
-0.00629
-0.00632
-0.00623
-0.00638
-0.00632
-0.00629
-0.00641
-0.00626
-0.00641
-0.00629
-0.00638
-0.00629
-0.00638
-0.00632
-0.00626
-0.00638
-0.00620
-0.00635
-0.00629
-0.00616
-0.00632
-0.00610
-0.00629
-0.00607
-0.00623
-0.00604
-0.00610
-0.00607
-0.00595
-0.00607
-0.00592
-0.00592
-0.00592
-0.00580
-0.00592
-0.00571
-0.00586
-0.00568
-0.00574
-0.00568
-0.00565
-0.00558
-0.00568
-0.00546
-0.00562
-0.00540
-0.00549
-0.00543
-0.00537
-0.00534
-0.00528
-0.00528
-0.00513
-0.00525
-0.00504
-0.00507
-0.00507
-0.00485
-0.00500
-0.00482
-0.00482
-0.00479
-0.00470
-0.00470
-0.00467
-0.00449
-0.00470
-0.00430
-0.00464
-0.00424
-0.00446
-0.00427
-0.00424
-0.00421
-0.00412
-0.00412
-0.00406
-0.00394
-0.00397
-0.00381
-0.00385
-0.00372
-0.00372
-0.00357
-0.00363
-0.00342
-0.00354
-0.00330
-0.00339
-0.00327
-0.00311
-0.00330
-0.00290
-0.00314
-0.00293
-0.00284
-0.00290
-0.00272
-0.00269
-0.00272
-0.00250
-0.00256
-0.00250
-0.00232
-0.00244
-0.00220
-0.00229
-0.00217
-0.00211
-0.00211
-0.00198
-0.00195
-0.00192
-0.00183
-0.00183
-0.00174
-0.00171
-0.00168
-0.00159
-0.00159
-0.00153
-0.00146
-0.00146
-0.00137
-0.00134
-0.00134
-0.00119
-0.00131
-0.00110
-0.00119
-0.00104
-0.00110
-0.00098
-0.00101
-0.00089
-0.00092
-0.00085
-0.00082
