0.00003
-0.00006
0.00012
-0.00015
0.00015
-0.00012
0.00009
-0.00003
-0.00003
0.00003
-0.00003
0.00006
0.00000
-0.00003
0.00000
0.00003
-0.00006
0.00009
-0.00009
0.00006
-0.00015
0.00015
-0.00018
0.00021
-0.00021
0.00015
-0.00043
0.00006
-0.00052
-0.00113
-0.00586
-0.00854
0.01236
0.14026
0.25708
0.25983
0.22382
0.11816
-0.01941
-0.15601
-0.28104
-0.37357
-0.43015
-0.45126
-0.43356
-0.38965
-0.32300
-0.23825
-0.14642
-0.05167
0.04242
0.12778
0.20264
0.26416
0.31232
0.34695
0.36752
0.37674
0.37582
0.36731
0.35254
0.33337
0.31128
0.28757
0.26251
0.22403
0.18698
0.16309
0.14203
0.12686
0.11542
0.10349
0.09195
0.07617
0.05615
0.03159
0.00156
-0.03336
-0.07166
-0.11374
-0.15692
-0.20065
-0.24350
-0.28397
-0.32117
-0.35468
-0.38419
-0.40979
-0.43112
-0.44849
-0.46149
-0.47083
-0.47586
-0.47699
-0.47424
-0.46765
-0.45715
-0.44333
-0.42603
-0.40598
-0.38321
-0.35846
-0.33151
-0.30319
-0.27350
-0.24292
-0.21103
-0.17822
-0.14465
-0.11053
-0.07495
-0.03928
-0.00201
0.03467
0.07233
0.10910
0.14584
0.18152
0.21591
0.24878
0.27988
0.30914
0.33658
0.36197
0.38544
0.40692
0.42694
0.44540
0.46271
0.47876
0.49362
0.50739
0.52017
0.53165
0.54196
0.55087
0.55838
0.56393
0.56799
0.56955
0.56915
0.56680
0.56238
0.55646
0.54895
0.54077
0.53159
0.52237
0.51306
0.50409
0.49585
0.48816
0.48132
0.47473
0.46875
0.46304
0.45770
0.45132
0.44485
0.43683
0.42831
0.41779
0.40643
0.39282
0.37827
0.36139
0.34311
0.32333
0.30121
0.27866
0.25366
0.22791
0.20081
0.17224
0.14313
0.11258
0.08127
0.04932
0.01627
-0.01758
-0.05157
-0.08606
-0.12039
-0.15503
-0.18930
-0.22360
-0.25745
-0.29099
-0.32370
-0.35605
-0.38751
-0.41806
-0.44781
-0.47626
-0.50418
-0.53067
-0.55600
-0.58060
-0.60327
-0.62524
-0.64560
-0.66516
-0.68304
-0.69998
-0.71536
-0.72952
-0.74261
-0.75388
-0.76413
-0.77301
-0.78046
-0.78696
-0.79199
-0.79523
-0.79791
-0.79874
-0.79865
-0.79675
-0.79419
-0.79004
-0.78494
-0.77875
-0.77118
-0.76257
-0.75314
-0.74252
-0.73105
-0.71881
-0.70563
-0.69165
-0.67654
-0.66125
-0.64468
-0.62790
-0.61005
-0.59210
-0.57358
-0.55484
-0.53577
-0.51669
-0.49747
-0.47864
-0.45972
-0.44138
-0.42346
-0.40552
-0.38879
-0.37253
-0.35651
-0.34125
-0.32620
-0.31168
-0.29770
-0.28342
-0.26962
-0.25552
-0.24133
-0.22726
-0.21243
-0.19748
-0.18185
-0.16537
-0.14835
-0.13019
-0.11139
-0.09140
-0.07089
-0.04895
-0.02643
-0.00250
0.02200
0.04724
0.07382
0.10071
0.12842
0.15665
0.18521
0.21439
0.24368
0.27316
0.30295
0.33234
0.36182
0.39114
0.42029
0.44870
0.47733
0.50482
0.53183
0.55823
0.58368
0.60883
0.63260
0.65613
0.67831
0.69958
0.72000
0.73886
0.75714
0.77396
0.78973
0.80447
0.81796
0.83051
0.84189
0.85193
0.86078
0.86877
0.87543
0.88135
0.88638
0.89005
0.89279
0.89453
0.89584
0.89584
0.89545
0.89365
0.89127
0.88776
0.88339
0.87805
0.87192
0.86459
0.85672
0.84796
0.83801
0.82770
0.81622
0.80396
0.79114
0.77768
0.76355
0.74838
0.73251
0.71585
0.69876
0.68085
0.66232
0.64304
0.62387
0.60400
0.58398
0.56375
0.54315
0.52313
0.50299
0.48300
0.46375
0.44424
0.42581
0.40717
0.38928
0.37177
0.35458
0.33771
0.32114
0.30502
0.28897
0.27292
0.25735
0.24136
0.22565
0.20944
0.19302
0.17648
0.15918
0.14148
0.12329
0.10437
0.08490
0.06461
0.04355
0.02194
-0.00067
-0.02362
-0.04730
-0.07172
-0.09671
-0.12231
-0.14828
-0.17484
-0.20203
-0.22952
-0.25711
-0.28519
-0.31335
-0.34152
-0.36990
-0.39795
-0.42627
-0.45401
-0.48151
-0.50867
-0.53543
-0.56183
-0.58759
-0.61298
-0.63739
-0.66138
-0.68423
-0.70642
-0.72757
-0.74829
-0.76773
-0.78647
-0.80377
-0.82031
-0.83603
-0.85043
-0.86407
-0.87619
-0.88794
-0.89801
-0.90781
-0.91583
-0.92355
-0.92972
-0.93491
-0.93918
-0.94211
-0.94455
-0.94571
-0.94620
-0.94519
-0.94351
-0.94080
-0.93719
-0.93277
-0.92758
-0.92145
-0.91473
-0.90698
-0.89893
-0.88998
-0.88049
-0.87027
-0.85944
-0.84833
-0.83640
-0.82431
-0.81131
-0.79800
-0.78415
-0.77005
-0.75571
-0.74060
-0.72510
-0.70935
-0.69330
-0.67691
-0.66000
-0.64328
-0.62601
-0.60846
-0.59027
-0.57172
-0.55310
-0.53412
-0.51550
-0.49670
-0.47763
-0.45905
-0.44000
-0.42096
-0.40225
-0.38312
-0.36429
-0.34506
-0.32639
-0.30756
-0.28909
-0.27097
-0.25336
-0.23599
-0.21909
-0.20248
-0.18652
-0.17059
-0.15530
-0.14017
-0.12518
-0.11053
-0.09576
-0.08154
-0.06668
-0.05228
-0.03705
-0.02185
-0.00601
0.01016
0.02704
0.04446
0.06287
0.08191
0.10187
0.12225
0.14401
0.16605
0.18945
0.21292
0.23758
0.26221
0.28787
0.31345
0.33975
0.36591
0.39258
0.41891
0.44562
0.47168
0.49814
0.52393
0.54968
0.57474
0.59964
0.62384
0.64810
0.67130
0.69406
0.71603
0.73743
0.75778
0.77756
0.79614
0.81381
0.83044
0.84622
0.86102
0.87466
0.88745
0.89920
0.90994
0.91980
0.92850
0.93628
0.94272
0.94815
0.95270
0.95599
0.95853
0.95978
0.96036
0.95987
0.95856
0.95624
0.95319
0.94943
0.94455
0.93912
0.93271
0.92545
0.91754
0.90878
0.89941
0.88898
0.87790
0.86627
0.85376
0.84042
0.82700
0.81244
0.79761
0.78195
0.76569
0.74884
0.73123
0.71307
0.69424
0.67523
0.65555
0.63574
0.61530
0.59503
0.57471
0.55396
0.53375
0.51346
0.49353
0.47418
0.45514
0.43652
0.41840
0.40070
0.38361
0.36661
0.35037
0.33417
0.31866
0.30316
0.28812
0.27307
0.25803
0.24323
0.22791
0.21292
0.19708
0.18140
0.16501
0.14810
0.13058
0.11206
0.09308
0.07285
0.05170
0.03006
0.00668
-0.01715
-0.04221
-0.06815
-0.09454
-0.12219
-0.14993
-0.17871
-0.20752
-0.23676
-0.26611
-0.29572
-0.32510
-0.35446
-0.38382
-0.41284
-0.44116
-0.46960
-0.49719
-0.52460
-0.55139
-0.57736
-0.60266
-0.62711
-0.65073
-0.67340
-0.69519
-0.71597
-0.73563
-0.75446
-0.77194
-0.78864
-0.80386
-0.81827
-0.83145
-0.84323
-0.85419
-0.86353
-0.87207
-0.87933
-0.88544
-0.89096
-0.89487
-0.89835
-0.90036
-0.90198
-0.90228
-0.90219
-0.90097
-0.89880
-0.89590
-0.89188
-0.88727
-0.88162
-0.87558
-0.86823
-0.86053
-0.85159
-0.84210
-0.83194
-0.82068
-0.80936
-0.79712
-0.78461
-0.77164
-0.75812
-0.74432
-0.72998
-0.71570
-0.70078
-0.68594
-0.67035
-0.65497
-0.63889
-0.62311
-0.60669
-0.59027
-0.57379
-0.55679
-0.54022
-0.52304
-0.50671
-0.48944
-0.47293
-0.45590
-0.43967
-0.42310
-0.40671
-0.39044
-0.37408
-0.35818
-0.34210
-0.32639
-0.31079
-0.29559
-0.28049
-0.26581
-0.25107
-0.23700
-0.22275
-0.20923
-0.19534
-0.18216
-0.16864
-0.15527
-0.14197
-0.12823
-0.11472
-0.10031
-0.08609
-0.07062
-0.05533
-0.03876
-0.02203
-0.00406
0.01413
0.03333
0.05276
0.07306
0.09372
0.11484
0.13647
0.15872
0.18115
0.20435
0.22675
0.25009
0.27335
0.29678
0.32043
0.34396
0.36795
0.39124
0.41476
0.43753
0.46048
0.48260
0.50467
0.52573
0.54669
0.56635
0.58588
0.60410
0.62192
0.63895
0.65512
0.67047
0.68515
0.69904
0.71188
0.72418
0.73523
0.74582
0.75546
0.76398
0.77213
0.77859
0.78473
0.78946
0.79370
0.79657
0.79904
0.80011
0.80045
0.79974
0.79807
0.79584
0.79218
0.78802
0.78275
0.77689
0.77032
0.76285
0.75491
0.74579
0.73703
0.72687
0.71671
0.70547
0.69446
0.68243
0.67044
0.65781
0.64481
0.63177
0.61786
0.60391
0.58932
0.57480
0.55966
0.54474
0.52927
0.51434
0.49881
0.48389
0.46841
0.45355
0.43857
0.42410
0.40942
0.39505
0.38077
0.36691
0.35342
0.33997
0.32733
0.31430
0.30197
0.28958
0.27731
0.26517
0.25296
0.24051
0.22778
0.21521
0.20212
0.18872
0.17517
0.16071
0.14642
0.13120
0.11551
0.09933
0.08264
0.06543
0.04776
0.02948
0.01062
-0.00894
-0.02890
-0.04968
-0.07056
-0.09259
-0.11420
-0.13690
-0.15924
-0.18225
-0.20483
-0.22803
-0.25092
-0.27393
-0.29648
-0.31915
-0.34134
-0.36295
-0.38452
-0.40515
-0.42551
-0.44519
-0.46442
-0.48291
-0.50128
-0.51883
-0.53580
-0.55206
-0.56763
-0.58252
-0.59659
-0.60995
-0.62244
-0.63409
-0.64517
-0.65515
-0.66437
-0.67288
-0.68054
-0.68762
-0.69342
-0.69891
-0.70334
-0.70718
-0.71039
-0.71286
-0.71472
-0.71600
-0.71619
-0.71640
-0.71512
-0.71393
-0.71124
-0.70859
-0.70474
-0.70056
-0.69540
-0.69000
-0.68356
-0.67700
-0.66946
-0.66153
-0.65308
-0.64444
-0.63501
-0.62555
-0.61545
-0.60541
-0.59448
-0.58362
-0.57208
-0.56070
-0.54877
-0.53687
-0.52469
-0.51248
-0.50015
-0.48770
-0.47507
-0.46246
-0.44958
-0.43643
-0.42358
-0.41010
-0.39688
-0.38333
-0.36960
-0.35596
-0.34232
-0.32864
-0.31479
-0.30112
-0.28760
-0.27374
-0.26035
-0.24661
-0.23325
-0.21973
-0.20630
-0.19263
-0.17935
-0.16580
-0.15250
-0.13892
-0.12567
-0.11200
-0.09854
-0.08496
-0.07111
-0.05716
-0.04288
-0.02856
-0.01395
0.00095
0.01599
0.03134
0.04694
0.06293
0.07935
0.09583
0.11261
0.12967
0.14676
0.16391
0.18097
0.19839
0.21558
0.23279
0.25006
0.26700
0.28409
0.30063
0.31735
0.33377
0.34998
0.36591
0.38165
0.39706
0.41220
0.42685
0.44122
0.45505
0.46844
0.48105
0.49332
0.50479
0.51602
0.52631
0.53671
0.54599
0.55542
0.56393
0.57239
0.58008
0.58740
0.59439
0.60074
0.60684
0.61218
0.61725
0.62167
0.62537
0.62845
0.63071
0.63263
0.63361
0.63391
0.63358
0.63217
0.63040
0.62744
0.62463
0.62061
0.61609
0.61130
0.60641
0.60049
0.59497
0.58810
0.58130
0.57358
0.56552
0.55682
0.54764
0.53799
0.52808
0.51773
0.50742
0.49634
0.48541
0.47409
0.46240
0.45078
0.43875
0.42667
0.41449
0.40201
0.38943
0.37683
0.36386
0.35150
0.33881
0.32608
0.31345
0.30060
0.28802
0.27521
0.26248
0.24985
0.23697
0.22424
0.21130
0.19818
0.18536
0.17221
0.15903
0.14590
0.13272
0.11932
0.10605
0.09222
0.07855
0.06451
0.05045
0.03601
0.02127
0.00650
-0.00842
-0.02405
-0.03940
-0.05539
-0.07144
-0.08777
-0.10422
-0.12119
-0.13794
-0.15546
-0.17264
-0.19028
-0.20801
-0.22583
-0.24365
-0.26175
-0.27972
-0.29749
-0.31525
-0.33276
-0.35007
-0.36725
-0.38412
-0.40042
-0.41650
-0.43213
-0.44730
-0.46201
-0.47623
-0.48947
-0.50262
-0.51456
-0.52643
-0.53723
-0.54752
-0.55688
-0.56583
-0.57355
-0.58127
-0.58734
-0.59354
-0.59836
-0.60263
-0.60632
-0.60910
-0.61160
-0.61313
-0.61420
-0.61472
-0.61435
-0.61380
-0.61212
-0.61002
-0.60745
-0.60391
-0.60022
-0.59555
-0.59039
-0.58466
-0.57867
-0.57184
-0.56494
-0.55734
-0.54977
-0.54123
-0.53302
-0.52417
-0.51526
-0.50577
-0.49643
-0.48615
-0.47647
-0.46585
-0.45578
-0.44492
-0.43427
-0.42334
-0.41257
-0.40137
-0.39038
-0.37924
-0.36804
-0.35699
-0.34558
-0.33475
-0.32309
-0.31210
-0.30078
-0.28958
-0.27847
-0.26715
-0.25580
-0.24432
-0.23251
-0.22083
-0.20871
-0.19653
-0.18417
-0.17175
-0.15903
-0.14639
-0.13297
-0.12015
-0.10641
-0.09293
-0.07904
-0.06482
-0.05054
-0.03571
-0.02087
-0.00543
0.00964
0.02551
0.04114
0.05707
0.07318
0.08908
0.10526
0.12143
0.13779
0.15396
0.17059
0.18698
0.20355
0.22003
0.23651
0.25296
0.26920
0.28519
0.30112
0.31665
0.33191
0.34671
0.36145
0.37540
0.38934
0.40240
0.41507
0.42725
0.43869
0.45007
0.46054
0.47058
0.48026
0.48898
0.49759
0.50525
0.51257
0.51932
0.52521
0.53076
0.53540
0.53943
0.54318
0.54602
0.54868
0.55063
0.55209
0.55331
0.55380
0.55405
0.55420
0.55344
0.55295
0.55164
0.55026
0.54828
0.54599
0.54330
0.54013
0.53647
0.53247
0.52798
0.52304
0.51749
0.51196
0.50589
0.49957
0.49295
0.48596
0.47882
0.47116
0.46338
0.45493
0.44635
0.43726
0.42804
0.41830
0.40845
0.39813
0.38785
0.37708
0.36646
0.35559
0.34439
0.33334
0.32172
0.31009
0.29831
0.28629
0.27411
0.26187
0.24942
0.23697
0.22433
0.21173
0.19940
0.18683
0.17435
0.16235
0.15024
0.13846
0.12646
0.11499
0.10306
0.09158
0.07956
0.06796
0.05566
0.04391
0.03165
0.01987
0.00757
-0.00476
-0.01758
-0.02982
-0.04276
-0.05518
-0.06781
-0.08054
-0.09283
-0.10580
-0.11838
-0.13129
-0.14429
-0.15714
-0.17035
-0.18335
-0.19644
-0.20956
-0.22272
-0.23584
-0.24875
-0.26190
-0.27472
-0.28790
-0.30072
-0.31372
-0.32663
-0.33923
-0.35172
-0.36407
-0.37589
-0.38757
-0.39865
-0.40955
-0.41962
-0.42957
-0.43881
-0.44763
-0.45605
-0.46353
-0.47101
-0.47733
-0.48364
-0.48865
-0.49374
-0.49750
-0.50140
-0.50436
-0.50699
-0.50897
-0.51047
-0.51151
-0.51208
-0.51221
-0.51175
-0.51099
-0.50967
-0.50809
-0.50598
-0.50366
-0.50085
-0.49808
-0.49457
-0.49130
-0.48718
-0.48303
-0.47861
-0.47360
-0.46866
-0.46259
-0.45724
-0.45065
-0.44409
-0.43707
-0.42984
-0.42233
-0.41452
-0.40659
-0.39847
-0.38992
-0.38168
-0.37265
-0.36395
-0.35468
-0.34573
-0.33646
-0.32700
-0.31766
-0.30774
-0.29803
-0.28793
-0.27774
-0.26749
-0.25705
-0.24615
-0.23523
-0.22415
-0.21274
-0.20178
-0.19025
-0.17929
-0.16806
-0.15710
-0.14590
-0.13535
-0.12427
-0.11392
-0.10294
-0.09286
-0.08200
-0.07172
-0.06091
-0.05035
-0.03931
-0.02841
-0.01709
-0.00586
0.00565
0.01718
0.02884
0.04092
0.05292
0.06540
0.07785
0.09061
0.10333
0.11636
0.12961
0.14285
0.15646
0.16989
0.18341
0.19720
0.21097
0.22461
0.23856
0.25214
0.26602
0.27945
0.29321
0.30630
0.31973
0.33261
0.34531
0.35757
0.36957
0.38107
0.39203
0.40250
0.41229
0.42154
0.43018
0.43808
0.44568
0.45200
0.45871
0.46426
0.46967
0.47479
0.47931
0.48373
0.48727
0.49100
0.49323
0.49625
0.49738
0.49924
0.49966
0.49994
0.49973
0.49899
0.49756
0.49594
0.49365
0.49097
0.48810
0.48416
0.48068
0.47626
0.47220
0.46777
0.46323
0.45853
0.45398
0.44885
0.44391
0.43857
0.43311
0.42737
0.42133
0.41501
0.40887
0.40179
0.39539
0.38794
0.38071
0.37308
0.36533
0.35706
0.34879
0.34015
0.33136
0.32242
0.31281
0.30350
0.29355
0.28372
0.27377
0.26361
0.25342
0.24332
0.23309
0.22290
0.21271
0.20248
0.19241
0.18204
0.17227
0.16196
0.15219
0.14200
0.13199
0.12164
0.11133
0.10080
0.08984
0.07883
0.06741
0.05582
0.04364
0.03159
0.01880
0.00610
-0.00668
-0.02014
-0.03317
-0.04666
-0.06012
-0.07352
-0.08710
-0.10062
-0.11407
-0.12781
-0.14105
-0.15488
-0.16797
-0.18167
-0.19473
-0.20822
-0.22128
-0.23453
-0.24738
-0.26071
-0.27319
-0.28616
-0.29855
-0.31100
-0.32318
-0.33511
-0.34683
-0.35815
-0.36905
-0.37997
-0.39032
-0.40088
-0.41064
-0.42023
-0.42932
-0.43784
-0.44617
-0.45413
-0.46152
-0.46863
-0.47495
-0.48093
-0.48669
-0.49133
-0.49542
-0.49896
-0.50189
-0.50436
-0.50653
-0.50769
-0.50925
-0.50940
-0.50970
-0.50903
-0.50830
-0.50674
-0.50497
-0.50226
-0.49957
-0.49582
-0.49213
-0.48730
-0.48273
-0.47736
-0.47180
-0.46606
-0.45978
-0.45340
-0.44678
-0.43982
-0.43280
-0.42557
-0.41769
-0.41025
-0.40173
-0.39349
-0.38461
-0.37549
-0.36603
-0.35620
-0.34641
-0.33609
-0.32602
-0.31561
-0.30542
-0.29514
-0.28485
-0.27435
-0.26434
-0.25378
-0.24377
-0.23337
-0.22311
-0.21289
-0.20233
-0.19193
-0.18152
-0.17096
-0.16046
-0.14957
-0.13901
-0.12814
-0.11703
-0.10605
-0.09482
-0.08340
-0.07181
-0.06015
-0.04791
-0.03592
-0.02322
-0.01062
0.00226
0.01532
0.02841
0.04187
0.05496
0.06845
0.08176
0.09531
0.10867
0.12225
0.13568
0.14932
0.16278
0.17636
0.18976
0.20316
0.21640
0.22934
0.24243
0.25497
0.26755
0.27969
0.29144
0.30307
0.31427
0.32510
0.33557
0.34543
0.35522
0.36395
0.37283
0.38055
0.38852
0.39514
0.40176
0.40756
0.41330
0.41794
0.42294
0.42685
0.43076
0.43402
0.43668
0.43924
0.44150
0.44308
0.44489
0.44571
0.44678
0.44720
0.44769
0.44785
0.44788
0.44785
0.44785
0.44742
0.44727
0.44647
0.44608
0.44501
0.44427
0.44287
0.44159
0.43967
0.43790
0.43570
0.43353
0.43097
0.42841
0.42532
0.42227
0.41837
0.41455
0.41016
0.40533
0.40027
0.39465
0.38904
0.38269
0.37643
0.36945
0.36246
0.35492
0.34708
0.33868
0.33002
0.32104
0.31116
0.30179
0.29111
0.28101
0.27011
0.25931
0.24817
0.23676
0.22522
0.21341
0.20178
0.18945
0.17746
0.16479
0.15213
0.13934
0.12610
0.11343
0.09995
0.08679
0.07339
0.05988
0.04648
0.03302
0.01953
0.00613
-0.00708
-0.02029
-0.03333
-0.04611
-0.05872
-0.07120
-0.08325
-0.09543
-0.10699
-0.11874
-0.12991
-0.14114
-0.15201
-0.16266
-0.17328
-0.18365
-0.19382
-0.20422
-0.21393
-0.22391
-0.23346
-0.24301
-0.25269
-0.26199
-0.27139
-0.28085
-0.28970
-0.29907
-0.30765
-0.31644
-0.32489
-0.33292
-0.34109
-0.34860
-0.35596
-0.36292
-0.36963
-0.37589
-0.38211
-0.38785
-0.39334
-0.39841
-0.40314
-0.40750
-0.41156
-0.41513
-0.41855
-0.42111
-0.42377
-0.42542
-0.42722
-0.42804
-0.42892
-0.42908
-0.42889
-0.42859
-0.42761
-0.42657
-0.42508
-0.42346
-0.42148
-0.41925
-0.41663
-0.41360
-0.41013
-0.40637
-0.40222
-0.39764
-0.39294
-0.38766
-0.38248
-0.37695
-0.37140
-0.36569
-0.35974
-0.35364
-0.34738
-0.34119
-0.33469
-0.32843
-0.32101
-0.31464
-0.30719
-0.30035
-0.29321
-0.28604
-0.27896
-0.27170
-0.26434
-0.25708
-0.24954
-0.24207
-0.23422
-0.22644
-0.21896
-0.21124
-0.20325
-0.19537
-0.18707
-0.17877
-0.17004
-0.16113
-0.15207
-0.14255
-0.13312
-0.12314
-0.11310
-0.10287
-0.09216
-0.08176
-0.07065
-0.05994
-0.04868
-0.03763
-0.02600
-0.01483
-0.00320
0.00824
0.01947
0.03113
0.04248
0.05380
0.06537
0.07635
0.08777
0.09863
0.10971
0.12054
0.13104
0.14182
0.15182
0.16223
0.17197
0.18182
0.19135
0.20071
0.20978
0.21848
0.22729
0.23572
0.24377
0.25198
0.25967
0.26727
0.27466
0.28140
0.28830
0.29468
0.30084
0.30652
0.31201
0.31705
0.32199
0.32648
0.33066
0.33478
0.33841
0.34229
0.34573
0.34909
0.35214
0.35504
0.35767
0.35999
0.36218
0.36395
0.36575
0.36703
0.36826
0.36899
0.36984
0.37021
0.37039
0.37054
0.37027
0.36990
0.36920
0.36838
0.36716
0.36597
0.36447
0.36267
0.36044
0.35806
0.35516
0.35190
0.34818
0.34436
0.33990
0.33554
0.33072
0.32568
0.32077
0.31555
0.31030
0.30499
0.29977
0.29431
0.28922
0.28348
0.27820
0.27222
0.26669
0.26062
0.25461
0.24823
0.24164
0.23511
0.22815
0.22113
0.21436
0.20694
0.19998
0.19257
0.18561
0.17801
0.17090
0.16321
0.15582
0.14810
0.14072
0.13278
0.12537
0.11755
0.11002
0.10242
0.09476
0.08737
0.07959
0.07199
0.06436
0.05634
0.04877
0.04028
0.03244
0.02386
0.01544
0.00671
-0.00232
-0.01138
-0.02081
-0.03012
-0.03976
-0.04947
-0.05933
-0.06927
-0.07935
-0.08942
-0.09970
-0.10989
-0.12021
-0.13028
-0.14075
-0.15067
-0.16092
-0.17068
-0.18054
-0.19016
-0.19952
-0.20883
-0.21759
-0.22644
-0.23459
-0.24261
-0.25040
-0.25763
-0.26489
-0.27151
-0.27823
-0.28442
-0.29047
-0.29608
-0.30164
-0.30688
-0.31198
-0.31668
-0.32123
-0.32562
-0.32941
-0.33337
-0.33670
-0.34003
-0.34314
-0.34564
-0.34845
-0.35052
-0.35236
-0.35428
-0.35529
-0.35669
-0.35721
-0.35794
-0.35809
-0.35831
-0.35818
-0.35785
-0.35748
-0.35660
-0.35577
-0.35468
-0.35315
-0.35175
-0.34964
-0.34805
-0.34546
-0.34317
-0.34018
-0.33716
-0.33380
-0.33014
-0.32614
-0.32199
-0.31714
-0.31241
-0.30695
-0.30151
-0.29572
-0.28970
-0.28336
-0.27682
-0.27011
-0.26294
-0.25604
-0.24835
-0.24118
-0.23358
-0.22568
-0.21823
-0.20987
-0.20233
-0.19421
-0.18607
-0.17822
-0.16998
-0.16202
-0.15378
-0.14575
-0.13739
-0.12952
-0.12073
-0.11285
-0.10400
-0.09558
-0.08679
-0.07782
-0.06873
-0.05930
-0.04996
-0.04050
-0.03070
-0.02112
-0.01123
-0.00156
0.00845
0.01807
0.02780
0.03699
0.04660
0.05582
0.06522
0.07455
0.08389
0.09320
0.10248
0.11200
0.12119
0.13074
0.13974
0.14868
0.15799
0.16675
0.17554
0.18411
0.19244
0.20050
0.20822
0.21582
0.22314
0.23022
0.23724
0.24396
0.25024
0.25662
0.26248
0.26834
0.27356
0.27881
0.28354
0.28799
0.29254
0.29639
0.30051
0.30392
0.30734
0.31033
0.31320
0.31586
0.31830
0.32019
0.32239
0.32336
0.32510
0.32559
0.32657
0.32678
0.32693
0.32706
0.32642
0.32617
0.32516
0.32452
0.32336
0.32217
0.32092
0.31918
0.31763
0.31534
0.31348
0.31076
0.30820
0.30490
0.30182
0.29800
0.29428
0.28998
0.28577
0.28131
0.27649
0.27170
0.26657
0.26151
0.25616
0.25089
0.24539
0.24008
0.23434
0.22861
0.22290
0.21674
0.21063
0.20432
0.19797
0.19144
0.18494
0.17816
0.17142
0.16452
0.15771
0.15082
0.14413
0.13712
0.13025
0.12350
0.11642
0.10947
0.10242
0.09500
0.08783
0.08014
0.07254
0.06464
0.05682
0.04880
0.04080
0.03268
0.02460
0.01608
0.00806
-0.00067
-0.00882
-0.01758
-0.02609
-0.03458
-0.04358
-0.05225
-0.06113
-0.07007
-0.07864
-0.08759
-0.09589
-0.10471
-0.11270
-0.12128
-0.12912
-0.13724
-0.14490
-0.15256
-0.16025
-0.16742
-0.17487
-0.18167
-0.18869
-0.19513
-0.20175
-0.20782
-0.21396
-0.21954
-0.22504
-0.22998
-0.23483
-0.23920
-0.24353
-0.24753
-0.25131
-0.25497
-0.25833
-0.26166
-0.26422
-0.26743
-0.26978
-0.27243
-0.27475
-0.27692
-0.27875
-0.28088
-0.28220
-0.28394
-0.28488
-0.28610
-0.28659
-0.28748
-0.28741
-0.28793
-0.28748
-0.28729
-0.28687
-0.28616
-0.28552
-0.28452
-0.28363
-0.28229
-0.28122
-0.27969
-0.27829
-0.27649
-0.27469
-0.27249
-0.27020
-0.26782
-0.26498
-0.26205
-0.25876
-0.25513
-0.25150
-0.24744
-0.24341
-0.23874
-0.23450
-0.22958
-0.22507
-0.21988
-0.21487
-0.20966
-0.20422
-0.19891
-0.19318
-0.18765
-0.18179
-0.17599
-0.17001
-0.16412
-0.15817
-0.15222
-0.14618
-0.13998
-0.13373
-0.12732
-0.12091
-0.11414
-0.10748
-0.10083
-0.09372
-0.08698
-0.07971
-0.07272
-0.06528
-0.05814
-0.05048
-0.04312
-0.03534
-0.02768
-0.02002
-0.01215
-0.00436
0.00348
0.01132
0.01913
0.02698
0.03488
0.04263
0.05069
0.05823
0.06613
0.07391
0.08151
0.08936
0.09695
0.10464
0.11227
0.11963
0.12704
0.13409
0.14142
0.14828
0.15558
0.16229
0.16922
0.17596
0.18262
0.18924
0.19574
0.20181
0.20813
0.21384
0.21964
0.22491
0.23019
0.23486
0.23935
0.24368
0.24759
0.25128
0.25500
0.25778
0.26123
0.26361
0.26630
0.26892
0.27042
0.27271
0.27405
0.27557
0.27670
0.27768
0.27838
0.27881
0.27914
0.27908
0.27921
0.27869
0.27811
0.27716
0.27646
0.27515
0.27344
0.27170
0.26941
0.26752
0.26520
0.26291
0.26050
0.25815
0.25528
0.25284
0.24991
0.24704
0.24393
0.24088
0.23727
0.23398
0.23019
0.22641
0.22214
0.21799
0.21332
0.20871
0.20389
0.19901
0.19388
0.18860
0.18317
0.17783
0.17178
0.16623
0.15970
0.15387
0.14728
0.14102
0.13449
0.12802
0.12146
0.11520
0.10849
0.10245
0.09573
0.08954
0.08319
0.07669
0.07068
0.06406
0.05792
0.05136
0.04492
0.03815
0.03165
0.02463
0.01797
0.01074
0.00391
-0.00357
-0.01093
-0.01852
-0.02621
-0.03378
-0.04160
-0.04913
-0.05701
-0.06442
-0.07245
-0.07959
-0.08731
-0.09442
-0.10172
-0.10876
-0.11563
-0.12256
-0.12915
-0.13577
-0.14233
-0.14871
-0.15518
-0.16107
-0.16754
-0.17325
-0.17923
-0.18488
-0.19012
-0.19577
-0.20056
-0.20566
-0.21042
-0.21487
-0.21924
-0.22351
-0.22742
-0.23151
-0.23492
-0.23868
-0.24176
-0.24512
-0.24786
-0.25082
-0.25333
-0.25592
-0.25797
-0.25998
-0.26138
-0.26282
-0.26355
-0.26416
-0.26428
-0.26395
-0.26337
-0.26221
-0.26074
-0.25879
-0.25690
-0.25412
-0.25162
-0.24850
-0.24570
-0.24210
-0.23889
-0.23520
-0.23141
-0.22769
-0.22391
-0.21994
-0.21606
-0.21219
-0.20792
-0.20410
-0.19946
-0.19565
-0.19101
-0.18680
-0.18222
-0.17761
-0.17291
-0.16833
-0.16367
-0.15909
-0.15421
-0.14972
-0.14474
-0.14017
-0.13522
-0.13055
-0.12558
-0.12097
-0.11594
-0.11121
-0.10626
-0.10132
-0.09641
-0.09128
-0.08612
-0.08109
-0.07568
-0.07037
-0.06519
-0.05978
-0.05432
-0.04916
-0.04355
-0.03845
-0.03271
-0.02744
-0.02188
-0.01620
-0.01102
-0.00504
0.00031
0.00604
0.01166
0.01715
0.02295
0.02838
0.03415
0.03983
0.04547
0.05145
0.05719
0.06345
0.06903
0.07523
0.08066
0.08688
0.09225
0.09802
0.10330
0.10876
0.11407
0.11908
0.12399
0.12894
0.13330
0.13797
0.14212
0.14633
0.15027
0.15411
0.15768
0.16135
0.16473
0.16824
0.17130
0.17435
0.17731
0.17990
0.18268
0.18497
0.18741
0.18942
0.19156
0.19336
0.19501
0.19659
0.19821
0.19931
0.20093
0.20184
0.20282
0.20398
0.20453
0.20526
0.20569
0.20609
0.20624
0.20636
0.20602
0.20557
0.20486
0.20401
0.20294
0.20181
0.20044
0.19897
0.19717
0.19556
0.19354
0.19171
0.18951
0.18738
0.18521
0.18298
0.18051
0.17819
0.17551
0.17282
0.17026
0.16727
0.16449
0.16132
0.15823
0.15494
0.15201
0.14838
0.14536
0.14194
0.13855
0.13516
0.13171
0.12823
0.12469
0.12094
0.11700
0.11307
0.10919
0.10483
0.10077
0.09653
0.09213
0.08798
0.08340
0.07919
0.07486
0.06998
0.06583
0.06140
0.05731
0.05304
0.04886
0.04456
0.04022
0.03589
0.03152
0.02695
0.02234
0.01743
0.01273
0.00763
0.00253
-0.00287
-0.00821
-0.01376
-0.01926
-0.02502
-0.03073
-0.03650
-0.04224
-0.04797
-0.05347
-0.05936
-0.06485
-0.07034
-0.07587
-0.08093
-0.08643
-0.09125
-0.09628
-0.10126
-0.10596
-0.11066
-0.11505
-0.11987
-0.12393
-0.12863
-0.13263
-0.13687
-0.14093
-0.14478
-0.14871
-0.15237
-0.15613
-0.15945
-0.16296
-0.16608
-0.16919
-0.17209
-0.17490
-0.17722
-0.18002
-0.18216
-0.18445
-0.18658
-0.18835
-0.19028
-0.19174
-0.19315
-0.19455
-0.19543
-0.19678
-0.19745
-0.19833
-0.19910
-0.19958
-0.20016
-0.20044
-0.20093
-0.20102
-0.20135
-0.20126
-0.20148
-0.20105
-0.20105
-0.20059
-0.20029
-0.19977
-0.19891
-0.19846
-0.19717
-0.19620
-0.19458
-0.19305
-0.19104
-0.18896
-0.18658
-0.18405
-0.18106
-0.17801
-0.17480
-0.17136
-0.16776
-0.16400
-0.16028
-0.15625
-0.15222
-0.14801
-0.14359
-0.13925
-0.13449
-0.12994
-0.12497
-0.11993
-0.11469
-0.10959
-0.10437
-0.09897
-0.09384
-0.08826
-0.08313
-0.07742
-0.07217
-0.06653
-0.06119
-0.05545
-0.04990
-0.04401
-0.03857
-0.03275
-0.02734
-0.02176
-0.01614
-0.01074
-0.00504
0.00021
0.00604
0.01166
0.01724
0.02307
0.02866
0.03452
0.04013
0.04599
0.05161
0.05746
0.06293
0.06879
0.07410
0.07986
0.08517
0.09048
0.09579
0.10062
0.10587
0.11050
0.11536
0.11975
0.12430
0.12857
0.13290
0.13687
0.14093
0.14453
0.14813
0.15131
0.15445
0.15750
0.16016
0.16275
0.16519
0.16742
0.16943
0.17142
0.17325
0.17505
0.17654
0.17798
0.17953
0.18051
0.18225
0.18332
0.18463
0.18594
0.18683
0.18814
0.18890
0.18988
0.19046
0.19104
0.19156
0.19168
0.19208
0.19186
0.19220
0.19177
0.19177
0.19153
0.19104
0.19083
0.19031
0.18954
0.18896
0.18784
0.18726
0.18588
0.18484
0.18341
0.18188
0.18018
0.17828
0.17624
0.17392
0.17136
0.16867
0.16568
0.16248
0.15897
0.15546
0.15152
0.14771
0.14337
0.13962
0.13501
0.13098
0.12631
0.12186
0.11740
0.11255
0.10791
0.10269
0.09784
0.09238
0.08701
0.08142
0.07565
0.06995
0.06390
0.05807
0.05182
0.04575
0.03940
0.03317
0.02695
0.02045
0.01437
0.00769
0.00177
-0.00464
-0.01065
-0.01688
-0.02280
-0.02881
-0.03464
-0.04050
-0.04608
-0.05197
-0.05716
-0.06317
-0.06799
-0.07367
-0.07880
-0.08401
-0.08914
-0.09390
-0.09912
-0.10339
-0.10831
-0.11276
-0.11710
-0.12115
-0.12500
-0.12869
-0.13223
-0.13571
-0.13895
-0.14221
-0.14502
-0.14798
-0.15060
-0.15323
-0.15530
-0.15765
-0.16006
-0.16199
-0.16422
-0.16599
-0.16772
-0.16913
-0.17056
-0.17139
-0.17252
-0.17291
-0.17352
-0.17352
-0.17374
-0.17331
-0.17322
-0.17249
-0.17194
-0.17114
-0.17026
-0.16959
-0.16833
-0.16754
-0.16632
-0.16531
-0.16425
-0.16309
-0.16183
-0.16068
-0.15924
-0.15811
-0.15643
-0.15521
-0.15347
-0.15189
-0.15015
-0.14856
-0.14648
-0.14499
-0.14291
-0.14093
-0.13916
-0.13687
-0.13501
-0.13297
-0.13065
-0.12860
-0.12634
-0.12405
-0.12180
-0.11942
-0.11691
-0.11438
-0.11169
-0.10889
-0.10593
-0.10263
-0.09937
-0.09598
-0.09225
-0.08875
-0.08481
-0.08096
-0.07693
-0.07297
-0.06879
-0.06482
-0.06039
-0.05649
-0.05212
-0.04791
-0.04370
-0.03940
-0.03513
-0.03061
-0.02637
-0.02200
-0.01773
-0.01343
-0.00912
-0.00491
-0.00076
0.00345
0.00742
0.01157
0.01556
0.01953
0.02365
0.02747
0.03162
0.03558
0.03967
0.04370
0.04782
0.05170
0.05582
0.05948
0.06348
0.06720
0.07086
0.07437
0.07788
0.08130
0.08447
0.08795
0.09091
0.09421
0.09708
0.10022
0.10300
0.10590
0.10870
0.11124
0.11392
0.11621
0.11859
0.12079
0.12299
0.12503
0.12695
0.12894
0.13065
0.13223
0.13400
0.13538
0.13721
0.13831
0.14011
0.14102
0.14273
0.14368
0.14502
0.14606
0.14700
0.14807
0.14871
0.14975
0.15009
0.15082
0.15115
0.15167
0.15182
0.15234
0.15237
0.15262
0.15277
0.15256
0.15302
0.15247
0.15250
0.15198
0.15152
0.15088
0.14996
0.14911
0.14777
0.14670
0.14502
0.14368
0.14166
0.14014
0.13770
0.13571
0.13321
0.13083
0.12820
0.12531
0.12225
0.11914
0.11572
0.11240
0.10849
0.10477
0.10062
0.09668
0.09219
0.08817
0.08347
0.07944
0.07477
0.07053
0.06586
0.06143
0.05692
0.05231
0.04791
0.04324
0.03891
0.03436
0.02979
0.02527
0.02075
0.01633
0.01190
0.00748
0.00330
-0.00104
-0.00510
-0.00906
-0.01303
-0.01672
-0.02045
-0.02405
-0.02740
-0.03104
-0.03424
-0.03772
-0.04099
-0.04416
-0.04736
-0.05038
-0.05353
-0.05655
-0.05951
-0.06235
-0.06519
-0.06812
-0.07071
-0.07367
-0.07608
-0.07922
-0.08160
-0.08450
-0.08722
-0.08997
-0.09259
-0.09561
-0.09814
-0.10101
-0.10364
-0.10651
-0.10892
-0.11191
-0.11432
-0.11713
-0.11948
-0.12216
-0.12439
-0.12723
-0.12909
-0.13168
-0.13354
-0.13571
-0.13739
-0.13913
-0.14072
-0.14203
-0.14340
-0.14444
-0.14551
-0.14642
-0.14713
-0.14771
-0.14822
-0.14825
-0.14862
-0.14841
-0.14835
-0.14795
-0.14734
-0.14664
-0.14551
-0.14490
-0.14359
-0.14264
-0.14124
-0.13980
-0.13824
-0.13632
-0.13470
-0.13229
-0.13046
-0.12796
-0.12561
-0.12320
-0.12057
-0.11743
-0.11484
-0.11145
-0.10864
-0.10556
-0.10248
-0.09943
-0.09619
-0.09308
-0.08975
-0.08670
-0.08319
-0.08020
-0.07678
-0.07355
-0.07034
-0.06726
-0.06400
-0.06119
-0.05801
-0.05539
-0.05237
-0.04977
-0.04684
-0.04410
-0.04156
-0.03870
-0.03625
-0.03311
-0.03061
-0.02740
-0.02472
-0.02145
-0.01852
-0.01517
-0.01212
-0.00867
-0.00546
-0.00174
0.00137
0.00528
0.00876
0.01257
0.01642
0.02005
0.02411
0.02786
0.03177
0.03546
0.03931
0.04297
0.04666
0.05011
0.05371
0.05688
0.06046
0.06332
0.06680
0.06961
0.07263
0.07559
0.07837
0.08115
0.08377
0.08646
0.08881
0.09134
0.09357
0.09589
0.09811
0.10019
0.10211
0.10406
0.10602
0.10764
0.10956
0.11096
0.11270
0.11395
0.11542
0.11652
0.11780
0.11862
0.11975
0.12033
0.12100
0.12155
0.12167
0.12216
0.12204
0.12247
0.12231
0.12241
0.12225
0.12219
0.12192
0.12195
0.12155
0.12131
0.12100
0.12027
0.11996
0.11893
0.11829
0.11700
0.11618
0.11469
0.11349
0.11234
0.11057
0.10962
0.10779
0.10672
0.10492
0.10382
0.10217
0.10059
0.09900
0.09735
0.09558
0.09375
0.09180
0.08975
0.08771
0.08560
0.08340
0.08118
0.07907
0.07669
0.07465
0.07214
0.06998
0.06775
0.06540
0.06314
0.06091
0.05838
0.05627
0.05356
0.05112
0.04846
0.04584
0.04285
0.04022
0.03723
0.03436
0.03146
0.02841
0.02560
0.02240
0.01962
0.01642
0.01361
0.01047
0.00769
0.00452
0.00180
-0.00131
-0.00409
-0.00702
-0.01004
-0.01285
-0.01581
-0.01846
-0.02127
-0.02402
-0.02661
-0.02933
-0.03195
-0.03464
-0.03741
-0.03983
-0.04279
-0.04514
-0.04803
-0.05048
-0.05322
-0.05594
-0.05847
-0.06134
-0.06412
-0.06665
-0.06979
-0.07230
-0.07520
-0.07788
-0.08054
-0.08319
-0.08585
-0.08817
-0.09082
-0.09299
-0.09540
-0.09756
-0.09955
-0.10172
-0.10361
-0.10544
-0.10712
-0.10876
-0.11002
-0.11179
-0.11267
-0.11438
-0.11511
-0.11642
-0.11737
-0.11816
-0.11914
-0.11954
-0.12045
-0.12073
-0.12137
-0.12167
-0.12198
-0.12234
-0.12241
-0.12259
-0.12277
-0.12265
-0.12274
-0.12262
-0.12234
-0.12222
-0.12164
-0.12140
-0.12088
-0.12024
-0.11951
-0.11874
-0.11740
-0.11652
-0.11484
-0.11340
-0.11194
-0.10992
-0.10822
-0.10596
-0.10400
-0.10153
-0.09943
-0.09677
-0.09439
-0.09177
-0.08896
-0.08652
-0.08340
-0.08090
-0.07761
-0.07483
-0.07172
-0.06854
-0.06546
-0.06219
-0.05899
-0.05573
-0.05243
-0.04907
-0.04572
-0.04248
-0.03912
-0.03595
-0.03235
-0.02902
-0.02539
-0.02222
-0.01855
-0.01544
-0.01193
-0.00851
-0.00513
-0.00168
0.00186
0.00540
0.00879
0.01208
0.01544
0.01880
0.02194
0.02545
0.02866
0.03192
0.03555
0.03848
0.04218
0.04517
0.04874
0.05167
0.05502
0.05789
0.06100
0.06387
0.06665
0.06940
0.07202
0.07455
0.07690
0.07932
0.08173
0.08386
0.08618
0.08817
0.09030
0.09225
0.09415
0.09601
0.09772
0.09927
0.10095
0.10214
0.10385
0.10495
0.10623
0.10754
0.10843
0.11002
0.11060
0.11185
0.11255
0.11334
0.11404
0.11462
0.11502
0.11530
0.11554
0.11545
0.11560
0.11520
0.11499
0.11450
0.11395
0.11331
0.11261
0.11176
0.11102
0.11008
0.10901
0.10818
0.10696
0.10571
0.10452
0.10309
0.10162
0.10010
0.09842
0.09674
0.09485
0.09311
0.09109
0.08942
0.08701
0.08533
0.08307
0.08112
0.07907
0.07703
0.07504
0.07312
0.07095
0.06921
0.06696
0.06516
0.06296
0.06079
0.05872
0.05658
0.05453
0.05234
0.05023
0.04807
0.04587
0.04382
0.04166
0.03955
0.03732
0.03522
0.03296
0.03088
0.02863
0.02621
0.02411
0.02139
0.01920
0.01633
0.01404
0.01099
0.00833
0.00546
0.00241
-0.00021
-0.00357
-0.00623
-0.00964
-0.01245
-0.01578
-0.01883
-0.02203
-0.02518
-0.02826
-0.03140
-0.03439
-0.03738
-0.04041
-0.04315
-0.04617
-0.04883
-0.05161
-0.05420
-0.05713
-0.05933
-0.06241
-0.06445
-0.06729
-0.06952
-0.07202
-0.07437
-0.07645
-0.07880
-0.08054
-0.08276
-0.08444
-0.08612
-0.08795
-0.08917
-0.09100
-0.09186
-0.09366
-0.09445
-0.09589
-0.09668
-0.09775
-0.09857
-0.09946
-0.09998
-0.10074
-0.10123
-0.10168
-0.10233
-0.10245
-0.10291
-0.10315
-0.10333
-0.10342
-0.10361
-0.10336
-0.10330
-0.10312
-0.10284
-0.10236
-0.10217
-0.10138
-0.10086
-0.10013
-0.09921
-0.09827
-0.09729
-0.09583
-0.09479
-0.09329
-0.09177
-0.09048
-0.08856
-0.08713
-0.08517
-0.08347
-0.08136
-0.07956
-0.07745
-0.07541
-0.07346
-0.07120
-0.06918
-0.06696
-0.06485
-0.06259
-0.06067
-0.05835
-0.05637
-0.05408
-0.05219
-0.05002
-0.04800
-0.04605
-0.04388
-0.04202
-0.03979
-0.03778
-0.03561
-0.03333
-0.03113
-0.02872
-0.02649
-0.02411
-0.02167
-0.01932
-0.01688
-0.01453
-0.01212
-0.00986
-0.00748
-0.00525
-0.00299
-0.00064
0.00140
0.00369
0.00571
0.00790
0.01004
0.01199
0.01419
0.01608
0.01819
0.01999
0.02206
0.02393
0.02594
0.02795
0.02997
0.03207
0.03415
0.03644
0.03851
0.04092
0.04318
0.04544
0.04785
0.05011
0.05228
0.05463
0.05630
0.05878
0.06039
0.06244
0.06439
0.06577
0.06787
0.06915
0.07077
0.07190
0.07324
0.07434
0.07550
0.07654
0.07742
0.07834
0.07895
0.07993
0.08044
0.08102
0.08170
0.08237
0.08282
0.08356
0.08395
0.08432
0.08463
0.08499
0.08487
0.08524
0.08493
0.08517
0.08478
0.08481
0.08463
0.08435
0.08420
0.08383
0.08350
0.08328
0.08289
0.08258
0.08215
0.08167
0.08124
0.08072
0.08002
0.07935
0.07867
0.07776
0.07700
0.07602
0.07507
0.07394
0.07303
0.07169
0.07062
0.06927
0.06781
0.06635
0.06479
0.06320
0.06149
0.05975
0.05804
0.05597
0.05420
0.05209
0.04977
0.04816
0.04544
0.04379
0.04117
0.03931
0.03702
0.03485
0.03287
0.03049
0.02850
0.02628
0.02399
0.02185
0.01944
0.01736
0.01489
0.01263
0.01035
0.00787
0.00555
0.00302
0.00061
-0.00186
-0.00430
-0.00684
-0.00903
-0.01160
-0.01379
-0.01624
-0.01846
-0.02060
-0.02286
-0.02487
-0.02698
-0.02902
-0.03110
-0.03314
-0.03513
-0.03723
-0.03903
-0.04129
-0.04309
-0.04523
-0.04694
-0.04898
-0.05057
-0.05228
-0.05377
-0.05524
-0.05652
-0.05783
-0.05884
-0.06003
-0.06097
-0.06195
-0.06284
-0.06360
-0.06448
-0.06528
-0.06604
-0.06680
-0.06747
-0.06812
-0.06876
-0.06940
-0.06985
-0.07037
-0.07077
-0.07092
-0.07129
-0.07144
-0.07126
-0.07138
-0.07101
-0.07092
-0.07065
-0.07031
-0.07016
-0.06940
-0.06964
-0.06870
-0.06879
-0.06784
-0.06754
-0.06689
-0.06625
-0.06573
-0.06497
-0.06430
-0.06357
-0.06265
-0.06198
-0.06100
-0.06030
-0.05917
-0.05844
-0.05734
-0.05640
-0.05554
-0.05441
-0.05371
-0.05252
-0.05185
-0.05093
-0.04999
-0.04907
-0.04825
-0.04733
-0.04651
-0.04556
-0.04471
-0.04367
-0.04288
-0.04160
-0.04095
-0.03949
-0.03876
-0.03732
-0.03625
-0.03479
-0.03384
-0.03235
-0.03119
-0.02969
-0.02832
-0.02679
-0.02542
-0.02380
-0.02234
-0.02087
-0.01950
-0.01810
-0.01675
-0.01532
-0.01416
-0.01266
-0.01147
-0.01016
-0.00897
-0.00772
-0.00626
-0.00513
-0.00351
-0.00229
-0.00070
0.00089
0.00244
0.00418
0.00589
0.00784
0.00967
0.01175
0.01343
0.01566
0.01743
0.01962
0.02139
0.02353
0.02539
0.02722
0.02942
0.03104
0.03320
0.03485
0.03683
0.03860
0.04037
0.04218
0.04379
0.04550
0.04681
0.04840
0.04974
0.05118
0.05249
0.05380
0.05496
0.05643
0.05740
0.05872
0.05978
0.06107
0.06204
0.06339
0.06418
0.06540
0.06631
0.06738
0.06815
0.06927
0.06998
0.07092
0.07166
0.07214
0.07312
0.07346
0.07431
0.07446
0.07535
0.07523
0.07581
0.07593
0.07590
0.07623
0.07584
0.07590
0.07538
0.07532
0.07462
0.07431
0.07358
0.07297
0.07208
0.07138
0.07050
0.06952
0.06873
0.06760
0.06677
0.06552
0.06427
0.06299
0.06165
0.06027
0.05878
0.05725
0.05530
0.05359
0.05139
0.04956
0.04742
0.04550
0.04343
0.04144
0.03934
0.03738
0.03534
0.03323
0.03113
0.02924
0.02686
0.02509
0.02271
0.02051
0.01849
0.01593
0.01392
0.01144
0.00906
0.00690
0.00430
0.00223
-0.00027
-0.00247
-0.00464
-0.00708
-0.00891
-0.01138
-0.01334
-0.01538
-0.01770
-0.01935
-0.02151
-0.02328
-0.02505
-0.02695
-0.02847
-0.03024
-0.03168
-0.03345
-0.03479
-0.03641
-0.03793
-0.03949
-0.04102
-0.04276
-0.04395
-0.04593
-0.04703
-0.04880
-0.05002
-0.05130
-0.05289
-0.05386
-0.05524
-0.05615
-0.05731
-0.05823
-0.05905
-0.06003
-0.06079
-0.06143
-0.06226
-0.06271
-0.06339
-0.06372
-0.06421
-0.06451
-0.06470
-0.06500
-0.06473
-0.06494
-0.06445
-0.06451
-0.06372
-0.06357
-0.06290
-0.06213
-0.06165
-0.06073
-0.05997
-0.05920
-0.05829
-0.05746
-0.05673
-0.05557
-0.05484
-0.05383
-0.05292
-0.05197
-0.05084
-0.05011
-0.04895
-0.04816
-0.04694
-0.04614
-0.04507
-0.04440
-0.04343
-0.04266
-0.04166
-0.04111
-0.04025
-0.03949
-0.03879
-0.03778
-0.03705
-0.03619
-0.03516
-0.03433
-0.03308
-0.03229
-0.03101
-0.02991
-0.02872
-0.02759
-0.02637
-0.02512
-0.02386
-0.02274
-0.02158
-0.02036
-0.01926
-0.01791
-0.01697
-0.01559
-0.01465
-0.01343
-0.01233
-0.01129
-0.01010
-0.00912
-0.00815
-0.00705
-0.00610
-0.00497
-0.00397
-0.00290
-0.00174
-0.00079
0.00061
0.00168
0.00287
0.00409
0.00549
0.00659
0.00809
0.00928
0.01065
0.01208
0.01331
0.01477
0.01611
0.01730
0.01880
0.01990
0.02139
0.02264
0.02402
0.02542
0.02664
0.02820
0.02917
0.03101
0.03183
0.03333
0.03455
0.03583
0.03696
0.03812
0.03912
0.04016
0.04111
0.04214
0.04288
0.04401
0.04446
0.04565
0.04626
0.04703
0.04785
0.04849
0.04889
0.04971
0.04987
0.05057
0.05078
0.05112
0.05142
0.05176
0.05215
0.05243
0.05276
0.05316
0.05334
0.05374
0.05389
0.05423
0.05417
0.05435
0.05432
0.05426
0.05420
0.05392
0.05374
0.05347
0.05298
0.05267
0.05212
0.05164
0.05093
0.05038
0.04956
0.04883
0.04819
0.04718
0.04657
0.04556
0.04456
0.04388
0.04257
0.04193
0.04068
0.03983
0.03867
0.03754
0.03659
0.03531
0.03442
0.03314
0.03204
0.03082
0.02963
0.02829
0.02722
0.02594
0.02460
0.02356
0.02213
0.02109
0.01974
0.01855
0.01730
0.01611
0.01501
0.01352
0.01266
0.01105
0.01001
0.00858
0.00723
0.00595
0.00446
0.00317
0.00171
0.00034
-0.00113
-0.00226
-0.00357
-0.00491
-0.00635
-0.00763
-0.00894
-0.01038
-0.01141
-0.01309
-0.01389
-0.01553
-0.01654
-0.01807
-0.01923
-0.02026
-0.02142
-0.02249
-0.02371
-0.02472
-0.02594
-0.02728
-0.02853
-0.02982
-0.03094
-0.03238
-0.03354
-0.03473
-0.03592
-0.03699
-0.03812
-0.03925
-0.04019
-0.04120
-0.04196
-0.04291
-0.04373
-0.04431
-0.04514
-0.04556
-0.04633
-0.04657
-0.04703
-0.04761
-0.04788
-0.04834
-0.04861
-0.04880
-0.04922
-0.04919
-0.04956
-0.04950
-0.04974
-0.04974
-0.04977
-0.04990
-0.04990
-0.05002
-0.04984
-0.04996
-0.04980
-0.04984
-0.04971
-0.04941
-0.04950
-0.04901
-0.04904
-0.04868
-0.04840
-0.04807
-0.04776
-0.04749
-0.04700
-0.04666
-0.04620
-0.04587
-0.04538
-0.04492
-0.04443
-0.04385
-0.04337
-0.04276
-0.04208
-0.04141
-0.04074
-0.03986
-0.03922
-0.03827
-0.03748
-0.03668
-0.03558
-0.03467
-0.03366
-0.03250
-0.03149
-0.03024
-0.02917
-0.02789
-0.02664
-0.02536
-0.02417
-0.02249
-0.02136
-0.01971
-0.01846
-0.01682
-0.01544
-0.01401
-0.01230
-0.01111
-0.00931
-0.00815
-0.00647
-0.00491
-0.00348
-0.00177
-0.00034
0.00137
0.00305
0.00479
0.00632
0.00818
0.00974
0.01151
0.01318
0.01480
0.01657
0.01794
0.01984
0.02121
0.02289
0.02426
0.02579
0.02728
0.02856
0.02991
0.03125
0.03247
0.03391
0.03491
0.03619
0.03741
0.03836
0.03955
0.04047
0.04147
0.04242
0.04330
0.04413
0.04501
0.04578
0.04651
0.04724
0.04767
0.04849
0.04883
0.04950
0.04971
0.05032
0.05051
0.05103
0.05099
0.05145
0.05136
0.05161
0.05164
0.05173
0.05164
0.05191
0.05170
0.05182
0.05182
0.05164
0.05179
0.05145
0.05145
0.05127
0.05127
0.05081
0.05078
0.05029
0.05011
0.04968
0.04932
0.04886
0.04834
0.04779
0.04712
0.04657
0.04599
0.04526
0.04471
0.04385
0.04312
0.04233
0.04147
0.04053
0.03961
0.03845
0.03754
0.03616
0.03513
0.03375
0.03271
0.03140
0.03027
0.02917
0.02780
0.02692
0.02545
0.02466
0.02316
0.02219
0.02090
0.01965
0.01859
0.01706
0.01599
0.01468
0.01324
0.01208
0.01050
0.00955
0.00763
0.00671
0.00485
0.00378
0.00211
0.00085
-0.00079
-0.00229
-0.00375
-0.00537
-0.00687
-0.00830
-0.01013
-0.01129
-0.01309
-0.01431
-0.01593
-0.01727
-0.01871
-0.02011
-0.02161
-0.02289
-0.02435
-0.02576
-0.02713
-0.02841
-0.02963
-0.03082
-0.03201
-0.03308
-0.03403
-0.03500
-0.03583
-0.03668
-0.03738
-0.03821
-0.03873
-0.03958
-0.03979
-0.04062
-0.04083
-0.04135
-0.04166
-0.04202
-0.04221
-0.04251
-0.04279
-0.04285
-0.04294
-0.04306
-0.04306
-0.04294
-0.04297
-0.04282
-0.04279
-0.04248
-0.04221
-0.04172
-0.04129
-0.04080
-0.04037
-0.03970
-0.03922
-0.03839
-0.03790
-0.03696
-0.03653
-0.03589
-0.03561
-0.03494
-0.03452
-0.03375
-0.03317
-0.03241
-0.03152
-0.03079
-0.02985
-0.02921
-0.02817
-0.02762
-0.02655
-0.02609
-0.02527
-0.02463
-0.02399
-0.02359
-0.02283
-0.02249
-0.02173
-0.02145
-0.02075
-0.02054
-0.01974
-0.01926
-0.01871
-0.01813
-0.01761
-0.01703
-0.01645
-0.01605
-0.01566
-0.01511
-0.01501
-0.01450
-0.01440
-0.01431
-0.01416
-0.01407
-0.01401
-0.01404
-0.01392
-0.01385
-0.01398
-0.01376
-0.01389
-0.01349
-0.01352
-0.01303
-0.01303
-0.01224
-0.01218
-0.01135
-0.01096
-0.01028
-0.00961
-0.00876
-0.00803
-0.00702
-0.00620
-0.00488
-0.00400
-0.00262
-0.00140
-0.00003
0.00137
0.00262
0.00424
0.00543
0.00732
0.00858
0.01028
0.01169
0.01324
0.01486
0.01605
0.01779
0.01907
0.02045
0.02200
0.02310
0.02469
0.02576
0.02716
0.02829
0.02969
0.03067
0.03195
0.03290
0.03384
0.03476
0.03583
0.03650
0.03763
0.03806
0.03894
0.03943
0.04010
0.04050
0.04092
0.04120
0.04147
0.04166
0.04181
0.04178
0.04178
0.04169
0.04163
0.04147
0.04132
0.04102
0.04077
0.04053
0.04010
0.03983
0.03918
0.03885
0.03802
0.03754
0.03668
0.03595
0.03503
0.03427
0.03329
0.03256
0.03146
0.03067
0.02957
0.02893
0.02786
0.02698
0.02621
0.02536
0.02460
0.02386
0.02310
0.02249
0.02188
0.02133
0.02057
0.02032
0.01947
0.01926
0.01849
0.01813
0.01752
0.01718
0.01654
0.01627
0.01556
0.01544
0.01468
0.01471
0.01398
0.01389
0.01355
0.01300
0.01282
0.01239
0.01202
0.01178
0.01129
0.01102
0.01041
0.01022
0.00955
0.00925
0.00858
0.00827
0.00751
0.00714
0.00629
0.00580
0.00504
0.00446
0.00381
0.00299
0.00253
0.00168
0.00119
0.00031
-0.00012
-0.00098
-0.00140
-0.00223
-0.00281
-0.00366
-0.00430
-0.00528
-0.00583
-0.00699
-0.00757
-0.00876
-0.00943
-0.01053
-0.01114
-0.01242
-0.01291
-0.01422
-0.01486
-0.01596
-0.01685
-0.01794
-0.01877
-0.01981
-0.02069
-0.02194
-0.02264
-0.02402
-0.02472
-0.02591
-0.02682
-0.02795
-0.02893
-0.02966
-0.03101
-0.03143
-0.03259
-0.03314
-0.03400
-0.03479
-0.03534
-0.03616
-0.03653
-0.03748
-0.03772
-0.03851
-0.03882
-0.03946
-0.03986
-0.04037
-0.04080
-0.04123
-0.04138
-0.04184
-0.04193
-0.04224
-0.04230
-0.04242
-0.04242
-0.04227
-0.04236
-0.04193
-0.04208
-0.04138
-0.04135
-0.04080
-0.04037
-0.04007
-0.03925
-0.03903
-0.03796
-0.03760
-0.03671
-0.03601
-0.03525
-0.03427
-0.03357
-0.03247
-0.03159
-0.03061
-0.02972
-0.02884
-0.02792
-0.02701
-0.02606
-0.02509
-0.02396
-0.02322
-0.02197
-0.02121
-0.01990
-0.01889
-0.01761
-0.01617
-0.01498
-0.01361
-0.01227
-0.01105
-0.00974
-0.00833
-0.00732
-0.00580
-0.00473
-0.00357
-0.00229
-0.00125
-0.00006
0.00107
0.00220
0.00327
0.00446
0.00549
0.00668
0.00778
0.00891
0.00998
0.01123
0.01208
0.01321
0.01431
0.01508
0.01624
0.01703
0.01779
0.01901
0.01947
0.02045
0.02124
0.02176
0.02274
0.02325
0.02399
0.02457
0.02515
0.02582
0.02634
0.02704
0.02737
0.02811
0.02844
0.02899
0.02951
0.02985
0.03021
0.03079
0.03079
0.03159
0.03146
0.03210
0.03223
0.03259
0.03275
0.03326
0.03326
0.03378
0.03381
0.03412
0.03445
0.03467
0.03494
0.03522
0.03549
0.03555
0.03589
0.03601
0.03613
0.03625
0.03629
0.03635
0.03647
0.03632
0.03653
0.03619
0.03644
0.03598
0.03625
0.03595
0.03577
0.03568
0.03522
0.03528
0.03473
0.03479
0.03381
0.03397
0.03302
0.03284
0.03207
0.03156
0.03094
0.03033
0.02963
0.02899
0.02820
0.02753
0.02679
0.02585
0.02524
0.02423
0.02356
0.02258
0.02158
0.02106
0.01974
0.01932
0.01804
0.01736
0.01648
0.01538
0.01465
0.01349
0.01251
0.01154
0.01044
0.00940
0.00821
0.00702
0.00592
0.00449
0.00363
0.00211
0.00116
-0.00034
-0.00143
-0.00269
-0.00385
-0.00497
-0.00616
-0.00711
-0.00830
-0.00909
-0.01041
-0.01114
-0.01233
-0.01331
-0.01407
-0.01514
-0.01590
-0.01669
-0.01761
-0.01825
-0.01895
-0.01984
-0.02020
-0.02097
-0.02155
-0.02206
-0.02255
-0.02298
-0.02328
-0.02374
-0.02396
-0.02438
-0.02460
-0.02499
-0.02518
-0.02557
-0.02573
-0.02615
-0.02640
-0.02670
-0.02701
-0.02744
-0.02774
-0.02823
-0.02850
-0.02884
-0.02936
-0.02954
-0.02994
-0.03003
-0.03043
-0.03049
-0.03070
-0.03085
-0.03088
-0.03116
-0.03098
-0.03119
-0.03101
-0.03107
-0.03094
-0.03085
-0.03073
-0.03067
-0.03049
-0.03033
-0.03024
-0.02988
-0.02979
-0.02954
-0.02924
-0.02908
-0.02863
-0.02841
-0.02808
-0.02768
-0.02737
-0.02692
-0.02658
-0.02618
-0.02582
-0.02536
-0.02505
-0.02460
-0.02417
-0.02377
-0.02328
-0.02267
-0.02219
-0.02151
-0.02103
-0.02026
-0.01971
-0.01910
-0.01825
-0.01779
-0.01685
-0.01639
-0.01544
-0.01498
-0.01419
-0.01349
-0.01282
-0.01196
-0.01160
-0.01056
-0.01016
-0.00922
-0.00861
-0.00790
-0.00693
-0.00647
-0.00534
-0.00488
-0.00375
-0.00320
-0.00220
-0.00143
-0.00055
0.00021
0.00095
0.00192
0.00253
0.00351
0.00430
0.00500
0.00604
0.00662
0.00766
0.00824
0.00925
0.01004
0.01065
0.01172
0.01221
0.01328
0.01392
0.01477
0.01541
0.01642
0.01685
0.01761
0.01840
0.01895
0.01981
0.02002
0.02072
0.02084
0.02148
0.02170
0.02225
0.02255
0.02313
0.02344
0.02405
0.02448
0.02496
0.02551
0.02588
0.02637
0.02664
0.02716
0.02740
0.02783
0.02798
0.02829
0.02847
0.02859
0.02884
0.02869
0.02908
0.02884
0.02899
0.02896
0.02872
0.02887
0.02859
0.02866
0.02832
0.02829
0.02789
0.02777
0.02731
0.02692
0.02682
0.02621
0.02594
0.02554
0.02493
0.02466
0.02414
0.02350
0.02322
0.02255
0.02213
0.02145
0.02112
0.02032
0.01990
0.01947
0.01862
0.01837
0.01755
0.01715
0.01654
0.01584
0.01550
0.01468
0.01431
0.01355
0.01297
0.01230
0.01178
0.01096
0.01047
0.00977
0.00897
0.00848
0.00754
0.00723
0.00613
0.00583
0.00482
0.00430
0.00366
0.00308
0.00238
0.00177
0.00116
0.00061
0.00015
-0.00046
-0.00095
-0.00156
-0.00195
-0.00259
-0.00281
-0.00351
-0.00369
-0.00433
-0.00470
-0.00519
-0.00543
-0.00626
-0.00626
-0.00714
-0.00720
-0.00784
-0.00818
-0.00870
-0.00922
-0.00949
-0.01007
-0.01028
-0.01080
-0.01120
-0.01157
-0.01202
-0.01236
-0.01282
-0.01318
-0.01349
-0.01404
-0.01419
-0.01480
-0.01498
-0.01544
-0.01584
-0.01608
-0.01669
-0.01669
-0.01740
-0.01761
-0.01810
-0.01834
-0.01874
-0.01904
-0.01941
-0.01981
-0.02002
-0.02042
-0.02072
-0.02109
-0.02133
-0.02170
-0.02191
-0.02222
-0.02246
-0.02277
-0.02286
-0.02319
-0.02325
-0.02353
-0.02371
-0.02386
-0.02405
-0.02420
-0.02438
-0.02451
-0.02463
-0.02472
-0.02481
-0.02490
-0.02502
-0.02484
-0.02502
-0.02481
-0.02469
-0.02472
-0.02423
-0.02429
-0.02380
-0.02371
-0.02310
-0.02310
-0.02231
-0.02219
-0.02164
-0.02115
-0.02051
-0.01999
-0.01947
-0.01874
-0.01843
-0.01730
-0.01724
-0.01596
-0.01578
-0.01462
-0.01410
-0.01324
-0.01239
-0.01184
-0.01083
-0.01016
-0.00937
-0.00864
-0.00787
-0.00708
-0.00647
-0.00555
-0.00510
-0.00415
-0.00366
-0.00275
-0.00217
-0.00128
-0.00070
0.00009
0.00070
0.00150
0.00211
0.00284
0.00345
0.00412
0.00473
0.00537
0.00601
0.00665
0.00714
0.00797
0.00827
0.00916
0.00937
0.01025
0.01068
0.01123
0.01187
0.01227
0.01294
0.01334
0.01389
0.01431
0.01489
0.01514
0.01584
0.01596
0.01657
0.01685
0.01706
0.01770
0.01770
0.01834
0.01825
0.01871
0.01892
0.01913
0.01959
0.01968
0.02008
0.02042
0.02045
0.02100
0.02097
0.02145
0.02130
0.02173
0.02170
0.02182
0.02194
0.02194
0.02191
0.02209
0.02200
0.02206
0.02209
0.02209
0.02200
0.02225
0.02188
0.02219
0.02173
0.02191
0.02161
0.02142
0.02136
0.02097
0.02084
0.02048
0.02005
0.02002
0.01959
0.01956
0.01910
0.01901
0.01862
0.01828
0.01794
0.01730
0.01706
0.01636
0.01608
0.01544
0.01495
0.01453
0.01404
0.01349
0.01306
0.01263
0.01208
0.01175
0.01129
0.01093
0.01047
0.01019
0.00952
0.00949
0.00891
0.00873
0.00836
0.00812
0.00787
0.00751
0.00732
0.00702
0.00693
0.00650
0.00644
0.00586
0.00586
0.00516
0.00504
0.00449
0.00412
0.00360
0.00320
0.00256
0.00226
0.00137
0.00119
0.00009
0.00000
-0.00113
-0.00143
-0.00235
-0.00314
-0.00363
-0.00461
-0.00504
-0.00616
-0.00656
-0.00772
-0.00827
-0.00922
-0.00998
-0.01071
-0.01163
-0.01205
-0.01315
-0.01346
-0.01428
-0.01480
-0.01550
-0.01596
-0.01657
-0.01694
-0.01761
-0.01807
-0.01837
-0.01904
-0.01923
-0.01971
-0.02020
-0.02017
-0.02078
-0.02081
-0.02109
-0.02133
-0.02133
-0.02148
-0.02158
-0.02176
-0.02158
-0.02182
-0.02161
-0.02158
-0.02155
-0.02142
-0.02127
-0.02124
-0.02100
-0.02094
-0.02066
-0.02051
-0.02036
-0.01999
-0.01996
-0.01947
-0.01953
-0.01889
-0.01883
-0.01846
-0.01801
-0.01791
-0.01727
-0.01709
-0.01648
-0.01645
-0.01569
-0.01566
-0.01505
-0.01483
-0.01450
-0.01419
-0.01376
-0.01358
-0.01318
-0.01294
-0.01257
-0.01236
-0.01202
-0.01184
-0.01141
-0.01132
-0.01089
-0.01068
-0.01038
-0.01010
-0.00980
-0.00964
-0.00919
-0.00894
-0.00864
-0.00833
-0.00815
-0.00769
-0.00754
-0.00699
-0.00687
-0.00653
-0.00607
-0.00595
-0.00543
-0.00516
-0.00476
-0.00433
-0.00412
-0.00354
-0.00320
-0.00284
-0.00229
-0.00201
-0.00153
-0.00113
-0.00064
-0.00018
0.00031
0.00064
0.00122
0.00168
0.00223
0.00272
0.00314
0.00372
0.00412
0.00461
0.00507
0.00558
0.00598
0.00659
0.00671
0.00751
0.00757
0.00821
0.00836
0.00900
0.00916
0.00974
0.00998
0.01028
0.01062
0.01108
0.01132
0.01184
0.01199
0.01254
0.01257
0.01324
0.01340
0.01379
0.01422
0.01447
0.01489
0.01523
0.01553
0.01605
0.01614
0.01678
0.01688
0.01749
0.01767
0.01801
0.01840
0.01840
0.01907
0.01889
0.01941
0.01953
0.01959
0.01993
0.01990
0.02002
0.02017
0.02002
0.02020
0.01999
0.02008
0.01996
0.01984
0.01959
0.01947
0.01923
0.01895
0.01871
0.01837
0.01797
0.01788
0.01746
0.01727
0.01678
0.01672
0.01611
0.01599
0.01550
0.01517
0.01495
0.01434
0.01413
0.01361
0.01324
0.01273
0.01248
0.01196
0.01147
0.01135
0.01050
0.01050
0.00970
0.00943
0.00891
0.00851
0.00797
0.00745
0.00690
0.00626
0.00574
0.00522
0.00464
0.00409
0.00354
0.00296
0.00241
0.00189
0.00162
0.00104
0.00046
-0.00009
-0.00082
-0.00128
-0.00195
-0.00262
-0.00290
-0.00372
-0.00375
-0.00452
-0.00479
-0.00522
-0.00574
-0.00610
-0.00650
-0.00705
-0.00726
-0.00784
-0.00833
-0.00848
-0.00925
-0.00931
-0.01007
-0.01031
-0.01071
-0.01129
-0.01157
-0.01208
-0.01257
-0.01266
-0.01334
-0.01340
-0.01392
-0.01413
-0.01447
-0.01480
-0.01508
-0.01529
-0.01553
-0.01572
-0.01593
-0.01611
-0.01605
-0.01633
-0.01617
-0.01639
-0.01614
-0.01624
-0.01624
-0.01605
-0.01617
-0.01593
-0.01590
-0.01587
-0.01566
-0.01563
-0.01547
-0.01538
-0.01523
-0.01511
-0.01495
-0.01468
-0.01459
-0.01431
-0.01419
-0.01404
-0.01370
-0.01358
-0.01340
-0.01318
-0.01291
-0.01297
-0.01263
-0.01260
-0.01245
-0.01224
-0.01224
-0.01190
-0.01187
-0.01157
-0.01160
-0.01123
-0.01120
-0.01074
-0.01068
-0.01022
-0.01013
-0.00970
-0.00943
-0.00916
-0.00873
-0.00848
-0.00803
-0.00781
-0.00735
-0.00717
-0.00671
-0.00638
-0.00592
-0.00574
-0.00516
-0.00494
-0.00446
-0.00412
-0.00375
-0.00317
-0.00296
-0.00241
-0.00198
-0.00156
-0.00104
-0.00082
-0.00006
-0.00006
0.00067
0.00067
0.00134
0.00137
0.00177
0.00201
0.00232
0.00256
0.00284
0.00320
0.00327
0.00388
0.00397
0.00433
0.00470
0.00491
0.00540
0.00549
0.00586
0.00616
0.00616
0.00665
0.00653
0.00674
0.00687
0.00665
0.00693
0.00693
0.00677
0.00720
0.00696
0.00739
0.00729
0.00751
0.00769
0.00784
0.00806
0.00821
0.00848
0.00867
0.00888
0.00909
0.00934
0.00949
0.00977
0.00992
0.01019
0.01038
0.01041
0.01086
0.01077
0.01126
0.01111
0.01144
0.01160
0.01157
0.01187
0.01181
0.01221
0.01212
0.01257
0.01224
0.01285
0.01254
0.01294
0.01297
0.01306
0.01328
0.01340
0.01349
0.01367
0.01358
0.01404
0.01376
0.01422
0.01398
0.01428
0.01416
0.01428
0.01416
0.01416
0.01431
0.01404
0.01428
0.01392
0.01407
0.01385
0.01389
0.01364
0.01361
0.01340
0.01312
0.01300
0.01260
0.01245
0.01199
0.01190
0.01126
0.01120
0.01059
0.01028
0.00992
0.00925
0.00912
0.00833
0.00830
0.00732
0.00739
0.00650
0.00644
0.00549
0.00562
0.00458
0.00464
0.00388
0.00348
0.00287
0.00259
0.00180
0.00153
0.00085
0.00040
-0.00012
-0.00064
-0.00116
-0.00186
-0.00220
-0.00299
-0.00333
-0.00406
-0.00439
-0.00510
-0.00549
-0.00601
-0.00653
-0.00693
-0.00739
-0.00781
-0.00818
-0.00873
-0.00891
-0.00943
-0.00974
-0.01016
-0.01044
-0.01093
-0.01111
-0.01169
-0.01202
-0.01221
-0.01285
-0.01291
-0.01370
-0.01389
-0.01443
-0.01483
-0.01511
-0.01575
-0.01569
-0.01651
-0.01657
-0.01706
-0.01697
-0.01727
-0.01727
-0.01752
-0.01758
-0.01770
-0.01782
-0.01794
-0.01810
-0.01810
-0.01825
-0.01819
-0.01837
-0.01816
-0.01834
-0.01797
-0.01816
-0.01779
-0.01773
-0.01736
-0.01724
-0.01694
-0.01666
-0.01620
-0.01593
-0.01538
-0.01514
-0.01440
-0.01431
-0.01358
-0.01324
-0.01254
-0.01224
-0.01154
-0.01123
-0.01047
-0.01007
-0.00934
-0.00894
-0.00818
-0.00790
-0.00693
-0.00671
-0.00598
-0.00537
-0.00479
-0.00439
-0.00351
-0.00342
-0.00256
-0.00226
-0.00186
-0.00128
-0.00098
-0.00055
-0.00009
0.00003
0.00052
0.00070
0.00098
0.00125
0.00153
0.00171
0.00214
0.00217
0.00250
0.00259
0.00287
0.00308
0.00323
0.00345
0.00363
0.00369
0.00375
0.00388
0.00391
0.00400
0.00412
0.00403
0.00433
0.00406
0.00452
0.00427
0.00464
0.00452
0.00476
0.00476
0.00504
0.00504
0.00540
0.00537
0.00574
0.00580
0.00620
0.00620
0.00662
0.00674
0.00708
0.00723
0.00751
0.00775
0.00803
0.00821
0.00845
0.00854
0.00888
0.00897
0.00925
0.00925
0.00949
0.00949
0.00964
0.00986
0.00983
0.01013
0.01004
0.01053
0.01035
0.01071
0.01071
0.01086
0.01102
0.01117
0.01120
0.01151
0.01123
0.01169
0.01129
0.01175
0.01132
0.01172
0.01135
0.01154
0.01123
0.01132
0.01105
0.01120
0.01080
0.01074
0.01065
0.01031
0.01028
0.00992
0.00983
0.00946
0.00928
0.00909
0.00873
0.00858
0.00809
0.00803
0.00751
0.00735
0.00702
0.00674
0.00632
0.00601
0.00574
0.00531
0.00516
0.00476
0.00446
0.00412
0.00400
0.00342
0.00348
0.00308
0.00275
0.00284
0.00226
0.00226
0.00211
0.00165
0.00186
0.00143
0.00137
0.00134
0.00104
0.00113
0.00085
0.00098
0.00064
0.00073
0.00049
0.00046
0.00024
0.00024
0.00003
-0.00003
-0.00009
-0.00034
-0.00043
-0.00064
-0.00058
-0.00101
-0.00095
-0.00134
-0.00143
-0.00162
-0.00186
-0.00201
-0.00238
-0.00241
-0.00293
-0.00281
-0.00348
-0.00336
-0.00397
-0.00400
-0.00433
-0.00479
-0.00473
-0.00540
-0.00531
-0.00580
-0.00592
-0.00635
-0.00635
-0.00690
-0.00690
-0.00729
-0.00723
-0.00766
-0.00772
-0.00787
-0.00793
-0.00790
-0.00809
-0.00818
-0.00815
-0.00830
-0.00824
-0.00854
-0.00836
-0.00876
-0.00854
-0.00900
-0.00876
-0.00922
-0.00903
-0.00937
-0.00928
-0.00967
-0.00958
-0.00967
-0.01010
-0.00986
-0.01028
-0.01028
-0.01035
-0.01065
-0.01056
-0.01074
-0.01080
-0.01096
-0.01089
-0.01111
-0.01093
-0.01108
-0.01108
-0.01093
-0.01089
-0.01077
-0.01071
-0.01041
-0.01038
-0.00989
-0.00967
-0.00946
-0.00903
-0.00870
-0.00836
-0.00784
-0.00748
-0.00720
-0.00681
-0.00656
-0.00629
-0.00595
-0.00577
-0.00510
-0.00497
-0.00446
-0.00409
-0.00366
-0.00320
-0.00284
-0.00238
-0.00208
-0.00159
-0.00140
-0.00101
-0.00052
-0.00034
0.00015
0.00027
0.00070
0.00095
0.00134
0.00146
0.00186
0.00204
0.00235
0.00253
0.00299
0.00293
0.00345
0.00354
0.00378
0.00418
0.00415
0.00455
0.00455
0.00485
0.00488
0.00522
0.00531
0.00528
0.00574
0.00558
0.00580
0.00589
0.00592
0.00595
0.00610
0.00601
0.00610
0.00610
0.00620
0.00616
0.00620
0.00629
0.00623
0.00641
0.00641
0.00635
0.00650
0.00656
0.00662
0.00668
0.00665
0.00690
0.00674
0.00705
0.00681
0.00711
0.00687
0.00699
0.00699
0.00696
0.00699
0.00693
0.00687
0.00690
0.00687
0.00668
0.00684
0.00650
0.00656
0.00638
0.00632
0.00626
0.00604
0.00607
0.00592
0.00574
0.00580
0.00543
0.00555
0.00534
0.00537
0.00513
0.00525
0.00500
0.00522
0.00494
0.00500
0.00497
0.00507
0.00494
0.00494
0.00488
0.00476
0.00494
0.00476
0.00470
0.00467
0.00458
0.00455
0.00455
0.00436
0.00443
0.00424
0.00436
0.00412
0.00427
0.00400
0.00412
0.00394
0.00391
0.00381
0.00391
0.00360
0.00375
0.00339
0.00366
0.00333
0.00345
0.00333
0.00333
0.00314
0.00311
0.00293
0.00284
0.00269
0.00253
0.00235
0.00217
0.00201
0.00183
0.00159
0.00156
0.00116
0.00116
0.00095
0.00073
0.00049
0.00043
0.00012
0.00003
-0.00024
-0.00058
-0.00061
-0.00107
-0.00107
-0.00153
-0.00153
-0.00201
-0.00192
-0.00244
-0.00241
-0.00269
-0.00302
-0.00305
-0.00342
-0.00345
-0.00381
-0.00397
-0.00427
-0.00461
-0.00467
-0.00525
-0.00516
-0.00598
-0.00580
-0.00647
-0.00659
-0.00681
-0.00717
-0.00735
-0.00760
-0.00787
-0.00793
-0.00821
-0.00842
-0.00851
-0.00885
-0.00885
-0.00903
-0.00925
-0.00934
-0.00949
-0.00967
-0.00946
-0.00980
-0.00955
-0.00980
-0.00949
-0.00980
-0.00943
-0.00967
-0.00940
-0.00940
-0.00937
-0.00916
-0.00916
-0.00894
-0.00888
-0.00876
-0.00854
-0.00839
-0.00827
-0.00806
-0.00809
-0.00772
-0.00760
-0.00739
-0.00723
-0.00705
-0.00687
-0.00671
-0.00653
-0.00644
-0.00623
-0.00613
-0.00601
-0.00586
-0.00574
-0.00558
-0.00558
-0.00525
-0.00537
-0.00500
-0.00504
-0.00476
-0.00473
-0.00464
-0.00430
-0.00436
-0.00394
-0.00397
-0.00360
-0.00351
-0.00320
-0.00305
-0.00293
-0.00259
-0.00241
-0.00229
-0.00180
-0.00192
-0.00137
-0.00140
-0.00098
-0.00089
-0.00052
-0.00034
-0.00003
0.00024
0.00021
0.00082
0.00070
0.00125
0.00125
0.00159
0.00180
0.00198
0.00214
0.00244
0.00259
0.00296
0.00327
0.00357
0.00391
0.00421
0.00439
0.00482
0.00476
0.00540
0.00519
0.00565
0.00565
0.00592
0.00607
0.00613
0.00632
0.00641
0.00659
0.00656
0.00681
0.00674
0.00702
0.00690
0.00711
0.00699
0.00726
0.00720
0.00723
0.00735
0.00732
0.00732
0.00751
0.00732
0.00726
0.00748
0.00711
0.00745
0.00720
0.00729
0.00714
0.00732
0.00708
0.00714
0.00702
0.00705
0.00693
0.00696
0.00681
0.00677
0.00677
0.00653
0.00671
0.00629
0.00656
0.00623
0.00623
0.00598
0.00604
0.00568
0.00580
0.00552
0.00522
0.00534
0.00497
0.00482
0.00476
0.00443
0.00421
0.00421
0.00378
0.00385
0.00351
0.00351
0.00311
0.00317
0.00296
0.00287
0.00272
0.00247
0.00241
0.00232
0.00204
0.00217
0.00177
0.00177
0.00177
0.00143
0.00156
0.00137
0.00125
0.00122
0.00101
0.00113
0.00085
0.00092
0.00079
0.00076
0.00067
0.00070
0.00055
0.00049
0.00037
0.00043
0.00021
0.00034
0.00000
0.00018
-0.00021
-0.00006
-0.00037
-0.00027
-0.00046
-0.00064
-0.00064
-0.00085
-0.00079
-0.00116
-0.00104
-0.00128
-0.00131
-0.00159
-0.00143
-0.00201
-0.00168
-0.00232
-0.00198
-0.00241
-0.00256
-0.00256
-0.00293
-0.00284
-0.00314
-0.00336
-0.00330
-0.00366
-0.00360
-0.00400
-0.00400
-0.00421
-0.00433
-0.00455
-0.00467
-0.00488
-0.00488
-0.00516
-0.00531
-0.00537
-0.00558
-0.00562
-0.00583
-0.00589
-0.00598
-0.00620
-0.00629
-0.00626
-0.00650
-0.00644
-0.00656
-0.00671
-0.00659
-0.00674
-0.00671
-0.00684
-0.00674
-0.00693
-0.00671
-0.00690
-0.00684
-0.00687
-0.00693
-0.00687
-0.00699
-0.00690
-0.00702
-0.00705
-0.00699
-0.00711
-0.00687
-0.00705
-0.00681
-0.00681
-0.00671
-0.00665
-0.00641
-0.00656
-0.00607
-0.00632
-0.00586
-0.00592
-0.00568
-0.00562
-0.00549
-0.00522
-0.00528
-0.00479
-0.00500
-0.00449
-0.00461
-0.00415
-0.00415
-0.00388
-0.00372
-0.00348
-0.00336
-0.00302
-0.00302
-0.00247
-0.00256
-0.00208
-0.00192
-0.00156
-0.00143
-0.00089
-0.00104
-0.00040
-0.00037
-0.00003
0.00018
0.00040
0.00061
0.00082
0.00095
0.00134
0.00125
0.00168
0.00168
0.00189
0.00201
0.00226
0.00229
0.00250
0.00262
0.00269
0.00296
0.00290
0.00302
0.00314
0.00317
0.00342
0.00345
0.00354
0.00369
0.00372
0.00397
0.00403
0.00409
0.00436
0.00439
0.00458
0.00467
0.00479
0.00497
0.00500
0.00519
0.00525
0.00543
0.00552
0.00549
0.00552
0.00571
0.00571
0.00589
0.00586
0.00592
0.00601
0.00607
0.00620
0.00623
0.00635
0.00632
0.00641
0.00650
0.00656
0.00644
0.00659
0.00620
0.00644
0.00616
0.00601
0.00616
0.00577
0.00577
0.00583
0.00549
0.00571
0.00558
0.00543
0.00558
0.00531
0.00543
0.00525
0.00522
0.00516
0.00497
0.00497
0.00485
0.00473
0.00473
0.00446
0.00443
0.00424
0.00418
0.00400
0.00381
0.00366
0.00357
0.00333
0.00320
0.00296
0.00284
0.00256
0.00229
0.00220
0.00177
0.00168
0.00131
0.00107
0.00085
0.00046
0.00034
-0.00012
-0.00018
0.00000
0.00000
0.00000
0.00000
0.00000
0.00000
0.00000
0.00000
0.00000
0.00000
0.00000
0.00000
0.00000
0.00000
0.00000
0.00000
0.00000
0.00000
0.00000
0.00000
0.00000
0.00000
0.00000
0.00000
0.00000
0.00000
0.00000
0.00000
0.00000
0.00000
0.00000
0.00000
0.00000
0.00000
0.00000
0.00000
0.00000
0.00000
0.00000
0.00000
0.00000
0.00000
0.00000
0.00000
0.00000
0.00000
0.00000
0.00000
0.00000
0.00000
0.00000
0.00000
0.00000
0.00000
0.00000
0.00000
0.00000
0.00000
0.00000
0.00000
0.00000
0.00000
0.00000
0.00000
0.00000
0.00000
0.00000
0.00000
0.00000
0.00000
0.00000
0.00000
0.00000
0.00000
0.00000
0.00000
0.00000
0.00000
0.00000
0.00000
0.00000
0.00000
0.00000
0.00000
0.00000
0.00000
0.00000
0.00000
0.00000
0.00000
0.00000
0.00000
0.00000
0.00000
0.00000
0.00000
0.00000
0.00000
0.00000
0.00000
0.00000
0.00000
0.00000
0.00000
0.00000
0.00000
0.00000
0.00000
0.00000
0.00000
0.00000
0.00000
0.00000
0.00000
0.00000
0.00000
0.00000
0.00000
0.00000
0.00000
0.00000
0.00000
0.00000
0.00000
0.00000
0.00000
0.00000
0.00000
0.00000
0.00000
0.00000
0.00000
0.00000
0.00000
0.00000
0.00000
0.00000
0.00000
0.00000
0.00000
0.00000
0.00000
0.00000
0.00000
0.00000
0.00000
0.00000
0.00000
0.00000
0.00000
0.00000
0.00000
0.00000
0.00000
0.00000
0.00000
0.00000
0.00000
0.00000
0.00000
0.00000
0.00000
0.00000
0.00000
0.00000
0.00000
0.00000
0.00000
0.00000
0.00000
0.00000
0.00000
0.00000
0.00000
0.00000
0.00000
0.00000
0.00000
0.00000
0.00000
0.00000
0.00000
0.00000
0.00000
0.00000
0.00000
0.00000
0.00000
0.00000
0.00000
0.00000
0.00000
0.00000
0.00000
0.00000
0.00000
0.00000
0.00000
0.00000
0.00000
0.00000
0.00000
0.00000
0.00000
0.00000
0.00000
0.00000
0.00000
0.00000
0.00000
0.00000
0.00000
0.00000
0.00000
0.00000
0.00000
0.00000
0.00000
0.00000
0.00000
0.00000
0.00000
0.00000
0.00000
0.00000
0.00000
0.00000
0.00000
0.00000
0.00000
0.00000
0.00000
0.00000
0.00000
0.00000
0.00000
0.00000
0.00000
0.00000
0.00000
0.00000
0.00000
0.00000
0.00000
0.00000
0.00000
0.00000
0.00000
0.00000
0.00000
0.00000
0.00000
0.00000
0.00000
0.00000
0.00000
0.00000
0.00000
0.00000
0.00000
0.00000
0.00000
0.00000
0.00000
0.00000
0.00000
0.00000
0.00000
0.00000
0.00000
0.00000
0.00000
0.00000
0.00000
0.00000
0.00000
0.00000
0.00000
0.00000
0.00000
0.00000
0.00000
0.00000
0.00000
0.00000
0.00000
0.00000
0.00000
0.00000
0.00000
0.00000
0.00000
0.00000
0.00000
0.00000
0.00000
0.00000
0.00000
0.00000
0.00000
0.00000
0.00000
0.00000
0.00000
0.00000
0.00000
0.00000
0.00000
0.00000
0.00000
0.00000
0.00000
0.00000
0.00000
0.00000
0.00000
0.00000
0.00000
0.00000
0.00000
0.00000
0.00000
0.00000
0.00000
0.00000
0.00000
0.00000
0.00000
0.00000
0.00000
0.00000
0.00000
0.00000
0.00000
0.00000
0.00000
0.00000
0.00000
0.00000
0.00000
0.00000
0.00000
0.00000
0.00000
0.00000
0.00000
0.00000
0.00000
0.00000
0.00000
0.00000
0.00000
0.00000
0.00000
0.00000
0.00000
0.00000
0.00000
0.00000
0.00000
0.00000
0.00000
0.00000
0.00000
0.00000
0.00000
0.00000
0.00000
0.00000
0.00000
0.00000
0.00000
0.00000
0.00000
0.00000
0.00000
0.00000
0.00000
0.00000
0.00000
0.00000
0.00000
0.00000
0.00000
0.00000
0.00000
0.00000
0.00000
0.00000
0.00000
0.00000
0.00000
0.00000
0.00000
0.00000
0.00000
0.00000
0.00000
0.00000
0.00000
0.00000
0.00000
0.00000
0.00000
0.00000
0.00000
0.00000
0.00000
0.00000
0.00000
0.00000
0.00000
0.00000
0.00000
0.00000
0.00000
0.00000
0.00000
0.00000
0.00000
0.00000
0.00000
0.00000
0.00000
0.00000
0.00000
0.00000
0.00000
0.00000
0.00000
0.00000
0.00000
0.00000
0.00000
0.00000
0.00000
0.00000
0.00000
0.00000
0.00000
0.00000
0.00000
0.00000
0.00000
0.00000
0.00000
0.00000
0.00000
0.00000
0.00000
0.00000
0.00000
0.00000
0.00000
0.00000
0.00000
0.00000
0.00000
0.00000
0.00000
0.00000
0.00000
0.00000
0.00000
0.00000
0.00000
0.00000
0.00000
0.00000
0.00000
0.00000
0.00000
0.00000
0.00000
0.00000
0.00000
0.00000
0.00000
0.00000
0.00000
0.00000
0.00000
0.00000
0.00000
0.00000
0.00000
0.00000
0.00000
0.00000
0.00000
0.00000
0.00000
0.00000
0.00000
0.00000
0.00000
0.00000
0.00000
0.00000
0.00000
0.00000
0.00000
0.00000
0.00000
0.00000
0.00000
0.00000
0.00000
0.00000
0.00000
0.00000
0.00000
0.00000
0.00000
0.00000
0.00000
0.00000
0.00000
0.00000
0.00000
0.00000
0.00000
0.00000
0.00000
0.00000
0.00000
0.00000
0.00000
0.00000
0.00000
0.00000
0.00000
0.00000
0.00000
0.00000
0.00000
0.00000
0.00000
0.00000
0.00000
0.00000
0.00000
0.00000
0.00000
0.00000
0.00000
0.00000
0.00000
0.00000
0.00000
0.00000
0.00000
0.00000
0.00000
0.00000
0.00000
0.00000
0.00000
0.00000
0.00000
0.00000
0.00000
0.00000
0.00000
0.00000
0.00000
0.00000
0.00000
0.00000
0.00000
0.00000
0.00000
0.00000
0.00000
0.00000
0.00000
0.00000
0.00000
0.00000
0.00000
0.00000
0.00000
0.00000
0.00000
0.00000
0.00000
0.00000
0.00000
0.00000
0.00000
0.00000
0.00000
0.00000
0.00000
0.00000
0.00000
0.00000
0.00000
0.00000
0.00000
0.00000
0.00000
0.00000
0.00000
0.00000
0.00000
0.00000
0.00000
0.00000
0.00000
0.00000
0.00000
0.00000
0.00000
0.00000
0.00000
0.00000
0.00000
0.00000
0.00000
0.00000
0.00000
0.00000
0.00000
0.00000
0.00000
0.00000
0.00000
0.00000
0.00000
0.00000
0.00000
0.00000
0.00000
0.00000
0.00000
0.00000
0.00000
0.00000
0.00000
0.00000
0.00000
0.00000
0.00000
0.00000
0.00000
0.00000
0.00000
0.00000
0.00000
0.00000
0.00000
0.00000
0.00000
0.00000
0.00000
0.00000
0.00000
0.00000
0.00000
0.00000
0.00000
0.00000
0.00000
0.00000
0.00000
0.00000
0.00000
0.00000
0.00000
0.00000
0.00000
0.00000
0.00000
0.00000
0.00000
0.00000
0.00000
0.00000
0.00000
0.00000
0.00000
0.00000
0.00000
0.00000
0.00000
0.00000
0.00000
0.00000
0.00000
0.00000
0.00000
0.00000
0.00000
0.00000
0.00000
0.00000
0.00000
0.00000
0.00000
0.00000
0.00000
0.00000
0.00000
0.00000
0.00000
0.00000
0.00000
0.00000
0.00000
0.00000
0.00000
0.00000
0.00000
0.00000
0.00000
0.00000
0.00000
0.00000
0.00000
0.00000
0.00000
0.00000
0.00000
0.00000
0.00000
0.00000
0.00000
0.00000
0.00000
0.00000
0.00000
0.00000
0.00000
0.00000
0.00000
0.00000
0.00000
0.00000
0.00000
0.00000
0.00000
0.00000
0.00000
0.00000
0.00000
0.00000
0.00000
0.00000
0.00000
0.00000
0.00000
0.00000
0.00000
0.00000
0.00000
0.00000
0.00000
0.00000
0.00000
0.00000
0.00000
0.00000
0.00000
0.00000
0.00000
0.00000
0.00000
0.00000
0.00000
0.00000
0.00000
0.00000
0.00000
0.00000
0.00000
0.00000
0.00000
0.00000
0.00000
0.00000
0.00000
0.00000
0.00000
0.00000
0.00000
0.00000
0.00000
0.00000
0.00000
0.00000
0.00000
0.00000
0.00000
0.00000
0.00000
0.00000
0.00000
0.00000
0.00000
0.00000
0.00000
0.00000
0.00000
0.00000
0.00000
0.00000
0.00000
0.00000
0.00000
0.00000
0.00000
0.00000
0.00000
0.00000
0.00000
0.00000
0.00000
0.00000
0.00000
0.00000
0.00000
0.00000
0.00000
0.00000
0.00000
0.00000
0.00000
0.00000
0.00000
0.00000
0.00000
0.00000
0.00000
0.00000
0.00000
0.00000
0.00000
0.00000
0.00000
0.00000
0.00000
0.00000
0.00000
0.00000
0.00000
0.00000
0.00000
0.00000
0.00000
0.00000
0.00000
0.00000
0.00000
0.00000
0.00000
0.00000
0.00000
0.00000
0.00000
0.00000
0.00000
0.00000
0.00000
0.00000
0.00000
0.00000
0.00000
0.00000
0.00000
0.00000
0.00000
0.00000
0.00000
0.00000
0.00000
0.00000
0.00000
0.00000
0.00000
0.00000
0.00000
0.00000
0.00000
0.00000
0.00000
0.00000
0.00000
0.00000
0.00000
0.00000
0.00000
0.00000
0.00000
0.00000
0.00000
0.00000
0.00000
0.00000
0.00000
0.00000
0.00000
0.00000
0.00000
0.00000
0.00000
0.00000
0.00000
0.00000
0.00000
0.00000
0.00000
0.00000
0.00000
0.00000
0.00000
0.00000
0.00000
0.00000
0.00000
0.00000
0.00000
0.00000
0.00000
0.00000
0.00000
0.00000
0.00000
0.00000
0.00000
0.00000
0.00000
0.00000
0.00000
0.00000
0.00000
0.00000
0.00000
0.00000
0.00000
0.00000
0.00000
0.00000
0.00000
0.00000
0.00000
0.00000
0.00000
0.00000
0.00000
0.00000
0.00000
0.00000
0.00000
0.00000
0.00000
0.00000
0.00000
0.00000
0.00000
0.00000
0.00000
0.00000
0.00000
0.00000
0.00000
0.00000
0.00000
0.00000
0.00000
0.00000
0.00000
0.00000
0.00000
0.00000
0.00000
0.00000
0.00000
0.00000
0.00000
0.00000
0.00000
0.00000
0.00000
0.00000
0.00000
0.00000
0.00000
0.00000
0.00000
0.00000
0.00000
0.00000
0.00000
0.00000
0.00000
0.00000
0.00000
0.00000
0.00000
0.00000
0.00000
0.00000
0.00000
0.00000
0.00000
0.00000
0.00000
0.00000
0.00000
0.00000
0.00000
0.00000
0.00000
0.00000
0.00000
0.00000
0.00000
0.00000
0.00000
0.00000
0.00000
0.00000
0.00000
0.00000
0.00000
0.00000
0.00000
0.00000
0.00000
0.00000
0.00000
0.00000
0.00000
0.00000
0.00000
0.00000
0.00000
0.00000
0.00000
0.00000
0.00000
0.00000
0.00000
0.00000
0.00000
0.00000
0.00000
0.00000
0.00000
0.00000
0.00000
0.00000
0.00000
0.00000
0.00000
0.00000
0.00000
0.00000
0.00000
0.00000
0.00000
0.00000
0.00000
0.00000
0.00000
0.00000
0.00000
0.00000
0.00000
0.00000
0.00000
0.00000
0.00000
0.00000
0.00000
0.00000
0.00000
0.00000
0.00000
0.00000
0.00000
0.00000
0.00000
0.00000
0.00000
0.00000
0.00000
0.00000
0.00000
0.00000
0.00000
0.00000
0.00000
0.00000
0.00000
0.00000
0.00000
0.00000
0.00000
0.00000
0.00000
0.00000
0.00000
0.00000
0.00000
0.00000
0.00000
0.00000
0.00000
0.00000
0.00000
0.00000
0.00000
0.00000
0.00000
0.00000
0.00000
0.00000
0.00000
0.00000
0.00000
0.00000
0.00000
0.00000
0.00000
0.00000
0.00000
0.00000
0.00000
0.00000
0.00000
0.00000
0.00000
0.00000
0.00000
0.00000
0.00000
0.00000
0.00000
0.00000
0.00000
0.00000
0.00000
0.00000
0.00000
0.00000
0.00000
0.00000
0.00000
0.00000
0.00000
0.00000
0.00000
0.00000
0.00000
0.00000
0.00000
0.00000
0.00000
0.00000
0.00000
0.00000
0.00000
0.00000
0.00000
0.00000
0.00000
0.00000
0.00000
0.00000
0.00000
0.00000
0.00000
0.00000
0.00000
0.00000
0.00000
0.00000
0.00000
0.00000
0.00000
0.00000
0.00000
0.00000
0.00000
0.00000
0.00000
0.00000
0.00000
0.00000
0.00000
0.00000
0.00000
0.00000
0.00000
0.00000
0.00000
0.00000
0.00000
0.00000
0.00000
0.00000
0.00000
0.00000
0.00000
0.00000
0.00000
0.00000
0.00000
0.00000
0.00000
0.00000
0.00000
0.00000
0.00000
0.00000
0.00000
0.00000
0.00000
0.00000
0.00000
0.00000
0.00000
0.00000
0.00000
0.00000
0.00000
0.00000
0.00000
0.00000
0.00000
0.00000
0.00000
0.00000
0.00000
0.00000
0.00000
0.00000
0.00000
0.00000
0.00000
0.00000
0.00000
0.00000
0.00000
0.00000
0.00000
0.00000
0.00000
0.00000
0.00000
0.00000
0.00000
0.00000
0.00000
0.00000
0.00000
0.00000
0.00000
0.00000
0.00000
0.00000
0.00000
0.00000
0.00000
0.00000
0.00000
0.00000
0.00000
0.00000
0.00000
0.00000
0.00000
0.00000
0.00000
0.00000
0.00000
0.00000
0.00000
0.00000
0.00000
0.00000
0.00000
0.00000
0.00000
0.00000
0.00000
0.00000
0.00000
0.00000
0.00000
0.00000
0.00000
0.00000
0.00000
0.00000
0.00000
0.00000
0.00000
0.00000
0.00000
0.00000
0.00000
0.00000
0.00000
0.00000
0.00000
0.00000
0.00000
0.00000
0.00000
0.00000
0.00000
0.00000
0.00000
0.00000
0.00000
0.00000
0.00000
0.00000
0.00000
0.00000
0.00000
0.00000
0.00000
0.00000
0.00000
0.00000
0.00000
0.00000
0.00000
0.00000
0.00000
0.00000
0.00000
0.00000
0.00000
0.00000
0.00000
0.00000
0.00000
0.00000
0.00000
0.00000
0.00000
0.00000
0.00000
0.00000
0.00000
0.00000
0.00000
0.00000
0.00000
0.00000
0.00000
0.00000
0.00000
0.00000
0.00000
0.00000
0.00000
0.00000
0.00000
0.00000
0.00000
0.00000
0.00000
0.00000
0.00000
0.00000
0.00000
0.00000
0.00000
0.00000
0.00000
0.00000
0.00000
0.00000
0.00000
0.00000
0.00000
0.00000
0.00000
0.00000
0.00000
0.00000
0.00000
0.00000
0.00000
0.00000
0.00000
0.00000
0.00000
0.00000
0.00000
0.00000
0.00000
0.00000
0.00000
0.00000
0.00000
0.00000
0.00000
0.00000
0.00000
0.00000
0.00000
0.00000
0.00000
0.00000
0.00000
0.00000
0.00000
0.00000
0.00000
0.00000
0.00000
0.00000
0.00000
0.00000
0.00000
0.00000
0.00000
0.00000
0.00000
0.00000
0.00000
0.00000
0.00000
0.00000
0.00000
0.00000
0.00000
0.00000
0.00000
0.00000
0.00000
0.00000
0.00000
0.00000
0.00000
0.00000
0.00000
0.00000
0.00000
0.00000
0.00000
0.00000
0.00000
0.00000
0.00000
0.00000
0.00000
0.00000
0.00000
0.00000
0.00000
0.00000
0.00000
0.00000
0.00000
0.00000
0.00000
0.00000
0.00000
0.00000
0.00000
0.00000
0.00000
0.00000
0.00000
0.00000
0.00000
0.00000
0.00000
0.00000
0.00000
0.00000
0.00000
0.00000
0.00000
0.00000
0.00000
0.00000
0.00000
0.00000
0.00000
0.00000
0.00000
0.00000
0.00000
0.00000
0.00000
0.00000
0.00000
0.00000
0.00000
0.00000
0.00000
0.00000
0.00000
0.00000
0.00000
0.00000
0.00000
0.00000
0.00000
0.00000
0.00000
0.00000
0.00000
0.00000
0.00000
0.00000
0.00000
0.00000
0.00000
0.00000
0.00000
0.00000
0.00000
0.00000
0.00000
0.00000
0.00000
0.00000
0.00000
0.00000
0.00000
0.00000
0.00000
0.00000
0.00000
0.00000
0.00000
0.00000
0.00000
0.00000
0.00000
0.00000
0.00000
0.00000
0.00000
0.00000
0.00000
0.00000
0.00000
0.00000
0.00000
0.00000
0.00000
0.00000
0.00000
0.00000
0.00000
0.00000
0.00000
0.00000
0.00000
0.00000
0.00000
0.00000
0.00000
0.00000
0.00000
0.00000
0.00000
0.00000
0.00000
0.00000
0.00000
0.00000
0.00000
0.00000
0.00000
0.00000
0.00000
0.00000
0.00000
0.00000
0.00000
0.00000
0.00000
0.00000
0.00000
0.00000
0.00000
0.00000
0.00000
0.00000
0.00000
0.00000
0.00000
0.00000
0.00000
0.00000
0.00000
0.00000
0.00000
0.00000
0.00000
0.00000
0.00000
0.00000
0.00000
0.00000
0.00000
0.00000
0.00000
0.00000
0.00000
0.00000
0.00000
0.00000
0.00000
0.00000
0.00000
0.00000
0.00000
0.00000
0.00000
0.00000
0.00000
0.00000
0.00000
0.00000
0.00000
0.00000
0.00000
0.00000
0.00000
0.00000
0.00000
0.00000
0.00000
0.00000
0.00000
0.00000
0.00000
0.00000
0.00000
0.00000
0.00000
0.00000
0.00000
0.00000
0.00000
0.00000
0.00000
0.00000
0.00000
0.00000
0.00000
0.00000
0.00000
0.00000
0.00000
0.00000
0.00000
0.00000
0.00000
0.00000
0.00000
0.00000
0.00000
0.00000
0.00000
0.00000
0.00000
0.00000
0.00000
0.00000
0.00000
0.00000
0.00000
0.00000
0.00000
0.00000
0.00000
0.00000
0.00000
0.00000
0.00000
0.00000
0.00000
0.00000
0.00000
0.00000
0.00000
0.00000
0.00000
0.00000
0.00000
0.00000
0.00000
0.00000
0.00000
0.00000
0.00000
0.00000
0.00000
0.00000
0.00000
0.00000
0.00000
0.00000
0.00000
0.00000
0.00000
0.00000
0.00000
0.00000
0.00000
0.00000
0.00000
0.00000
0.00000
0.00000
0.00000
0.00000
0.00000
0.00000
0.00000
0.00000
0.00000
0.00000
0.00000
0.00000
0.00000
0.00000
0.00000
0.00000
0.00000
0.00000
0.00000
0.00000
0.00000
0.00000
0.00000
0.00000
0.00000
0.00000
0.00000
0.00000
0.00000
0.00000
0.00000
0.00000
0.00000
0.00000
0.00000
0.00000
0.00000
0.00000
0.00000
0.00000
0.00000
0.00000
0.00000
0.00000
0.00000
0.00000
0.00000
0.00000
0.00000
0.00000
0.00000
0.00000
0.00000
0.00000
0.00000
0.00000
0.00000
0.00000
0.00000
0.00000
0.00000
0.00000
0.00000
0.00000
0.00000
0.00000
0.00000
0.00000
0.00000
0.00000
0.00000
0.00000
0.00000
0.00000
0.00000
0.00000
0.00000
0.00000
0.00000
0.00000
0.00000
0.00000
0.00000
0.00000
0.00000
0.00000
0.00000
0.00000
0.00000
0.00000
0.00000
0.00000
0.00000
0.00000
0.00000
0.00000
0.00000
0.00000
0.00000
0.00000
0.00000
0.00000
0.00000
0.00000
0.00000
0.00000
0.00000
0.00000
0.00000
0.00000
0.00000
0.00000
0.00000
0.00000
0.00000
0.00000
0.00000
0.00000
0.00000
0.00000
0.00000
0.00000
0.00000
0.00000
0.00000
0.00000
0.00000
0.00000
0.00000
0.00000
0.00000
0.00000
0.00000
0.00000
0.00000
0.00000
0.00000
0.00000
0.00000
0.00000
0.00000
0.00000
0.00000
0.00000
0.00000
0.00000
0.00000
0.00000
0.00000
0.00000
0.00000
0.00000
0.00000
0.00000
0.00000
0.00000
0.00000
0.00000
0.00000
0.00000
0.00000
0.00000
0.00000
0.00000
0.00000
0.00000
0.00000
0.00000
0.00000
0.00000
0.00000
0.00000
0.00000
0.00000
0.00000
0.00000
0.00000
0.00000
0.00000
0.00000
0.00000
0.00000
0.00000
0.00000
0.00000
0.00000
0.00000
0.00000
0.00000
0.00000
0.00000
0.00000
0.00000
0.00000
0.00000
0.00000
0.00000
0.00000
0.00000
0.00000
0.00000
0.00000
0.00000
0.00000
0.00000
0.00000
0.00000
0.00000
0.00000
0.00000
0.00000
0.00000
0.00000
0.00000
0.00000
0.00000
0.00000
0.00000
0.00000
0.00000
0.00000
0.00000
0.00000
0.00000
0.00000
0.00000
0.00000
0.00000
0.00000
0.00000
0.00000
0.00000
0.00000
0.00000
0.00000
0.00000
0.00000
0.00000
0.00000
0.00000
0.00000
0.00000
0.00000
0.00000
0.00000
0.00000
0.00000
0.00000
0.00000
0.00000
0.00000
0.00000
0.00000
0.00000
0.00000
0.00000
0.00000
0.00000
0.00000
0.00000
0.00000
0.00000
0.00000
0.00000
0.00000
0.00000
0.00000
0.00000
0.00000
0.00000
0.00000
0.00000
0.00000
0.00000
0.00000
0.00000
0.00000
0.00000
0.00000
0.00000
0.00000
0.00000
0.00000
0.00000
0.00000
0.00000
0.00000
0.00000
0.00000
0.00000
0.00000
0.00000
0.00000
0.00000
0.00000
0.00000
0.00000
0.00000
0.00000
0.00000
0.00000
0.00000
0.00000
0.00000
0.00000
0.00000
0.00000
0.00000
0.00000
0.00000
0.00000
0.00000
0.00000
0.00000
0.00000
0.00000
0.00000
0.00000
0.00000
0.00000
0.00000
0.00000
0.00000
0.00000
0.00000
0.00000
0.00000
0.00000
0.00000
0.00000
0.00000
0.00000
0.00000
0.00000
0.00000
0.00000
0.00000
0.00000
0.00000
0.00000
0.00000
0.00000
0.00000
0.00000
0.00000
0.00000
0.00000
0.00000
0.00000
0.00000
0.00000
0.00000
0.00000
0.00000
0.00000
0.00000
0.00000
0.00000
0.00000
0.00000
0.00000
0.00000
0.00000
0.00000
0.00000
0.00000
0.00000
0.00000
0.00000
0.00000
0.00000
0.00000
0.00000
0.00000
0.00000
0.00000
0.00000
0.00000
0.00000
0.00000
0.00000
0.00000
0.00000
0.00000
0.00000
0.00000
0.00000
0.00000
0.00000
0.00000
0.00000
0.00000
0.00000
0.00000
0.00000
0.00000
0.00000
0.00000
0.00000
0.00000
0.00000
0.00000
0.00000
0.00000
0.00000
0.00000
0.00000
0.00000
0.00000
0.00000
0.00000
0.00000
0.00000
0.00000
0.00000
0.00000
0.00000
0.00000
0.00000
0.00000
0.00000
0.00000
0.00000
0.00000
0.00000
0.00000
0.00000
0.00000
0.00000
0.00000
0.00000
0.00000
0.00000
0.00000
0.00000
0.00000
0.00000
0.00000
0.00000
0.00000
0.00000
0.00000
0.00000
0.00000
0.00000
0.00000
0.00000
0.00000
0.00000
0.00000
0.00000
0.00000
0.00000
0.00000
0.00000
0.00000
0.00000
0.00000
0.00000
0.00000
0.00000
0.00000
0.00000
0.00000
0.00000
0.00000
0.00000
0.00000
0.00000
0.00000
0.00000
0.00000
0.00000
0.00000
0.00000
0.00000
0.00000
0.00000
0.00000
0.00000
0.00000
0.00000
0.00000
0.00000
0.00000
0.00000
0.00000
0.00000
0.00000
0.00000
0.00000
0.00000
0.00000
0.00000
0.00000
0.00000
0.00000
0.00000
0.00000
0.00000
0.00000
0.00000
0.00000
0.00000
0.00000
0.00000
0.00000
0.00000
0.00000
0.00000
0.00000
0.00000
0.00000
0.00000
0.00000
0.00000
0.00000
0.00000
0.00000
0.00000
0.00000
0.00000
0.00000
0.00000
0.00000
0.00000
0.00000
0.00000
0.00000
0.00000
0.00000
0.00000
0.00000
0.00000
0.00000
0.00000
0.00000
0.00000
0.00000
0.00000
0.00000
0.00000
0.00000
0.00000
0.00000
0.00000
0.00000
0.00000
0.00000
0.00000
0.00000
0.00000
0.00000
0.00000
0.00000
0.00000
0.00000
0.00000
0.00000
0.00000
0.00000
0.00000
0.00000
0.00000
0.00000
0.00000
0.00000
0.00000
0.00000
0.00000
0.00000
0.00000
0.00000
0.00000
0.00000
0.00000
0.00000
0.00000
0.00000
0.00000
0.00000
0.00000
0.00000
0.00000
0.00000
0.00000
0.00000
0.00000
0.00000
0.00000
0.00000
0.00000
0.00000
0.00000
0.00000
0.00000
0.00000
0.00000
0.00000
0.00000
0.00000
0.00000
0.00000
0.00000
0.00000
0.00000
0.00000
0.00000
0.00000
0.00000
0.00000
0.00000
0.00000
0.00000
0.00000
0.00000
0.00000
0.00000
0.00000
0.00000
0.00000
0.00000
0.00000
0.00000
0.00000
0.00000
0.00000
0.00000
0.00000
0.00000
0.00000
0.00000
0.00000
0.00000
0.00000
0.00000
0.00000
0.00000
0.00000
0.00000
0.00000
0.00000
0.00000
0.00000
0.00000
0.00000
0.00000
0.00000
0.00000
0.00000
0.00000
0.00000
0.00000
0.00000
0.00000
0.00000
0.00000
0.00000
0.00000
0.00000
0.00000
0.00000
0.00000
0.00000
0.00000
0.00000
0.00000
0.00000
0.00000
0.00000
0.00000
0.00000
0.00000
0.00000
0.00000
0.00000
0.00000
0.00000
0.00000
0.00000
0.00000
0.00000
0.00000
0.00000
0.00000
0.00000
0.00000
0.00000
0.00000
0.00000
0.00000
0.00000
0.00000
0.00000
0.00000
0.00000
0.00000
0.00000
0.00000
0.00000
0.00000
0.00000
0.00000
0.00000
0.00000
0.00000
0.00000
0.00000
0.00000
0.00000
0.00000
0.00000
0.00000
0.00000
0.00000
0.00000
0.00000
0.00000
0.00000
0.00000
0.00000
0.00000
0.00000
0.00000
0.00000
0.00000
0.00000
0.00000
0.00000
0.00000
0.00000
0.00000
0.00000
0.00000
0.00000
0.00000
0.00000
0.00000
0.00000
0.00000
0.00000
0.00000
0.00000
0.00000
0.00000
0.00000
0.00000
0.00000
0.00000
0.00000
0.00000
0.00000
0.00000
0.00000
0.00000
0.00000
0.00000
0.00000
0.00000
0.00000
0.00000
0.00000
0.00000
0.00000
0.00000
0.00000
0.00000
0.00000
0.00000
0.00000
0.00000
0.00000
0.00000
0.00000
0.00000
0.00000
0.00000
0.00000
0.00000
0.00000
0.00000
0.00000
0.00000
0.00000
0.00000
0.00000
0.00000
0.00000
0.00000
0.00000
0.00000
0.00000
0.00000
0.00000
0.00000
0.00000
0.00000
0.00000
0.00000
0.00000
0.00000
0.00000
0.00000
0.00000
0.00000
0.00000
0.00000
0.00000
0.00000
0.00000
0.00000
0.00000
0.00000
0.00000
0.00000
0.00000
0.00000
0.00000
0.00000
0.00000
0.00000
0.00000
0.00000
0.00000
0.00000
0.00000
0.00000
0.00000
0.00000
0.00000
0.00000
0.00000
0.00000
0.00000
0.00000
0.00000
0.00000
0.00000
0.00000
0.00000
0.00000
0.00000
0.00000
0.00000
0.00000
0.00000
0.00000
0.00000
0.00000
0.00000
0.00000
0.00000
0.00000
0.00000
0.00000
0.00000
0.00000
0.00000
0.00000
0.00000
0.00000
0.00000
0.00000
0.00000
0.00000
0.00000
0.00000
0.00000
0.00000
0.00000
0.00000
0.00000
0.00000
0.00000
0.00000
0.00000
0.00000
0.00000
0.00000
0.00000
0.00000
0.00000
0.00000
0.00000
0.00000
0.00000
0.00000
0.00000
0.00000
0.00000
0.00000
0.00000
0.00000
0.00000
0.00000
0.00000
0.00000
0.00000
0.00000
0.00000
0.00000
0.00000
0.00000
0.00000
0.00000
0.00000
0.00000
0.00000
0.00000
0.00000
0.00000
0.00000
0.00000
0.00000
0.00000
0.00000
0.00000
0.00000
0.00000
0.00000
0.00000
0.00000
0.00000
0.00000
0.00000
0.00000
0.00000
0.00000
0.00000
0.00000
0.00000
0.00000
0.00000
0.00000
0.00000
0.00000
0.00000
0.00000
0.00000
0.00000
0.00000
0.00000
0.00000
0.00000
0.00000
0.00000
0.00000
0.00000
0.00000
0.00000
0.00000
0.00000
0.00000
0.00000
0.00000
0.00000
0.00000
0.00000
0.00000
0.00000
0.00000
0.00000
0.00000
0.00000
0.00000
0.00000
0.00000
0.00000
0.00000
0.00000
0.00000
0.00000
0.00000
0.00000
0.00000
0.00000
0.00000
0.00000
0.00000
0.00000
0.00000
0.00000
0.00000
0.00000
0.00000
0.00000
0.00000
0.00000
0.00000
0.00000
0.00000
0.00000
0.00000
0.00000
0.00000
0.00000
0.00000
0.00000
0.00000
0.00000
0.00000
0.00000
0.00000
0.00000
0.00000
0.00000
0.00000
0.00000
0.00000
0.00000
0.00000
0.00000
0.00000
0.00000
0.00000
0.00000
0.00000
0.00000
0.00000
0.00000
0.00000
0.00000
0.00000
0.00000
0.00000
0.00000
0.00000
0.00000
0.00000
0.00000
0.00000
0.00000
0.00000
0.00000
0.00000
0.00000
0.00000
0.00000
0.00000
0.00000
0.00000
0.00000
0.00000
0.00000
0.00000
0.00000
0.00000
0.00000
0.00000
0.00000
0.00000
0.00000
0.00000
0.00000
0.00000
0.00000
0.00000
0.00000
0.00000
0.00000
0.00000
0.00000
0.00000
0.00000
0.00000
0.00000
0.00000
0.00000
0.00000
0.00000
0.00000
0.00000
0.00000
0.00000
0.00000
0.00000
0.00000
0.00000
0.00000
0.00000
0.00000
0.00000
0.00000
0.00000
0.00000
0.00000
0.00000
0.00000
0.00000
0.00000
0.00000
0.00000
0.00000
0.00000
0.00000
0.00000
0.00000
0.00000
0.00000
0.00000
0.00000
0.00000
0.00000
0.00000
0.00000
0.00000
0.00000
0.00000
0.00000
0.00000
0.00000
0.00000
0.00000
0.00000
0.00000
0.00000
0.00000
0.00000
0.00000
0.00000
0.00000
0.00000
0.00000
0.00000
0.00000
0.00000
0.00000
0.00000
0.00000
0.00000
0.00000
0.00000
0.00000
0.00000
0.00000
0.00000
0.00000
0.00000
0.00000
0.00000
0.00000
0.00000
0.00000
0.00000
0.00000
0.00000
0.00000
0.00000
0.00000
0.00000
0.00000
0.00000
0.00000
0.00000
0.00000
0.00000
0.00000
0.00000
0.00000
0.00000
0.00000
0.00000
0.00000
0.00000
0.00000
0.00000
0.00000
0.00000
0.00000
0.00000
0.00000
0.00000
0.00000
0.00000
0.00000
0.00000
0.00000
0.00000
0.00000
0.00000
0.00000
0.00000
0.00000
0.00000
0.00000
0.00000
0.00000
0.00000
0.00000
0.00000
0.00000
0.00000
0.00000
0.00000
0.00000
0.00000
0.00000
0.00000
0.00000
0.00000
0.00000
0.00000
0.00000
0.00000
0.00000
0.00000
0.00000
0.00000
0.00000
0.00000
0.00000
0.00000
0.00000
0.00000
0.00000
0.00000
0.00000
0.00000
0.00000
0.00000
0.00000
0.00000
0.00000
0.00000
0.00000
0.00000
0.00000
0.00000
0.00000
0.00000
0.00000
0.00000
0.00000
0.00000
0.00000
0.00000
0.00000
0.00000
0.00000
0.00000
0.00000
0.00000
0.00000
0.00000
0.00000
0.00000
0.00000
0.00000
0.00000
0.00000
0.00000
0.00000
0.00000
0.00000
0.00000
0.00000
0.00000
0.00000
0.00000
0.00000
0.00000
0.00000
0.00000
0.00000
0.00000
0.00000
0.00000
0.00000
0.00000
0.00000
0.00000
0.00000
0.00000
0.00000
0.00000
0.00000
0.00000
0.00000
0.00000
0.00000
0.00000
0.00000
0.00000
0.00000
0.00000
0.00000
0.00000
0.00000
0.00000
0.00000
0.00000
0.00000
0.00000
0.00000
0.00000
0.00000
0.00000
0.00000
0.00000
0.00000
0.00000
0.00000
0.00000
0.00000
0.00000
0.00000
0.00000
0.00000
0.00000
0.00000
0.00000
0.00000
0.00000
0.00000
0.00000
0.00000
0.00000
0.00000
0.00000
0.00000
0.00000
0.00000
0.00000
0.00000
0.00000
0.00000
0.00000
0.00000
0.00000
0.00000
0.00000
0.00000
0.00000
0.00000
0.00000
0.00000
0.00000
0.00000
0.00000
0.00000
0.00000
0.00000
0.00000
0.00000
0.00000
0.00000
0.00000
0.00000
0.00000
0.00000
0.00000
0.00000
0.00000
0.00000
0.00000
0.00000
0.00000
0.00000
0.00000
0.00000
0.00000
0.00000
0.00000
0.00000
0.00000
0.00000
0.00000
0.00000
0.00000
0.00000
0.00000
0.00000
0.00000
0.00000
0.00000
0.00000
0.00000
0.00000
0.00000
0.00000
0.00000
0.00000
0.00000
0.00000
0.00000
0.00000
0.00000
0.00000
0.00000
0.00000
0.00000
0.00000
0.00000
0.00000
0.00000
0.00000
0.00000
0.00000
0.00000
0.00000
0.00000
0.00000
0.00000
0.00000
0.00000
0.00000
0.00000
0.00000
0.00000
0.00000
0.00000
0.00000
0.00000
0.00000
0.00000
0.00000
0.00000
0.00000
0.00000
0.00000
0.00000
0.00000
0.00000
0.00000
0.00000
0.00000
0.00000
0.00000
0.00000
0.00000
0.00000
0.00000
0.00000
0.00000
0.00000
0.00000
0.00000
0.00000
0.00000
0.00000
0.00000
0.00000
0.00000
0.00000
0.00000
0.00000
0.00000
0.00000
0.00000
0.00000
0.00000
0.00000
0.00000
0.00000
0.00000
0.00000
0.00000
0.00000
0.00000
0.00000
0.00000
0.00000
0.00000
0.00000
0.00000
0.00000
0.00000
0.00000
0.00000
0.00000
0.00000
0.00000
0.00000
0.00000
0.00000
0.00000
0.00000
0.00000
0.00000
0.00000
0.00000
0.00000
0.00000
0.00000
0.00000
0.00000
0.00000
0.00000
0.00000
0.00000
0.00000
0.00000
0.00000
0.00000
0.00000
0.00000
0.00000
0.00000
0.00000
0.00000
0.00000
0.00000
0.00000
0.00000
0.00000
0.00000
0.00000
0.00000
0.00000
0.00000
0.00000
0.00000
0.00000
0.00000
0.00000
0.00000
0.00000
0.00000
0.00000
0.00000
0.00000
0.00000
0.00000
0.00000
0.00000
0.00000
0.00000
0.00000
0.00000
0.00000
0.00000
0.00000
0.00000
0.00000
0.00000
0.00000
0.00000
0.00000
0.00000
0.00000
0.00000
0.00000
0.00000
0.00000
0.00000
0.00000
0.00000
0.00000
0.00000
0.00000
0.00000
0.00000
0.00000
0.00000
0.00000
0.00000
0.00000
0.00000
0.00000
0.00000
0.00000
0.00000
0.00000
0.00000
0.00000
0.00000
0.00000
0.00000
0.00000
0.00000
0.00000
0.00000
0.00000
0.00000
0.00000
0.00000
0.00000
0.00000
0.00000
0.00000
0.00000
0.00000
0.00000
0.00000
0.00000
0.00000
0.00000
0.00000
0.00000
0.00000
0.00000
0.00000
0.00000
0.00000
0.00000
0.00000
0.00000
0.00000
0.00000
0.00000
0.00000
0.00000
0.00000
0.00000
0.00000
0.00000
0.00000
0.00000
0.00000
0.00000
0.00000
0.00000
0.00000
0.00000
0.00000
0.00000
0.00000
0.00000
0.00000
0.00000
0.00000
0.00000
0.00000
0.00000
0.00000
0.00000
0.00000
0.00000
0.00000
0.00000
0.00000
0.00000
0.00000
0.00000
0.00000
0.00000
0.00000
0.00000
0.00000
0.00000
0.00000
0.00000
0.00000
0.00000
0.00000
0.00000
0.00000
0.00000
0.00000
0.00000
0.00000
0.00000
0.00000
0.00000
0.00000
0.00000
0.00000
0.00000
0.00000
0.00000
0.00000
0.00000
0.00000
0.00000
0.00000
0.00000
0.00000
0.00000
0.00000
0.00000
0.00000
0.00000
0.00000
0.00000
0.00000
0.00000
0.00000
0.00000
0.00000
0.00000
0.00000
0.00000
0.00000
0.00000
0.00000
0.00000
0.00000
0.00000
0.00000
0.00000
0.00000
0.00000
0.00000
0.00000
0.00000
0.00000
0.00000
0.00000
0.00000
0.00000
0.00000
0.00000
0.00000
0.00000
0.00000
0.00000
0.00000
0.00000
0.00000
0.00000
0.00000
0.00000
0.00000
0.00000
0.00000
0.00000
0.00000
0.00000
0.00000
0.00000
0.00000
0.00000
0.00000
0.00000
0.00000
0.00000
0.00000
0.00000
0.00000
0.00000
0.00000
0.00000
0.00000
0.00000
0.00000
0.00000
0.00000
0.00000
0.00000
0.00000
0.00000
0.00000
0.00000
0.00000
0.00000
0.00000
0.00000
0.00000
0.00000
0.00000
0.00000
0.00000
0.00000
0.00000
0.00000
0.00000
0.00000
0.00000
0.00000
0.00000
0.00000
0.00000
0.00000
0.00000
0.00000
0.00000
0.00000
0.00000
0.00000
0.00000
0.00000
0.00000
0.00000
0.00000
0.00000
0.00000
0.00000
0.00000
0.00000
0.00000
0.00000
0.00000
0.00000
0.00000
0.00000
0.00000
0.00000
0.00000
0.00000
0.00000
0.00000
0.00000
0.00000
0.00000
0.00000
0.00000
0.00000
0.00000
0.00000
0.00000
0.00000
0.00000
0.00000
0.00000
0.00000
0.00000
0.00000
0.00000
0.00000
0.00000
0.00000
0.00000
0.00000
0.00000
0.00000
0.00000
0.00000
0.00000
0.00000
0.00000
0.00000
0.00000
0.00000
0.00000
0.00000
0.00000
0.00000
0.00000
0.00000
0.00000
0.00000
0.00000
0.00000
0.00000
0.00000
0.00000
0.00000
0.00000
0.00000
0.00000
0.00000
0.00000
0.00000
0.00000
0.00000
0.00000
0.00000
0.00000
0.00000
0.00000
0.00000
0.00000
0.00000
0.00000
0.00000
0.00000
0.00000
0.00000
0.00000
0.00000
0.00000
0.00000
0.00000
0.00000
0.00000
0.00000
0.00000
0.00000
0.00000
0.00000
0.00000
0.00000
0.00000
0.00000
0.00000
0.00000
0.00000
0.00000
0.00000
0.00000
0.00000
0.00000
0.00000
0.00000
0.00000
0.00000
0.00000
0.00000
0.00000
0.00000
0.00000
0.00000
0.00000
0.00000
0.00000
0.00000
0.00000
0.00000
0.00000
0.00000
0.00000
0.00000
0.00000
0.00000
0.00000
0.00000
0.00000
0.00000
0.00000
0.00000
0.00000
0.00000
0.00000
0.00000
0.00000
0.00000
0.00000
0.00000
0.00000
0.00000
0.00000
0.00000
0.00000
0.00000
0.00000
0.00000
0.00000
0.00000
0.00000
0.00000
0.00000
0.00000
0.00000
0.00000
0.00000
0.00000
0.00000
0.00000
0.00000
0.00000
0.00000
0.00000
0.00000
0.00000
0.00000
0.00000
0.00000
0.00000
0.00000
0.00000
0.00000
0.00000
0.00000
0.00000
0.00000
0.00000
0.00000
0.00000
0.00000
0.00000
0.00000
0.00000
0.00000
0.00000
0.00000
0.00000
0.00000
0.00000
0.00000
0.00000
0.00000
0.00000
0.00000
0.00000
0.00000
0.00000
0.00000
0.00000
0.00000
0.00000
0.00000
0.00000
0.00000
0.00000
0.00000
0.00000
0.00000
0.00000
0.00000
0.00000
0.00000
0.00000
0.00000
0.00000
0.00000
0.00000
0.00000
0.00000
0.00000
0.00000
0.00000
0.00000
0.00000
0.00000
0.00000
0.00000
0.00000
0.00000
0.00000
0.00000
0.00000
0.00000
0.00000
0.00000
0.00000
0.00000
0.00000
0.00000
0.00000
0.00000
0.00000
0.00000
0.00000
0.00000
0.00000
0.00000
0.00000
0.00000
0.00000
0.00000
0.00000
0.00000
0.00000
0.00000
0.00000
0.00000
0.00000
0.00000
0.00000
0.00000
0.00000
0.00000
0.00000
0.00000
0.00000
0.00000
0.00000
0.00000
0.00000
0.00000
0.00000
0.00000
0.00000
0.00000
0.00000
0.00000
0.00000
0.00000
0.00000
0.00000
0.00000
0.00000
0.00000
0.00000
0.00000
0.00000
0.00000
0.00000
0.00000
0.00000
0.00000
0.00000
0.00000
0.00000
0.00000
0.00000
0.00000
0.00000
0.00000
0.00000
0.00000
0.00000
0.00000
0.00000
0.00000
0.00000
0.00000
0.00000
0.00000
0.00000
0.00000
0.00000
0.00000
0.00000
0.00000
0.00000
0.00000
0.00000
0.00000
0.00000
0.00000
0.00000
0.00000
0.00000
0.00000
0.00000
0.00000
0.00000
0.00000
0.00000
0.00000
0.00000
0.00000
0.00000
0.00000
0.00000
0.00000
0.00000
0.00000
0.00000
0.00000
0.00000
0.00000
0.00000
0.00000
0.00000
0.00000
0.00000
0.00000
0.00000
0.00000
0.00000
0.00000
0.00000
0.00000
0.00000
0.00000
0.00000
0.00000
0.00000
0.00000
0.00000
0.00000
0.00000
0.00000
0.00000
0.00000
0.00000
0.00000
0.00000
0.00000
0.00000
0.00000
0.00000
0.00000
0.00000
0.00000
0.00000
0.00000
0.00000
0.00000
0.00000
0.00000
0.00000
0.00000
0.00000
0.00000
0.00000
0.00000
0.00000
0.00000
0.00000
0.00000
0.00000
0.00000
0.00000
0.00000
0.00000
0.00000
0.00000
0.00000
0.00000
0.00000
0.00000
0.00000
0.00000
0.00000
0.00000
0.00000
0.00000
0.00000
0.00000
0.00000
0.00000
0.00000
0.00000
0.00000
0.00000
0.00000
0.00000
0.00000
0.00000
0.00000
0.00000
0.00000
0.00000
0.00000
0.00000
0.00000
0.00000
0.00000
0.00000
0.00000
0.00000
0.00000
0.00000
0.00000
0.00000
0.00000
0.00000
0.00000
0.00000
0.00000
0.00000
0.00000
0.00000
0.00000
0.00000
0.00000
0.00000
0.00000
0.00000
0.00000
0.00000
0.00000
0.00000
0.00000
0.00000
0.00000
0.00000
0.00000
0.00000
0.00000
0.00000
0.00000
0.00000
0.00000
0.00000
