-0.00003
0.00003
0.00003
-0.00009
0.00015
-0.00003
0.00024
0.00034
0.00055
0.00085
0.00128
0.00165
0.00232
0.00299
0.00372
0.00464
0.00552
0.00677
0.00772
0.00931
0.01047
0.01196
0.01361
0.01517
0.01697
0.01877
0.02060
0.02258
0.02460
0.02673
0.02875
0.03104
0.03320
0.03558
0.03772
0.04022
0.04260
0.04501
0.04749
0.04974
0.05270
0.05466
0.05795
0.05960
0.06290
0.06509
0.06857
0.06952
0.06421
0.02008
-0.06827
-0.10669
-0.07025
-0.09576
-0.10281
-0.09018
-0.10941
-0.09155
-0.10352
-0.09128
-0.09375
-0.08670
-0.08215
-0.07831
-0.07053
-0.06860
-0.05957
-0.05872
-0.04987
-0.04941
-0.04126
-0.04111
-0.03406
-0.03403
-0.02811
-0.02777
-0.02335
-0.02271
-0.01935
-0.01840
-0.01596
-0.01477
-0.01315
-0.01151
-0.01059
-0.00858
-0.00809
-0.00589
-0.00558
-0.00320
-0.00308
-0.00046
-0.00049
0.00241
0.00229
0.00507
0.00540
0.00800
0.00848
0.01099
0.01160
0.01410
0.01498
0.01718
0.01825
0.02039
0.02173
0.02356
0.02521
0.02670
0.02872
0.02997
0.03210
0.03323
0.03558
0.03650
0.03891
0.03973
0.04233
0.04306
0.04568
0.04617
0.04898
0.04959
0.05234
0.05289
0.05542
0.05630
0.05872
0.05969
0.06183
0.06299
0.06494
0.06650
0.06815
0.06973
0.07135
0.07324
0.07437
0.07666
0.07751
0.08023
0.07843
0.05936
-0.01877
-0.11389
-0.11035
-0.08301
-0.12491
-0.10272
-0.11316
-0.11316
-0.10251
-0.10983
-0.09351
-0.09976
-0.08401
-0.08646
-0.07382
-0.07306
-0.06366
-0.06042
-0.05386
-0.04935
-0.04510
-0.03989
-0.03741
-0.03223
-0.03101
-0.02597
-0.02563
-0.02100
-0.02127
-0.01715
-0.01752
-0.01382
-0.01437
-0.01117
-0.01157
-0.00867
-0.00882
-0.00647
-0.00623
-0.00418
-0.00345
-0.00189
-0.00067
0.00058
0.00226
0.00323
0.00519
0.00604
0.00836
0.00894
0.01154
0.01205
0.01471
0.01538
0.01794
0.01855
0.02124
0.02200
0.02463
0.02530
0.02783
0.02881
0.03122
0.03226
0.03433
0.03571
0.03760
0.03918
0.04083
0.04257
0.04398
0.04605
0.04721
0.04941
0.05038
0.05283
0.05356
0.05618
0.05676
0.05957
0.06006
0.06284
0.06311
0.06619
0.06650
0.06949
0.06967
0.07251
0.07327
0.07596
0.07660
0.07883
0.07947
0.07620
0.03732
-0.06033
-0.12662
-0.08954
-0.09967
-0.12360
-0.09769
-0.12189
-0.10242
-0.11014
-0.10098
-0.09692
-0.09406
-0.08386
-0.08334
-0.07144
-0.07162
-0.06030
-0.05988
-0.05017
-0.04932
-0.04163
-0.04031
-0.03418
-0.03268
-0.02820
-0.02646
-0.02347
-0.02124
-0.01962
-0.01709
-0.01633
-0.01373
-0.01352
-0.01083
-0.01093
-0.00824
-0.00839
-0.00586
-0.00601
-0.00327
-0.00351
-0.00073
-0.00082
0.00174
0.00214
0.00449
0.00519
0.00720
0.00830
0.01016
0.01160
0.01321
0.01480
0.01645
0.01819
0.01959
0.02164
0.02280
0.02512
0.02609
0.02847
0.02942
0.03192
0.03271
0.03531
0.03595
0.03864
0.03946
0.04187
0.04272
0.04510
0.04617
0.04840
0.04956
0.05145
0.05298
0.05472
0.05643
0.05777
0.05975
0.06097
0.06317
0.06418
0.06644
0.06741
0.06982
0.07050
0.07318
0.07373
0.07675
0.07697
0.07968
0.07901
0.06906
0.00531
-0.09775
-0.11990
-0.07932
-0.11942
-0.11032
-0.10559
-0.11899
-0.09970
-0.11282
-0.09427
-0.10019
-0.08664
-0.08627
-0.07712
-0.07257
-0.06674
-0.06012
-0.05658
-0.04913
-0.04730
-0.03989
-0.03918
-0.03235
-0.03214
-0.02634
-0.02640
-0.02155
-0.02161
-0.01764
-0.01764
-0.01462
-0.01428
-0.01187
-0.01132
-0.00955
-0.00858
-0.00732
-0.00583
-0.00504
-0.00323
-0.00269
-0.00046
-0.00009
0.00223
0.00262
0.00516
0.00552
0.00815
0.00848
0.01120
0.01178
0.01431
0.01492
0.01752
0.01831
0.02090
0.02158
0.02411
0.02512
0.02731
0.02872
0.03040
0.03223
0.03363
0.03574
0.03677
0.03922
0.04004
0.04257
0.04337
0.04578
0.04669
0.04922
0.04996
0.05240
0.05322
0.05582
0.05655
0.05899
0.05969
0.06229
0.06314
0.06558
0.06625
0.06873
0.06973
0.07217
0.07303
0.07501
0.07657
0.07825
0.07993
0.07788
0.05304
-0.03421
-0.12219
-0.10126
-0.08749
-0.12723
-0.09885
-0.11777
-0.10825
-0.10550
-0.10715
-0.09427
-0.09811
-0.08304
-0.08621
-0.07217
-0.07321
-0.06161
-0.06073
-0.05203
-0.04984
-0.04327
-0.04041
-0.03586
-0.03265
-0.02975
-0.02618
-0.02478
-0.02109
-0.02066
-0.01697
-0.01709
-0.01379
-0.01407
-0.01093
-0.01126
-0.00854
-0.00867
-0.00626
-0.00595
-0.00391
-0.00342
-0.00146
-0.00073
0.00122
0.00214
0.00372
0.00519
0.00656
0.00830
0.00946
0.01157
0.01251
0.01480
0.01572
0.01813
0.01895
0.02151
0.02219
0.02493
0.02551
0.02829
0.02899
0.03149
0.03235
0.03479
0.03583
0.03809
0.03912
0.04132
0.04257
0.04465
0.04596
0.04773
0.04944
0.05087
0.05295
0.05396
0.05630
0.05719
0.05966
0.06036
0.06293
0.06366
0.06635
0.06674
0.06958
0.07001
0.07324
0.07321
0.07620
0.07639
0.07980
0.07950
0.07367
0.02545
-0.07559
-0.12689
-0.08432
-0.10751
-0.11905
-0.09973
-0.12219
-0.10022
-0.11191
-0.09793
-0.09848
-0.09100
-0.08456
-0.08115
-0.07156
-0.07007
-0.05960
-0.05902
-0.04929
-0.04904
-0.04044
-0.04016
-0.03305
-0.03287
-0.02719
-0.02658
-0.02243
-0.02155
-0.01871
-0.01743
-0.01553
-0.01401
-0.01282
-0.01105
-0.01038
-0.00830
-0.00812
-0.00571
-0.00568
-0.00317
-0.00320
-0.00064
-0.00058
0.00211
0.00229
0.00476
0.00519
0.00775
0.00830
0.01068
0.01151
0.01373
0.01492
0.01685
0.01834
0.01993
0.02185
0.02319
0.02524
0.02646
0.02869
0.02975
0.03204
0.03308
0.03546
0.03635
0.03894
0.03949
0.04230
0.04285
0.04568
0.04617
0.04886
0.04947
0.05219
0.05292
0.05527
0.05621
0.05847
0.05963
0.06171
0.06293
0.06485
0.06638
0.06802
0.06979
0.07108
0.07327
0.07425
0.07663
0.07721
0.08032
0.07867
0.06262
-0.01239
-0.10974
-0.11322
-0.08182
-0.12411
-0.10428
-0.11124
-0.11505
-0.10162
-0.11093
-0.09335
-0.10010
-0.08456
-0.08658
-0.07462
-0.07291
-0.06454
-0.06033
-0.05466
-0.04926
-0.04568
-0.03998
-0.03787
-0.03226
-0.03125
-0.02625
-0.02573
-0.02118
-0.02133
-0.01721
-0.01767
-0.01398
-0.01437
-0.01135
-0.01151
-0.00900
-0.00870
-0.00677
-0.00601
-0.00452
-0.00339
-0.00201
-0.00076
0.00055
0.00214
0.00308
0.00525
0.00574
0.00842
0.00879
0.01144
0.01193
0.01459
0.01517
0.01801
0.01837
0.02121
0.02182
0.02448
0.02536
0.02765
0.02875
0.03091
0.03226
0.03418
0.03564
0.03738
0.03922
0.04059
0.04257
0.04379
0.04605
0.04700
0.04947
0.05008
0.05286
0.05350
0.05600
0.05670
0.05933
0.05997
0.06274
0.06308
0.06592
0.06650
0.06937
0.06985
0.07224
0.07318
0.07559
0.07672
0.07858
0.07938
0.07654
0.04178
-0.05396
-0.12704
-0.09232
-0.09610
-0.12543
-0.09735
-0.12119
-0.10397
-0.10889
-0.10291
-0.09564
-0.09558
-0.08316
-0.08456
-0.07117
-0.07224
-0.06036
-0.06049
-0.05038
-0.04968
-0.04175
-0.04056
-0.03452
-0.03271
-0.02863
-0.02625
-0.02393
-0.02115
-0.01987
-0.01712
-0.01657
-0.01373
-0.01364
-0.01083
-0.01117
-0.00827
-0.00854
-0.00586
-0.00610
-0.00342
-0.00354
-0.00089
-0.00079
0.00165
0.00198
0.00436
0.00510
0.00705
0.00830
0.00992
0.01157
0.01306
0.01480
0.01617
0.01828
0.01932
0.02167
0.02255
0.02512
0.02588
0.02853
0.02908
0.03195
0.03247
0.03525
0.03592
0.03836
0.03940
0.04181
0.04260
0.04510
0.04590
0.04843
0.04932
0.05154
0.05267
0.05469
0.05618
0.05780
0.05954
0.06100
0.06293
0.06421
0.06622
0.06729
0.06989
0.07037
0.07318
0.07339
0.07672
0.07687
0.07965
0.07846
0.06973
0.01105
-0.09225
-0.12360
-0.07986
-0.11600
-0.11356
-0.10349
-0.12045
-0.09924
-0.11288
-0.09503
-0.09982
-0.08771
-0.08575
-0.07822
-0.07214
-0.06772
-0.05978
-0.05746
-0.04892
-0.04791
-0.03983
-0.03958
-0.03253
-0.03232
-0.02646
-0.02646
-0.02179
-0.02164
-0.01791
-0.01752
-0.01495
-0.01416
-0.01230
-0.01114
-0.00983
-0.00848
-0.00760
-0.00574
-0.00534
-0.00308
-0.00299
-0.00037
-0.00037
0.00232
0.00235
0.00516
0.00537
0.00806
0.00839
0.01099
0.01175
0.01410
0.01505
0.01724
0.01834
0.02063
0.02167
0.02386
0.02512
0.02704
0.02872
0.03021
0.03217
0.03342
0.03574
0.03662
0.03909
0.03989
0.04257
0.04315
0.04581
0.04648
0.04919
0.04977
0.05246
0.05295
0.05569
0.05640
0.05896
0.05963
0.06213
0.06302
0.06546
0.06641
0.06851
0.06961
0.07190
0.07306
0.07480
0.07654
0.07788
0.08008
0.07767
0.05557
-0.02783
-0.11884
-0.10522
-0.08545
-0.12640
-0.10068
-0.11597
-0.11023
-0.10416
-0.10831
-0.09384
-0.09885
-0.08331
-0.08621
-0.07297
-0.07303
-0.06265
-0.06036
-0.05298
-0.04938
-0.04431
-0.03992
-0.03671
-0.03229
-0.03036
-0.02603
-0.02515
-0.02103
-0.02094
-0.01700
-0.01727
-0.01382
-0.01416
-0.01120
-0.01123
-0.00870
-0.00870
-0.00635
-0.00613
-0.00388
-0.00351
-0.00159
-0.00073
0.00092
0.00220
0.00351
0.00522
0.00629
0.00839
0.00916
0.01160
0.01227
0.01489
0.01544
0.01813
0.01874
0.02151
0.02209
0.02481
0.02530
0.02826
0.02875
0.03152
0.03217
0.03467
0.03571
0.03799
0.03912
0.04108
0.04269
0.04422
0.04611
0.04742
0.04947
0.05069
0.05283
0.05386
0.05615
0.05713
0.05954
0.06024
0.06284
0.06345
0.06641
0.06668
0.06949
0.06989
0.07288
0.07333
0.07602
0.07614
0.07925
0.07965
0.07504
0.03064
-0.06934
-0.12674
-0.08658
-0.10437
-0.12100
-0.09866
-0.12228
-0.10089
-0.11142
-0.09891
-0.09811
-0.09201
-0.08441
-0.08191
-0.07159
-0.07071
-0.05997
-0.05936
-0.04971
-0.04916
-0.04099
-0.04010
-0.03366
-0.03253
-0.02783
-0.02643
-0.02289
-0.02136
-0.01917
-0.01724
-0.01587
-0.01392
-0.01309
-0.01102
-0.01053
-0.00830
-0.00818
-0.00586
-0.00580
-0.00311
-0.00339
-0.00064
-0.00073
0.00201
0.00220
0.00464
0.00516
0.00745
0.00833
0.01056
0.01147
0.01358
0.01480
0.01678
0.01819
0.01990
0.02167
0.02310
0.02515
0.02631
0.02863
0.02951
0.03217
0.03271
0.03552
0.03613
0.03879
0.03958
0.04202
0.04282
0.04550
0.04614
0.04874
0.04935
0.05191
0.05295
0.05502
0.05630
0.05820
0.05966
0.06146
0.06302
0.06458
0.06644
0.06772
0.06985
0.07077
0.07327
0.07407
0.07660
0.07690
0.07986
0.07910
0.06580
-0.00455
-0.10510
-0.11615
-0.08075
-0.12283
-0.10632
-0.10895
-0.11667
-0.10071
-0.11194
-0.09348
-0.10028
-0.08533
-0.08661
-0.07556
-0.07288
-0.06540
-0.06027
-0.05548
-0.04913
-0.04648
-0.03986
-0.03848
-0.03220
-0.03168
-0.02625
-0.02603
-0.02127
-0.02148
-0.01736
-0.01773
-0.01428
-0.01425
-0.01163
-0.01138
-0.00928
-0.00867
-0.00684
-0.00607
-0.00464
-0.00342
-0.00226
-0.00052
0.00009
0.00229
0.00284
0.00525
0.00562
0.00821
0.00879
0.01129
0.01187
0.01453
0.01495
0.01801
0.01828
0.02106
0.02176
0.02426
0.02527
0.02756
0.02863
0.03079
0.03210
0.03415
0.03555
0.03720
0.03915
0.04041
0.04257
0.04361
0.04596
0.04688
0.04932
0.05002
0.05267
0.05334
0.05597
0.05655
0.05923
0.05981
0.06271
0.06314
0.06573
0.06638
0.06906
0.06985
0.07214
0.07297
0.07532
0.07666
0.07855
0.07968
0.07706
0.04669
-0.04614
-0.12579
-0.09589
-0.09232
-0.12689
-0.09735
-0.12012
-0.10553
-0.10754
-0.10468
-0.09485
-0.09665
-0.08307
-0.08536
-0.07153
-0.07272
-0.06070
-0.06076
-0.05096
-0.04974
-0.04242
-0.04028
-0.03531
-0.03250
-0.02914
-0.02625
-0.02423
-0.02118
-0.02017
-0.01706
-0.01682
-0.01373
-0.01389
-0.01080
-0.01129
-0.00830
-0.00876
-0.00574
-0.00626
-0.00345
-0.00363
-0.00107
-0.00076
0.00134
0.00220
0.00394
0.00525
0.00681
0.00830
0.00977
0.01151
0.01294
0.01477
0.01596
0.01822
0.01917
0.02170
0.02225
0.02515
0.02563
0.02847
0.02899
0.03180
0.03235
0.03525
0.03568
0.03848
0.03906
0.04175
0.04263
0.04477
0.04602
0.04797
0.04950
0.05115
0.05292
0.05423
0.05640
0.05743
0.05969
0.06064
0.06305
0.06390
0.06638
0.06696
0.06982
0.07025
0.07312
0.07312
0.07642
0.07669
0.07996
0.07901
0.07117
0.01694
-0.08646
-0.12589
-0.08133
-0.11215
-0.11627
-0.10144
-0.12164
-0.09924
-0.11273
-0.09604
-0.09927
-0.08908
-0.08514
-0.07959
-0.07172
-0.06879
-0.05954
-0.05823
-0.04907
-0.04831
-0.04001
-0.03979
-0.03271
-0.03253
-0.02676
-0.02649
-0.02197
-0.02179
-0.01810
-0.01767
-0.01495
-0.01428
-0.01239
-0.01117
-0.00998
-0.00851
-0.00772
-0.00574
-0.00552
-0.00305
-0.00317
-0.00046
-0.00040
0.00214
0.00238
0.00488
0.00537
0.00787
0.00839
0.01093
0.01154
0.01410
0.01489
0.01712
0.01834
0.02026
0.02179
0.02356
0.02518
0.02679
0.02869
0.03006
0.03207
0.03342
0.03546
0.03662
0.03894
0.03979
0.04242
0.04312
0.04562
0.04639
0.04895
0.04974
0.05231
0.05289
0.05560
0.05621
0.05896
0.05960
0.06201
0.06284
0.06531
0.06635
0.06824
0.06979
0.07132
0.07330
0.07449
0.07657
0.07767
0.08014
0.07813
0.05829
-0.02151
-0.11548
-0.10922
-0.08356
-0.12537
-0.10226
-0.11383
-0.11246
-0.10275
-0.10944
-0.09363
-0.09943
-0.08389
-0.08630
-0.07361
-0.07303
-0.06339
-0.06039
-0.05356
-0.04938
-0.04480
-0.04001
-0.03708
-0.03238
-0.03070
-0.02600
-0.02554
-0.02090
-0.02133
-0.01694
-0.01758
-0.01373
-0.01440
-0.01114
-0.01147
-0.00867
-0.00873
-0.00647
-0.00616
-0.00418
-0.00342
-0.00174
-0.00076
0.00067
0.00226
0.00333
0.00519
0.00613
0.00827
0.00916
0.01144
0.01218
0.01474
0.01541
0.01797
0.01868
0.02124
0.02206
0.02466
0.02533
0.02789
0.02887
0.03122
0.03226
0.03442
0.03574
0.03769
0.03918
0.04083
0.04260
0.04413
0.04599
0.04730
0.04941
0.05048
0.05286
0.05359
0.05627
0.05673
0.05969
0.06003
0.06290
0.06320
0.06625
0.06656
0.06943
0.06970
0.07251
0.07336
0.07593
0.07651
0.07889
0.07962
0.07605
0.03549
-0.06281
-0.12671
-0.08847
-0.10114
-0.12280
-0.09790
-0.12210
-0.10190
-0.11050
-0.10043
-0.09720
-0.09354
-0.08401
-0.08292
-0.07156
-0.07135
-0.06018
-0.05981
-0.04996
-0.04935
-0.04138
-0.04031
-0.03394
-0.03278
-0.02798
-0.02655
-0.02328
-0.02130
-0.01944
-0.01715
-0.01624
-0.01376
-0.01340
-0.01086
-0.01086
-0.00821
-0.00833
-0.00586
-0.00589
-0.00333
-0.00336
-0.00082
-0.00070
0.00174
0.00217
0.00455
0.00516
0.00732
0.00827
0.01031
0.01157
0.01328
0.01486
0.01645
0.01828
0.01959
0.02170
0.02289
0.02509
0.02618
0.02844
0.02954
0.03189
0.03284
0.03522
0.03613
0.03867
0.03946
0.04196
0.04263
0.04532
0.04608
0.04858
0.04941
0.05167
0.05289
0.05496
0.05624
0.05801
0.05963
0.06122
0.06308
0.06427
0.06647
0.06747
0.06982
0.07062
0.07309
0.07385
0.07675
0.07687
0.07980
0.07916
0.06873
0.00311
-0.10007
-0.11890
-0.07944
-0.12061
-0.10898
-0.10654
-0.11838
-0.09995
-0.11267
-0.09402
-0.10031
-0.08618
-0.08655
-0.07660
-0.07275
-0.06635
-0.06021
-0.05634
-0.04910
-0.04703
-0.04004
-0.03882
-0.03247
-0.03186
-0.02640
-0.02631
-0.02148
-0.02155
-0.01755
-0.01770
-0.01447
-0.01431
-0.01178
-0.01132
-0.00943
-0.00864
-0.00714
-0.00595
-0.00485
-0.00333
-0.00250
-0.00058
0.00000
0.00223
0.00272
0.00513
0.00565
0.00803
0.00867
0.01120
0.01184
0.01431
0.01505
0.01749
0.01849
0.02078
0.02173
0.02408
0.02521
0.02737
0.02869
0.03055
0.03214
0.03381
0.03568
0.03690
0.03918
0.04013
0.04257
0.04343
0.04581
0.04681
0.04916
0.04999
0.05255
0.05310
0.05609
0.05640
0.05914
0.05975
0.06235
0.06317
0.06561
0.06625
0.06879
0.06982
0.07205
0.07315
0.07498
0.07669
0.07831
0.07993
0.07782
0.05188
-0.03708
-0.12338
-0.09985
-0.08850
-0.12741
-0.09814
-0.11862
-0.10721
-0.10632
-0.10629
-0.09451
-0.09775
-0.08304
-0.08603
-0.07205
-0.07306
-0.06134
-0.06082
-0.05173
-0.04974
-0.04318
-0.04022
-0.03589
-0.03250
-0.02963
-0.02621
-0.02463
-0.02109
-0.02051
-0.01700
-0.01709
-0.01370
-0.01404
-0.01086
-0.01126
-0.00848
-0.00873
-0.00601
-0.00616
-0.00366
-0.00363
-0.00125
-0.00073
0.00119
0.00217
0.00381
0.00519
0.00665
0.00833
0.00949
0.01160
0.01257
0.01489
0.01569
0.01819
0.01901
0.02155
0.02228
0.02487
0.02560
0.02838
0.02893
0.03162
0.03235
0.03491
0.03586
0.03815
0.03906
0.04147
0.04260
0.04465
0.04602
0.04776
0.04950
0.05093
0.05298
0.05402
0.05634
0.05725
0.05969
0.06039
0.06305
0.06366
0.06641
0.06668
0.06967
0.07007
0.07318
0.07324
0.07617
0.07660
0.07996
0.07944
0.07306
0.02292
-0.07846
-0.12677
-0.08337
-0.10876
-0.11823
-0.10025
-0.12210
-0.09991
-0.11218
-0.09735
-0.09872
-0.09045
-0.08478
-0.08069
-0.07166
-0.06970
-0.05951
-0.05896
-0.04904
-0.04901
-0.04019
-0.04010
-0.03293
-0.03281
-0.02710
-0.02652
-0.02234
-0.02158
-0.01855
-0.01746
-0.01541
-0.01398
-0.01279
-0.01099
-0.01035
-0.00833
-0.00797
-0.00574
-0.00558
-0.00323
-0.00308
-0.00070
-0.00049
0.00214
0.00223
0.00491
0.00516
0.00781
0.00836
0.01071
0.01154
0.01382
0.01489
0.01694
0.01831
0.02005
0.02179
0.02335
0.02518
0.02661
0.02859
0.02994
0.03201
0.03314
0.03552
0.03641
0.03891
0.03964
0.04224
0.04303
0.04556
0.04630
0.04883
0.04959
0.05228
0.05286
0.05548
0.05603
0.05875
0.05960
0.06174
0.06299
0.06476
0.06659
0.06793
0.06992
0.07104
0.07333
0.07431
0.07657
0.07745
0.08032
0.07867
0.06131
-0.01492
-0.11139
-0.11206
-0.08231
-0.12439
-0.10358
-0.11206
-0.11432
-0.10199
-0.11050
-0.09335
-0.10007
-0.08426
-0.08664
-0.07419
-0.07300
-0.06421
-0.06036
-0.05429
-0.04935
-0.04544
-0.03992
-0.03778
-0.03207
-0.03140
-0.02591
-0.02585
-0.02103
-0.02133
-0.01718
-0.01761
-0.01389
-0.01437
-0.01126
-0.01154
-0.00894
-0.00864
-0.00671
-0.00607
-0.00446
-0.00333
-0.00204
-0.00058
0.00037
0.00232
0.00305
0.00528
0.00586
0.00836
0.00891
0.01141
0.01202
0.01465
0.01526
0.01794
0.01846
0.02124
0.02188
0.02457
0.02530
0.02777
0.02872
0.03107
0.03226
0.03421
0.03568
0.03751
0.03909
0.04074
0.04254
0.04391
0.04599
0.04712
0.04938
0.05029
0.05276
0.05362
0.05597
0.05682
0.05930
0.06015
0.06259
0.06326
0.06583
0.06665
0.06924
0.06989
0.07233
0.07318
0.07581
0.07666
0.07864
0.07947
0.07623
0.04010
-0.05658
-0.12674
-0.09137
-0.09735
-0.12488
-0.09732
-0.12152
-0.10339
-0.10934
-0.10211
-0.09625
-0.09482
-0.08359
-0.08392
-0.07141
-0.07184
-0.06042
-0.06018
-0.05035
-0.04950
-0.04172
-0.04044
-0.03448
-0.03262
-0.02850
-0.02634
-0.02371
-0.02121
-0.01981
-0.01706
-0.01651
-0.01370
-0.01361
-0.01083
-0.01108
-0.00818
-0.00867
-0.00565
-0.00620
-0.00339
-0.00339
-0.00101
-0.00061
0.00150
0.00220
0.00433
0.00516
0.00714
0.00821
0.01010
0.01157
0.01306
0.01492
0.01611
0.01843
0.01926
0.02179
0.02258
0.02515
0.02597
0.02850
0.02917
0.03201
0.03253
0.03528
0.03586
0.03857
0.03931
0.04196
0.04251
0.04523
0.04593
0.04849
0.04941
0.05148
0.05283
0.05469
0.05630
0.05774
0.05972
0.06079
0.06326
0.06396
0.06647
0.06720
0.06998
0.07034
0.07321
0.07355
0.07684
0.07684
0.07983
0.07846
0.06964
0.00867
-0.09439
-0.12210
-0.07965
-0.11737
-0.11230
-0.10440
-0.11984
-0.09946
-0.11285
-0.09473
-0.09998
-0.08731
-0.08588
-0.07791
-0.07214
-0.06750
-0.05972
-0.05731
-0.04886
-0.04773
-0.03983
-0.03943
-0.03253
-0.03217
-0.02646
-0.02643
-0.02167
-0.02164
-0.01776
-0.01764
-0.01471
-0.01425
-0.01215
-0.01114
-0.00977
-0.00854
-0.00739
-0.00589
-0.00513
-0.00320
-0.00278
-0.00049
-0.00021
0.00223
0.00250
0.00516
0.00543
0.00809
0.00842
0.01108
0.01178
0.01419
0.01495
0.01733
0.01843
0.02060
0.02185
0.02371
0.02530
0.02707
0.02875
0.03030
0.03217
0.03351
0.03568
0.03683
0.03897
0.04007
0.04251
0.04324
0.04584
0.04651
0.04929
0.04977
0.05249
0.05301
0.05582
0.05637
0.05905
0.05954
0.06223
0.06305
0.06555
0.06628
0.06863
0.06967
0.07187
0.07327
0.07468
0.07666
0.07797
0.07999
0.07785
0.05444
-0.03030
-0.12012
-0.10373
-0.08603
-0.12692
-0.09982
-0.11673
-0.10947
-0.10458
-0.10794
-0.09390
-0.09863
-0.08316
-0.08615
-0.07269
-0.07312
-0.06216
-0.06067
-0.05246
-0.04968
-0.04379
-0.04016
-0.03641
-0.03238
-0.03018
-0.02606
-0.02496
-0.02115
-0.02072
-0.01706
-0.01715
-0.01379
-0.01422
-0.01093
-0.01144
-0.00842
-0.00891
-0.00613
-0.00616
-0.00385
-0.00354
-0.00143
-0.00082
0.00110
0.00211
0.00366
0.00513
0.00650
0.00821
0.00946
0.01141
0.01251
0.01474
0.01559
0.01816
0.01874
0.02164
0.02206
0.02481
0.02548
0.02817
0.02896
0.03140
0.03229
0.03464
0.03586
0.03793
0.03922
0.04114
0.04263
0.04440
0.04614
0.04742
0.04959
0.05063
0.05298
0.05377
0.05640
0.05698
0.05969
0.06024
0.06281
0.06366
0.06625
0.06677
0.06952
0.06992
0.07306
0.07333
0.07605
0.07626
0.07938
0.07968
0.07446
0.02853
-0.07175
-0.12695
-0.08569
-0.10577
-0.12009
-0.09921
-0.12219
-0.10065
-0.11157
-0.09860
-0.09818
-0.09164
-0.08444
-0.08157
-0.07166
-0.07040
-0.05984
-0.05920
-0.04953
-0.04916
-0.04077
-0.04013
-0.03342
-0.03268
-0.02753
-0.02652
-0.02271
-0.02142
-0.01898
-0.01733
-0.01569
-0.01401
-0.01294
-0.01102
-0.01053
-0.00824
-0.00824
-0.00568
-0.00586
-0.00308
-0.00336
-0.00061
-0.00070
0.00211
0.00214
0.00482
0.00497
0.00781
0.00812
0.01071
0.01141
0.01367
0.01486
0.01678
0.01828
0.01990
0.02173
0.02310
0.02524
0.02634
0.02863
0.02966
0.03207
0.03287
0.03558
0.03610
0.03897
0.03943
0.04221
0.04282
0.04565
0.04611
0.04874
0.04953
0.05194
0.05295
0.05511
0.05627
0.05823
0.05975
0.06149
0.06302
0.06467
0.06641
0.06787
0.06979
0.07089
0.07336
0.07407
0.07672
0.07693
0.08011
0.07886
0.06461
-0.00787
-0.10696
-0.11499
-0.08124
-0.12347
-0.10541
-0.10992
-0.11597
-0.10117
-0.11148
-0.09344
-0.10010
-0.08508
-0.08658
-0.07516
-0.07291
-0.06497
-0.06042
-0.05502
-0.04926
-0.04614
-0.03989
-0.03827
-0.03214
-0.03168
-0.02603
-0.02606
-0.02118
-0.02130
-0.01752
-0.01746
-0.01437
-0.01413
-0.01166
-0.01132
-0.00925
-0.00864
-0.00687
-0.00601
-0.00458
-0.00339
-0.00226
-0.00049
0.00012
0.00235
0.00293
0.00516
0.00577
0.00821
0.00882
0.01132
0.01193
0.01450
0.01520
0.01779
0.01846
0.02109
0.02176
0.02444
0.02521
0.02759
0.02875
0.03067
0.03238
0.03397
0.03568
0.03732
0.03906
0.04056
0.04251
0.04373
0.04596
0.04694
0.04935
0.05008
0.05273
0.05338
0.05603
0.05649
0.05939
0.05978
0.06274
0.06311
0.06580
0.06647
0.06915
0.06985
0.07220
0.07303
0.07538
0.07672
0.07852
0.07962
0.07678
0.04465
-0.04984
-0.12668
-0.09439
-0.09372
-0.12662
-0.09705
-0.12082
-0.10477
-0.10815
-0.10394
-0.09509
-0.09619
-0.08310
-0.08505
-0.07129
-0.07257
-0.06052
-0.06067
-0.05075
-0.04965
-0.04214
-0.04037
-0.03500
-0.03253
-0.02896
-0.02628
-0.02399
-0.02127
-0.02002
-0.01703
-0.01682
-0.01361
-0.01392
-0.01077
-0.01120
-0.00839
-0.00854
-0.00592
-0.00610
-0.00348
-0.00363
-0.00092
-0.00085
0.00159
0.00195
0.00418
0.00513
0.00699
0.00824
0.00986
0.01157
0.01282
0.01498
0.01593
0.01825
0.01926
0.02164
0.02246
0.02499
0.02588
0.02838
0.02911
0.03174
0.03253
0.03513
0.03586
0.03839
0.03925
0.04172
0.04272
0.04483
0.04602
0.04813
0.04944
0.05130
0.05283
0.05441
0.05630
0.05759
0.05966
0.06070
0.06311
0.06390
0.06641
0.06708
0.06982
0.07040
0.07306
0.07324
0.07657
0.07672
0.07993
0.07867
0.07059
0.01440
-0.08914
-0.12543
-0.08060
-0.11362
-0.11548
-0.10199
-0.12137
-0.09921
-0.11264
-0.09576
-0.09937
-0.08865
-0.08514
-0.07925
-0.07172
-0.06839
-0.05960
-0.05792
-0.04904
-0.04810
-0.03998
-0.03964
-0.03262
-0.03253
-0.02652
-0.02652
-0.02185
-0.02173
-0.01804
-0.01764
-0.01489
-0.01425
-0.01236
-0.01114
-0.00998
-0.00845
-0.00760
-0.00592
-0.00519
-0.00336
-0.00284
-0.00064
-0.00021
0.00208
0.00244
0.00497
0.00534
0.00803
0.00830
0.01099
0.01160
0.01419
0.01489
0.01721
0.01831
0.02039
0.02185
0.02356
0.02521
0.02689
0.02869
0.03009
0.03220
0.03323
0.03577
0.03653
0.03900
0.03992
0.04239
0.04318
0.04578
0.04630
0.04916
0.04968
0.05237
0.05295
0.05551
0.05643
0.05884
0.05975
0.06183
0.06317
0.06509
0.06662
0.06818
0.06979
0.07144
0.07330
0.07455
0.07660
0.07770
0.08014
0.07788
0.05707
-0.02396
-0.11688
-0.10767
-0.08423
-0.12582
-0.10162
-0.11475
-0.11148
-0.10330
-0.10886
-0.09378
-0.09918
-0.08368
-0.08621
-0.07339
-0.07300
-0.06314
-0.06033
-0.05334
-0.04941
-0.04459
-0.03992
-0.03714
-0.03204
-0.03085
-0.02579
-0.02545
-0.02106
-0.02097
-0.01712
-0.01743
-0.01370
-0.01443
-0.01102
-0.01154
-0.00858
-0.00876
-0.00644
-0.00613
-0.00406
-0.00345
-0.00168
-0.00076
0.00076
0.00223
0.00345
0.00513
0.00629
0.00821
0.00928
0.01138
0.01233
0.01468
0.01553
0.01801
0.01865
0.02142
0.02203
0.02472
0.02536
0.02792
0.02890
0.03128
0.03229
0.03452
0.03564
0.03793
0.03906
0.04105
0.04254
0.04422
0.04602
0.04736
0.04944
0.05051
0.05295
0.05359
0.05627
0.05688
0.05963
0.06015
0.06284
0.06329
0.06638
0.06659
0.06946
0.06976
0.07263
0.07333
0.07602
0.07632
0.07901
0.07974
0.07578
0.03384
-0.06552
-0.12674
-0.08762
-0.10248
-0.12204
-0.09827
-0.12210
-0.10156
-0.11081
-0.09991
-0.09750
-0.09299
-0.08414
-0.08258
-0.07156
-0.07114
-0.06018
-0.05960
-0.04987
-0.04929
-0.04117
-0.04041
-0.03363
-0.03281
-0.02786
-0.02652
-0.02316
-0.02130
-0.01932
-0.01718
-0.01614
-0.01376
-0.01334
-0.01086
-0.01077
-0.00821
-0.00836
-0.00577
-0.00586
-0.00330
-0.00330
-0.00082
-0.00064
0.00177
0.00223
0.00455
0.00516
0.00742
0.00824
0.01044
0.01154
0.01340
0.01483
0.01660
0.01819
0.01978
0.02167
0.02292
0.02524
0.02603
0.02872
0.02939
0.03210
0.03275
0.03534
0.03613
0.03876
0.03952
0.04199
0.04272
0.04532
0.04617
0.04858
0.04944
0.05173
0.05295
0.05490
0.05643
0.05795
0.05978
0.06116
0.06320
0.06430
0.06650
0.06757
0.06985
0.07062
0.07330
0.07373
0.07693
0.07660
0.08002
0.07910
0.06793
0.00018
-0.10211
-0.11783
-0.07986
-0.12155
-0.10788
-0.10742
-0.11765
-0.10022
-0.11255
-0.09354
-0.10056
-0.08572
-0.08661
-0.07623
-0.07278
-0.06598
-0.06030
-0.05588
-0.04932
-0.04669
-0.04001
-0.03870
-0.03232
-0.03189
-0.02618
-0.02631
-0.02139
-0.02148
-0.01755
-0.01764
-0.01440
-0.01437
-0.01160
-0.01144
-0.00931
-0.00864
-0.00708
-0.00595
-0.00485
-0.00327
-0.00247
-0.00052
0.00003
0.00226
0.00275
0.00522
0.00555
0.00824
0.00858
0.01132
0.01184
0.01440
0.01501
0.01770
0.01834
0.02094
0.02176
0.02408
0.02533
0.02734
0.02872
0.03064
0.03214
0.03394
0.03564
0.03699
0.03925
0.04016
0.04260
0.04352
0.04581
0.04688
0.04926
0.04993
0.05258
0.05328
0.05597
0.05646
0.05927
0.05960
0.06271
0.06296
0.06580
0.06616
0.06900
0.06976
0.07211
0.07306
0.07513
0.07669
0.07843
0.07983
0.07751
0.04980
-0.04065
-0.12436
-0.09827
-0.09003
-0.12723
-0.09781
-0.11917
-0.10654
-0.10678
-0.10571
-0.09460
-0.09732
-0.08307
-0.08578
-0.07187
-0.07291
-0.06113
-0.06076
-0.05145
-0.04974
-0.04285
-0.04031
-0.03558
-0.03250
-0.02948
-0.02618
-0.02451
-0.02106
-0.02048
-0.01691
-0.01706
-0.01367
-0.01398
-0.01089
-0.01123
-0.00842
-0.00864
-0.00610
-0.00601
-0.00372
-0.00354
-0.00122
-0.00079
0.00140
0.00195
0.00412
0.00497
0.00693
0.00812
0.00980
0.01144
0.01276
0.01483
0.01584
0.01819
0.01904
0.02161
0.02225
0.02502
0.02554
0.02847
0.02890
0.03168
0.03241
0.03503
0.03577
0.03830
0.03906
0.04160
0.04257
0.04477
0.04593
0.04791
0.04947
0.05106
0.05286
0.05420
0.05627
0.05743
0.05960
0.06049
0.06314
0.06366
0.06647
0.06671
0.06982
0.07007
0.07321
0.07312
0.07629
0.07669
0.08005
0.07941
0.07224
0.02054
-0.08163
-0.12634
-0.08267
-0.10995
-0.11743
-0.10077
-0.12186
-0.09976
-0.11224
-0.09698
-0.09888
-0.08990
-0.08496
-0.08026
-0.07166
-0.06940
-0.05954
-0.05862
-0.04907
-0.04877
-0.04004
-0.04004
-0.03281
-0.03275
-0.02692
-0.02658
-0.02216
-0.02167
-0.01840
-0.01749
-0.01529
-0.01404
-0.01266
-0.01105
-0.01019
-0.00842
-0.00781
-0.00580
-0.00555
-0.00314
-0.00311
-0.00064
-0.00037
0.00201
0.00238
0.00482
0.00531
0.00784
0.00836
0.01080
0.01154
0.01389
0.01501
0.01688
0.01834
0.02017
0.02182
0.02338
0.02521
0.02664
0.02869
0.02991
0.03217
0.03308
0.03564
0.03644
0.03894
0.03970
0.04233
0.04297
0.04578
0.04614
0.04898
0.04956
0.05237
0.05289
0.05545
0.05621
0.05865
0.05981
0.06165
0.06305
0.06488
0.06653
0.06808
0.06976
0.07126
0.07327
0.07437
0.07660
0.07748
0.08032
0.07843
0.06012
-0.01758
-0.11298
-0.11093
-0.08276
-0.12469
-0.10297
-0.11273
-0.11365
-0.10220
-0.11017
-0.09344
-0.09976
-0.08429
-0.08630
-0.07413
-0.07291
-0.06390
-0.06036
-0.05408
-0.04929
-0.04523
-0.03995
-0.03748
-0.03223
-0.03110
-0.02600
-0.02567
-0.02100
-0.02142
-0.01694
-0.01776
-0.01370
-0.01443
-0.01123
-0.01147
-0.00879
-0.00876
-0.00653
-0.00620
-0.00424
-0.00348
-0.00183
-0.00070
0.00052
0.00226
0.00317
0.00525
0.00601
0.00827
0.00903
0.01144
0.01202
0.01477
0.01520
0.01807
0.01846
0.02130
0.02188
0.02463
0.02533
0.02780
0.02881
0.03110
0.03229
0.03427
0.03571
0.03754
0.03925
0.04071
0.04257
0.04395
0.04605
0.04718
0.04941
0.05032
0.05283
0.05362
0.05609
0.05679
0.05948
0.06009
0.06277
0.06308
0.06616
0.06650
0.06940
0.06976
0.07245
0.07318
0.07602
0.07657
0.07886
0.07941
0.07620
0.03830
-0.05908
-0.12665
-0.09012
-0.09894
-0.12405
-0.09747
-0.12186
-0.10266
-0.10992
-0.10141
-0.09662
-0.09439
-0.08377
-0.08350
-0.07150
-0.07166
-0.06036
-0.06000
-0.05023
-0.04941
-0.04163
-0.04034
-0.03439
-0.03247
-0.02853
-0.02625
-0.02359
-0.02130
-0.01953
-0.01727
-0.01617
-0.01392
-0.01337
-0.01096
-0.01096
-0.00821
-0.00848
-0.00571
-0.00616
-0.00327
-0.00348
-0.00082
-0.00073
0.00165
0.00214
0.00449
0.00513
0.00726
0.00815
0.01028
0.01147
0.01321
0.01483
0.01633
0.01825
0.01953
0.02164
0.02277
0.02509
0.02606
0.02847
0.02933
0.03201
0.03256
0.03540
0.03586
0.03867
0.03934
0.04196
0.04260
0.04517
0.04611
0.04834
0.04962
0.05142
0.05292
0.05475
0.05627
0.05786
0.05963
0.06110
0.06302
0.06418
0.06647
0.06726
0.07001
0.07037
0.07318
0.07370
0.07681
0.07690
0.07980
0.07877
0.06927
0.00644
-0.09659
-0.12061
-0.07941
-0.11865
-0.11111
-0.10507
-0.11938
-0.09955
-0.11285
-0.09445
-0.10013
-0.08682
-0.08621
-0.07733
-0.07245
-0.06702
-0.06000
-0.05679
-0.04910
-0.04733
-0.04001
-0.03915
-0.03247
-0.03210
-0.02643
-0.02640
-0.02161
-0.02155
-0.01773
-0.01764
-0.01459
-0.01434
-0.01190
-0.01129
-0.00961
-0.00851
-0.00739
-0.00586
-0.00504
-0.00330
-0.00256
-0.00064
-0.00003
0.00217
0.00266
0.00510
0.00552
0.00812
0.00845
0.01126
0.01166
0.01428
0.01505
0.01736
0.01840
0.02075
0.02176
0.02386
0.02530
0.02719
0.02869
0.03043
0.03210
0.03372
0.03555
0.03699
0.03891
0.04022
0.04242
0.04340
0.04578
0.04660
0.04929
0.04984
0.05249
0.05310
0.05588
0.05646
0.05902
0.05966
0.06223
0.06308
0.06564
0.06622
0.06873
0.06973
0.07196
0.07318
0.07492
0.07657
0.07816
0.07999
0.07776
0.05365
-0.03299
-0.12143
-0.10205
-0.08704
-0.12711
-0.09918
-0.11740
-0.10861
-0.10532
-0.10730
-0.09418
-0.09830
-0.08307
-0.08618
-0.07239
-0.07312
-0.06186
-0.06064
-0.05228
-0.04968
-0.04355
-0.04028
-0.03607
-0.03247
-0.03006
-0.02597
-0.02499
-0.02103
-0.02069
-0.01700
-0.01715
-0.01376
-0.01413
-0.01089
-0.01141
-0.00836
-0.00897
-0.00601
-0.00620
-0.00378
-0.00348
-0.00153
-0.00064
0.00104
0.00220
0.00372
0.00513
0.00656
0.00827
0.00943
0.01151
0.01257
0.01474
0.01572
0.01807
0.01889
0.02158
0.02216
0.02487
0.02554
0.02823
0.02893
0.03159
0.03220
0.03482
0.03577
0.03812
0.03909
0.04132
0.04254
0.04462
0.04596
0.04770
0.04941
0.05090
0.05283
0.05405
0.05621
0.05716
0.05969
0.06030
0.06296
0.06354
0.06644
0.06665
0.06964
0.06998
0.07321
0.07321
0.07623
0.07629
0.07968
0.07953
0.07394
0.02655
-0.07437
-0.12683
-0.08490
-0.10678
-0.11951
-0.09946
-0.12234
-0.10016
-0.11200
-0.09799
-0.09851
-0.09113
-0.08459
-0.08127
-0.07159
-0.07016
-0.05972
-0.05902
-0.04950
-0.04895
-0.04065
-0.04004
-0.03329
-0.03268
-0.02740
-0.02649
-0.02252
-0.02155
-0.01874
-0.01740
-0.01563
-0.01392
-0.01294
-0.01099
-0.01044
-0.00830
-0.00812
-0.00571
-0.00577
-0.00311
-0.00327
-0.00067
-0.00055
0.00211
0.00217
0.00491
0.00494
0.00797
0.00809
0.01080
0.01141
0.01373
0.01486
0.01685
0.01828
0.01999
0.02173
0.02322
0.02521
0.02640
0.02863
0.02982
0.03198
0.03308
0.03543
0.03629
0.03894
0.03952
0.04221
0.04288
0.04559
0.04623
0.04877
0.04953
0.05209
0.05289
0.05533
0.05606
0.05850
0.05966
0.06161
0.06296
0.06479
0.06641
0.06793
0.06985
0.07095
0.07333
0.07419
0.07663
0.07718
0.08014
0.07883
0.06314
-0.01093
-0.10898
-0.11374
-0.08167
-0.12396
-0.10458
-0.11084
-0.11533
-0.10153
-0.11108
-0.09329
-0.10025
-0.08456
-0.08673
-0.07468
-0.07300
-0.06461
-0.06036
-0.05481
-0.04922
-0.04587
-0.03992
-0.03799
-0.03220
-0.03146
-0.02609
-0.02588
-0.02112
-0.02139
-0.01727
-0.01767
-0.01398
-0.01437
-0.01144
-0.01147
-0.00906
-0.00870
-0.00671
-0.00613
-0.00449
-0.00336
-0.00220
-0.00052
0.00024
0.00229
0.00299
0.00522
0.00580
0.00824
0.00885
0.01135
0.01202
0.01443
0.01529
0.01779
0.01855
0.02106
0.02185
0.02444
0.02530
0.02765
0.02875
0.03082
0.03232
0.03409
0.03568
0.03738
0.03909
0.04062
0.04254
0.04379
0.04599
0.04700
0.04938
0.05014
0.05276
0.05350
0.05597
0.05664
0.05930
0.06003
0.06265
0.06311
0.06586
0.06656
0.06924
0.06989
0.07230
0.07297
0.07574
0.07651
0.07864
0.07950
0.07660
0.04266
-0.05264
-0.12714
-0.09293
-0.09521
-0.12604
-0.09708
-0.12122
-0.10416
-0.10870
-0.10318
-0.09555
-0.09570
-0.08319
-0.08466
-0.07126
-0.07233
-0.06039
-0.06055
-0.05051
-0.04965
-0.04190
-0.04050
-0.03464
-0.03268
-0.02869
-0.02631
-0.02396
-0.02112
-0.01999
-0.01709
-0.01660
-0.01376
-0.01364
-0.01096
-0.01102
-0.00842
-0.00851
-0.00592
-0.00601
-0.00351
-0.00351
-0.00092
-0.00082
0.00159
0.00204
0.00430
0.00507
0.00708
0.00821
0.00995
0.01154
0.01297
0.01489
0.01608
0.01825
0.01935
0.02158
0.02261
0.02505
0.02588
0.02844
0.02914
0.03183
0.03256
0.03519
0.03586
0.03839
0.03940
0.04169
0.04279
0.04489
0.04602
0.04828
0.04935
0.05154
0.05258
0.05472
0.05615
0.05780
0.05948
0.06097
0.06296
0.06412
0.06631
0.06717
0.06995
0.07028
0.07324
0.07330
0.07669
0.07678
0.07980
0.07840
0.07001
0.01221
-0.09119
-0.12430
-0.07999
-0.11536
-0.11404
-0.10309
-0.12070
-0.09924
-0.11279
-0.09531
-0.09964
-0.08801
-0.08557
-0.07855
-0.07196
-0.06802
-0.05966
-0.05765
-0.04895
-0.04794
-0.03995
-0.03952
-0.03259
-0.03238
-0.02649
-0.02643
-0.02185
-0.02164
-0.01797
-0.01755
-0.01489
-0.01428
-0.01224
-0.01117
-0.00992
-0.00839
-0.00766
-0.00577
-0.00528
-0.00330
-0.00272
-0.00070
-0.00012
0.00211
0.00247
0.00507
0.00537
0.00800
0.00839
0.01099
0.01166
0.01419
0.01492
0.01727
0.01831
0.02054
0.02173
0.02377
0.02515
0.02695
0.02875
0.03015
0.03220
0.03342
0.03558
0.03677
0.03897
0.03992
0.04248
0.04318
0.04584
0.04636
0.04919
0.04977
0.05240
0.05292
0.05566
0.05637
0.05899
0.05957
0.06207
0.06305
0.06534
0.06650
0.06833
0.06979
0.07159
0.07321
0.07474
0.07651
0.07785
0.08008
0.07764
0.05606
-0.02655
-0.11807
-0.10623
-0.08490
-0.12634
-0.10083
-0.11566
-0.11066
-0.10382
-0.10852
-0.09375
-0.09903
-0.08337
-0.08627
-0.07306
-0.07306
-0.06277
-0.06039
-0.05307
-0.04947
-0.04428
-0.04001
-0.03680
-0.03220
-0.03061
-0.02582
-0.02542
-0.02084
-0.02109
-0.01694
-0.01740
-0.01367
-0.01440
-0.01096
-0.01151
-0.00848
-0.00888
-0.00623
-0.00626
-0.00385
-0.00357
-0.00153
-0.00085
0.00095
0.00220
0.00348
0.00519
0.00629
0.00830
0.00928
0.01144
0.01239
0.01471
0.01550
0.01810
0.01871
0.02148
0.02203
0.02484
0.02530
0.02814
0.02881
0.03146
0.03214
0.03470
0.03568
0.03793
0.03912
0.04114
0.04251
0.04434
0.04599
0.04749
0.04938
0.05072
0.05276
0.05383
0.05618
0.05698
0.05966
0.06012
0.06293
0.06339
0.06638
0.06665
0.06958
0.06970
0.07294
0.07321
0.07611
0.07614
0.07922
0.07965
0.07532
0.03171
-0.06802
-0.12680
-0.08682
-0.10385
-0.12122
-0.09866
-0.12213
-0.10117
-0.11118
-0.09930
-0.09787
-0.09232
-0.08441
-0.08200
-0.07172
-0.07080
-0.06000
-0.05954
-0.04959
-0.04941
-0.04089
-0.04031
-0.03354
-0.03271
-0.02771
-0.02661
-0.02289
-0.02142
-0.01910
-0.01730
-0.01596
-0.01382
-0.01318
-0.01096
-0.01062
-0.00830
-0.00818
-0.00583
-0.00586
-0.00317
-0.00330
-0.00073
-0.00070
0.00195
0.00217
0.00467
0.00510
0.00751
0.00827
0.01050
0.01160
0.01337
0.01498
0.01654
0.01834
0.01974
0.02176
0.02295
0.02521
0.02621
0.02866
0.02948
0.03214
0.03275
0.03543
0.03616
0.03879
0.03955
0.04202
0.04279
0.04547
0.04611
0.04868
0.04941
0.05182
0.05289
0.05515
0.05615
0.05823
0.05960
0.06149
0.06305
0.06439
0.06659
0.06754
0.06998
0.07065
0.07333
0.07391
0.07675
0.07669
0.07996
0.07901
0.06665
-0.00308
-0.10400
-0.11676
-0.08044
-0.12238
-0.10693
-0.10825
-0.11716
-0.10040
-0.11230
-0.09332
-0.10052
-0.08530
-0.08679
-0.07565
-0.07294
-0.06552
-0.06036
-0.05551
-0.04929
-0.04648
-0.03998
-0.03851
-0.03223
-0.03180
-0.02609
-0.02634
-0.02112
-0.02158
-0.01740
-0.01773
-0.01431
-0.01428
-0.01169
-0.01126
-0.00943
-0.00854
-0.00702
-0.00598
-0.00473
-0.00330
-0.00235
-0.00061
0.00015
0.00226
0.00281
0.00522
0.00562
0.00821
0.00867
0.01138
0.01178
0.01453
0.01501
0.01779
0.01837
0.02106
0.02164
0.02432
0.02518
0.02753
0.02869
0.03067
0.03223
0.03397
0.03564
0.03717
0.03912
0.04031
0.04263
0.04349
0.04599
0.04684
0.04926
0.05005
0.05261
0.05325
0.05615
0.05634
0.05939
0.05969
0.06274
0.06305
0.06580
0.06628
0.06906
0.06979
0.07214
0.07306
0.07516
0.07675
0.07840
0.07986
0.07721
0.04764
-0.04413
-0.12549
-0.09653
-0.09174
-0.12686
-0.09763
-0.11969
-0.10596
-0.10730
-0.10495
-0.09488
-0.09674
-0.08322
-0.08539
-0.07178
-0.07263
-0.06097
-0.06067
-0.05124
-0.04962
-0.04263
-0.04022
-0.03543
-0.03253
-0.02921
-0.02628
-0.02423
-0.02127
-0.02008
-0.01721
-0.01669
-0.01392
-0.01373
-0.01102
-0.01108
-0.00848
-0.00864
-0.00589
-0.00623
-0.00342
-0.00375
-0.00098
-0.00092
0.00153
0.00201
0.00403
0.00513
0.00684
0.00830
0.00977
0.01147
0.01279
0.01492
0.01581
0.01834
0.01898
0.02170
0.02237
0.02493
0.02582
0.02829
0.02905
0.03174
0.03238
0.03516
0.03577
0.03836
0.03915
0.04160
0.04266
0.04474
0.04599
0.04797
0.04944
0.05121
0.05280
0.05432
0.05624
0.05746
0.05966
0.06061
0.06308
0.06384
0.06635
0.06689
0.06985
0.07016
0.07318
0.07309
0.07635
0.07672
0.08002
0.07904
0.07166
0.01797
-0.08463
-0.12616
-0.08176
-0.11133
-0.11670
-0.10117
-0.12180
-0.09930
-0.11264
-0.09631
-0.09918
-0.08936
-0.08502
-0.07986
-0.07169
-0.06897
-0.05960
-0.05832
-0.04904
-0.04852
-0.03998
-0.03989
-0.03275
-0.03262
-0.02679
-0.02652
-0.02213
-0.02161
-0.01834
-0.01752
-0.01511
-0.01419
-0.01251
-0.01108
-0.01016
-0.00833
-0.00787
-0.00571
-0.00546
-0.00330
-0.00290
-0.00067
-0.00031
0.00208
0.00226
0.00507
0.00516
0.00806
0.00821
0.01102
0.01144
0.01407
0.01489
0.01712
0.01822
0.02032
0.02173
0.02356
0.02515
0.02673
0.02872
0.03000
0.03210
0.03323
0.03561
0.03650
0.03903
0.03967
0.04245
0.04300
0.04578
0.04617
0.04910
0.04953
0.05240
0.05292
0.05542
0.05640
0.05872
0.05972
0.06189
0.06293
0.06512
0.06641
0.06824
0.06973
0.07132
0.07330
0.07440
0.07663
0.07755
0.08023
0.07825
0.05884
-0.02005
-0.11481
-0.10965
-0.08337
-0.12509
-0.10248
-0.11353
-0.11279
-0.10263
-0.10968
-0.09348
-0.09973
-0.08386
-0.08640
-0.07379
-0.07294
-0.06360
-0.06033
-0.05383
-0.04919
-0.04514
-0.03973
-0.03754
-0.03201
-0.03110
-0.02582
-0.02563
-0.02100
-0.02124
-0.01712
-0.01746
-0.01385
-0.01431
-0.01120
-0.01147
-0.00873
-0.00870
-0.00656
-0.00613
-0.00415
-0.00348
-0.00180
-0.00073
0.00070
0.00217
0.00333
0.00519
0.00610
0.00827
0.00912
0.01135
0.01227
0.01465
0.01538
0.01801
0.01855
0.02130
0.02203
0.02457
0.02536
0.02786
0.02884
0.03119
0.03229
0.03442
0.03561
0.03778
0.03906
0.04095
0.04248
0.04407
0.04605
0.04724
0.04941
0.05042
0.05286
0.05359
0.05621
0.05673
0.05969
0.06000
0.06293
0.06308
0.06625
0.06656
0.06943
0.06967
0.07257
0.07321
0.07605
0.07648
0.07886
0.07962
0.07599
0.03656
-0.06165
-0.12650
-0.08902
-0.10043
-0.12317
-0.09778
-0.12192
-0.10236
-0.11011
-0.10086
-0.09698
-0.09375
-0.08405
-0.08307
-0.07153
-0.07147
-0.06024
-0.05991
-0.05002
-0.04932
-0.04153
-0.04031
-0.03409
-0.03268
-0.02814
-0.02649
-0.02338
-0.02127
-0.01947
-0.01721
-0.01627
-0.01370
-0.01349
-0.01083
-0.01086
-0.00830
-0.00830
-0.00586
-0.00595
-0.00333
-0.00336
-0.00085
-0.00070
0.00168
0.00223
0.00449
0.00513
0.00729
0.00830
0.01022
0.01163
0.01318
0.01486
0.01645
0.01822
0.01965
0.02161
0.02286
0.02512
0.02609
0.02853
0.02939
0.03201
0.03262
0.03543
0.03592
0.03870
0.03946
0.04190
0.04269
0.04517
0.04617
0.04846
0.04947
0.05164
0.05286
0.05487
0.05634
0.05786
0.05972
0.06116
0.06302
0.06430
0.06641
0.06747
0.06989
0.07040
0.07327
0.07373
0.07675
0.07697
0.07971
0.07910
0.06885
0.00427
-0.09891
-0.11942
-0.07938
-0.12000
-0.10968
-0.10602
-0.11874
-0.09979
-0.11279
-0.09409
-0.10034
-0.08633
-0.08652
-0.07675
-0.07272
-0.06653
-0.06018
-0.05646
-0.04913
-0.04715
-0.03998
-0.03900
-0.03238
-0.03207
-0.02631
-0.02640
-0.02151
-0.02158
-0.01761
-0.01764
-0.01459
-0.01428
-0.01178
-0.01138
-0.00949
-0.00858
-0.00729
-0.00577
-0.00513
-0.00314
-0.00262
-0.00049
-0.00009
0.00223
0.00269
0.00516
0.00552
0.00818
0.00851
0.01123
0.01175
0.01440
0.01486
0.01767
0.01828
0.02090
0.02164
0.02411
0.02515
0.02740
0.02863
0.03055
0.03210
0.03375
0.03561
0.03702
0.03903
0.04022
0.04248
0.04337
0.04593
0.04666
0.04922
0.04993
0.05252
0.05319
0.05588
0.05655
0.05905
0.05969
0.06235
0.06317
0.06549
0.06641
0.06860
0.06992
0.07196
0.07318
0.07498
0.07660
0.07831
0.07983
0.07800
0.05249
-0.03540
-0.12296
-0.10040
-0.08810
-0.12726
-0.09848
-0.11819
-0.10779
-0.10583
-0.10678
-0.09436
-0.09793
-0.08310
-0.08603
-0.07220
-0.07312
-0.06146
-0.06082
-0.05182
-0.04984
-0.04321
-0.04031
-0.03598
-0.03244
-0.02979
-0.02615
-0.02472
-0.02109
-0.02063
-0.01685
-0.01727
-0.01358
-0.01416
-0.01083
-0.01132
-0.00842
-0.00882
-0.00601
-0.00616
-0.00366
-0.00360
-0.00131
-0.00079
0.00128
0.00211
0.00378
0.00522
0.00656
0.00833
0.00952
0.01147
0.01266
0.01477
0.01572
0.01819
0.01895
0.02155
0.02225
0.02487
0.02554
0.02838
0.02890
0.03165
0.03223
0.03497
0.03571
0.03824
0.03903
0.04144
0.04254
0.04465
0.04605
0.04767
0.04953
0.05090
0.05286
0.05411
0.05624
0.05728
0.05966
0.06033
0.06305
0.06366
0.06638
0.06668
0.06964
0.07007
0.07315
0.07327
0.07614
0.07657
0.07980
0.07947
0.07339
0.02423
-0.07693
-0.12683
-0.08316
-0.10498
-0.11145
-0.08972
-0.10928
-0.08398
-0.09369
-0.07672
-0.07568
-0.06595
-0.05844
-0.05322
-0.04315
-0.04044
-0.03000
-0.02875
-0.01935
-0.01892
-0.01096
-0.01108
-0.00482
-0.00516
-0.00073
-0.00092
0.00195
0.00168
0.00345
0.00305
0.00412
0.00369
0.00406
0.00375
0.00369
0.00351
0.00308
0.00308
0.00244
0.00269
0.00186
0.00220
0.00143
0.00177
0.00116
0.00146
0.00092
0.00125
0.00092
0.00101
0.00098
0.00089
0.00107
0.00089
0.00101
0.00101
0.00107
0.00104
0.00110
0.00107
0.00116
0.00110
0.00113
0.00113
0.00116
0.00107
0.00113
0.00098
0.00119
0.00085
0.00107
0.00082
0.00104
0.00070
0.00092
0.00058
0.00085
0.00055
0.00064
0.00052
0.00049
0.00052
0.00031
0.00046
0.00024
0.00037
0.00012
0.00034
0.00006
0.00024
0.00000
0.00021
-0.00012
0.00015
-0.00031
-0.00024
-0.00046
-0.00012
-0.00037
-0.00015
-0.00024
-0.00015
-0.00015
-0.00012
-0.00012
0.00000
-0.00012
0.00000
-0.00006
0.00003
-0.00006
0.00009
-0.00006
0.00009
-0.00006
0.00009
-0.00003
0.00012
-0.00009
0.00009
0.00000
0.00006
-0.00003
0.00006
-0.00003
0.00006
-0.00006
0.00012
-0.00009
0.00006
-0.00006
0.00003
0.00006
-0.00009
0.00012
-0.00015
0.00012
-0.00009
0.00006
-0.00003
0.00003
-0.00003
0.00000
0.00000
0.00000
0.00000
0.00000
0.00000
0.00000
-0.00003
0.00006
-0.00003
0.00000
0.00000
0.00000
0.00000
0.00000
-0.00003
0.00003
-0.00003
0.00006
-0.00009
0.00009
-0.00006
0.00006
-0.00003
-0.00003
0.00003
0.00003
-0.00006
0.00003
0.00000
-0.00003
0.00009
-0.00015
0.00015
-0.00015
0.00015
-0.00006
0.00000
0.00000
0.00000
0.00003
0.00000
-0.00003
0.00006
-0.00009
0.00009
-0.00003
-0.00003
0.00006
-0.00006
0.00009
-0.00009
0.00003
0.00000
0.00003
-0.00003
-0.00003
0.00003
-0.00003
0.00003
0.00000
-0.00006
0.00006
-0.00003
0.00003
0.00000
-0.00003
0.00006
-0.00009
0.00009
-0.00006
0.00006
-0.00006
0.00006
-0.00003
0.00000
0.00003
-0.00006
0.00009
-0.00009
0.00009
-0.00009
0.00006
-0.00003
0.00000
0.00003
-0.00003
0.00003
-0.00006
0.00006
0.00000
-0.00003
0.00003
0.00000
-0.00003
0.00006
-0.00009
0.00012
-0.00009
0.00003
0.00003
-0.00003
0.00003
0.00000
-0.00003
0.00006
-0.00006
0.00006
-0.00009
0.00012
-0.00012
0.00009
-0.00006
0.00003
0.00003
-0.00006
0.00006
-0.00003
-0.00003
0.00003
0.00000
-0.00003
0.00003
-0.00003
0.00003
-0.00003
0.00003
-0.00003
0.00003
-0.00003
0.00003
-0.00003
0.00003
-0.00003
0.00003
-0.00006
0.00009
-0.00009
0.00009
-0.00009
0.00009
-0.00009
0.00009
-0.00006
0.00000
0.00003
-0.00003
0.00000
0.00006
-0.00009
0.00009
-0.00009
0.00006
-0.00003
0.00003
-0.00003
0.00003
-0.00003
0.00006
-0.00009
0.00009
-0.00009
0.00003
0.00003
-0.00003
0.00000
0.00006
-0.00009
0.00015
-0.00018
0.00012
-0.00006
0.00003
-0.00003
0.00006
-0.00006
0.00003
0.00000
0.00000
-0.00003
0.00006
-0.00009
0.00012
-0.00009
0.00006
-0.00003
-0.00003
0.00006
-0.00006
0.00009
-0.00012
0.00006
0.00006
-0.00012
0.00009
-0.00006
0.00000
0.00006
-0.00009
0.00009
-0.00012
0.00012
-0.00012
0.00009
-0.00006
0.00000
0.00003
-0.00003
0.00003
-0.00003
0.00003
-0.00003
-0.00003
0.00003
0.00003
-0.00003
0.00000
0.00000
0.00000
-0.00003
0.00009
-0.00012
0.00012
-0.00009
0.00003
0.00003
0.00000
-0.00003
0.00006
-0.00006
0.00003
0.00003
-0.00009
0.00006
0.00000
-0.00003
0.00006
-0.00012
0.00012
-0.00009
0.00000
0.00012
-0.00018
0.00015
-0.00012
0.00009
-0.00003
0.00000
-0.00003
0.00006
-0.00003
0.00003
-0.00003
0.00000
0.00000
0.00003
0.00000
0.00000
-0.00006
0.00009
-0.00012
0.00015
-0.00009
0.00003
-0.00003
0.00006
-0.00009
0.00006
0.00000
-0.00006
0.00006
-0.00003
0.00000
0.00000
0.00000
0.00000
-0.00003
0.00003
-0.00003
0.00000
0.00006
-0.00009
0.00006
0.00003
-0.00012
0.00018
-0.00018
0.00015
-0.00012
0.00009
-0.00006
0.00009
-0.00009
0.00009
-0.00006
0.00003
-0.00003
0.00000
0.00006
-0.00006
0.00006
-0.00009
0.00006
0.00003
-0.00006
0.00003
0.00000
0.00000
0.00000
0.00000
-0.00003
0.00000
0.00003
0.00000
-0.00006
0.00006
-0.00006
0.00009
-0.00009
0.00006
-0.00003
0.00000
0.00006
-0.00006
0.00003
0.00000
0.00000
-0.00003
0.00006
-0.00009
0.00006
-0.00003
0.00000
0.00003
-0.00006
0.00006
-0.00006
0.00006
-0.00003
0.00003
-0.00003
0.00000
0.00003
-0.00006
0.00009
-0.00009
0.00009
-0.00009
0.00006
-0.00003
0.00003
-0.00006
0.00009
-0.00012
0.00012
-0.00006
0.00000
0.00003
-0.00006
0.00009
-0.00009
0.00009
-0.00009
0.00006
0.00000
-0.00003
0.00006
-0.00006
0.00006
-0.00003
0.00000
0.00003
0.00000
-0.00003
0.00003
-0.00003
0.00006
-0.00012
0.00018
-0.00015
0.00006
0.00000
-0.00003
0.00003
0.00000
0.00000
-0.00003
-0.00003
0.00009
-0.00012
0.00012
-0.00009
0.00003
0.00003
-0.00009
0.00012
-0.00012
0.00012
-0.00003
-0.00006
0.00006
0.00003
-0.00006
0.00003
0.00000
0.00000
-0.00003
0.00006
-0.00003
