-0.00003
0.00003
-0.00003
0.00006
-0.00006
0.00003
-0.00003
0.00003
-0.00003
0.00003
-0.00009
0.00009
-0.00006
0.00003
0.00000
-0.00003
0.00000
0.00003
-0.00006
0.00006
-0.00006
0.00009
-0.00006
0.00000
0.00000
0.00006
-0.00003
0.00000
0.00000
0.00000
0.00003
-0.00003
0.00000
0.00000
0.00000
0.00003
-0.00003
0.00000
0.00000
-0.00003
0.00009
-0.00015
0.00015
-0.00006
0.00000
0.05789
0.04837
0.04785
0.06311
0.06277
0.06039
0.05951
0.06619
0.06522
0.06476
0.06354
0.06570
0.06445
0.06329
0.06192
0.06116
0.05972
0.05725
0.05579
0.05295
0.05151
0.04773
0.04614
0.04221
0.04037
0.03598
0.03424
0.02945
0.02783
0.02283
0.02106
0.01614
0.01437
0.00943
0.00775
0.00281
0.00122
-0.00354
-0.00510
-0.00958
-0.01117
-0.01529
-0.01685
-0.02072
-0.02216
-0.02570
-0.02704
-0.03027
-0.03156
-0.03442
-0.03564
-0.03815
-0.03940
-0.04138
-0.04276
-0.04440
-0.04568
-0.04703
-0.04828
-0.04935
-0.05069
-0.05136
-0.05273
-0.05325
-0.05453
-0.05496
-0.05618
-0.05655
-0.05765
-0.05801
-0.05899
-0.05948
-0.06036
-0.06070
-0.06180
-0.06198
-0.06314
-0.06339
-0.06454
-0.06470
-0.06601
-0.06619
-0.06750
-0.06775
-0.06909
-0.06943
-0.07071
-0.07120
-0.07254
-0.07297
-0.07455
-0.07486
-0.07651
-0.07700
-0.07858
-0.07919
-0.08075
-0.08148
-0.08289
-0.08405
-0.08514
-0.08643
-0.08762
-0.08887
-0.09012
-0.09140
-0.09262
-0.09396
-0.09521
-0.09653
-0.09778
-0.09912
-0.10040
-0.10172
-0.10294
-0.10434
-0.10556
-0.10678
-0.10818
-0.10931
-0.11069
-0.11179
-0.11319
-0.11432
-0.11545
-0.11639
-0.08600
0.09082
0.20425
0.09695
0.21146
0.20834
0.19470
0.19940
0.21130
0.23080
0.21274
0.22235
0.21954
0.22751
0.21683
0.21750
0.21295
0.21075
0.20346
0.19727
0.19193
0.18375
0.17709
0.16699
0.16068
0.14963
0.14258
0.13077
0.12384
0.11148
0.10461
0.09186
0.08536
0.07263
0.06625
0.05399
0.04773
0.03601
0.03027
0.01889
0.01382
0.00311
-0.00156
-0.01129
-0.01569
-0.02429
-0.02835
-0.03601
-0.03952
-0.04630
-0.04935
-0.05515
-0.05783
-0.06265
-0.06497
-0.06894
-0.07089
-0.07401
-0.07581
-0.07788
-0.07968
-0.08099
-0.08249
-0.08337
-0.08456
-0.08496
-0.08609
-0.08594
-0.08704
-0.08655
-0.08749
-0.08691
-0.08771
-0.08691
-0.08780
-0.08682
-0.08771
-0.08673
-0.08765
-0.08661
-0.08771
-0.08658
-0.08780
-0.08685
-0.08795
-0.08728
-0.08838
-0.08786
-0.08920
-0.08862
-0.09009
-0.08981
-0.09125
-0.09119
-0.09274
-0.09277
-0.09439
-0.09476
-0.09628
-0.09686
-0.09845
-0.09924
-0.10074
-0.10175
-0.10336
-0.10434
-0.10608
-0.10718
-0.10876
-0.11017
-0.11172
-0.11313
-0.11462
-0.11621
-0.11765
-0.11926
-0.12076
-0.12219
-0.12390
-0.12521
-0.12686
-0.12827
-0.12976
-0.13126
-0.13263
-0.13409
-0.11893
0.04288
0.26361
0.15109
0.21475
0.29123
0.23215
0.26178
0.24753
0.29486
0.26379
0.27750
0.26984
0.28207
0.27075
0.26773
0.26443
0.25928
0.25363
0.24268
0.23822
0.22675
0.21991
0.20685
0.19919
0.18631
0.17703
0.16403
0.15384
0.14148
0.13040
0.11841
0.10709
0.09579
0.08423
0.07370
0.06229
0.05255
0.04147
0.03262
0.02200
0.01407
0.00409
-0.00293
-0.01227
-0.01825
-0.02695
-0.03189
-0.03989
-0.04391
-0.05115
-0.05435
-0.06064
-0.06326
-0.06873
-0.07056
-0.07541
-0.07654
-0.08069
-0.08136
-0.08472
-0.08511
-0.08780
-0.08786
-0.08994
-0.08981
-0.09146
-0.09100
-0.09235
-0.09174
-0.09280
-0.09204
-0.09290
-0.09213
-0.09271
-0.09213
-0.09241
-0.09201
-0.09216
-0.09186
-0.09198
-0.09186
-0.09195
-0.09198
-0.09207
-0.09232
-0.09247
-0.09286
-0.09311
-0.09372
-0.09402
-0.09479
-0.09525
-0.09616
-0.09680
-0.09775
-0.09854
-0.09970
-0.10062
-0.10184
-0.10287
-0.10422
-0.10538
-0.10684
-0.10803
-0.10959
-0.11093
-0.11246
-0.11392
-0.11536
-0.11716
-0.11838
-0.12027
-0.12164
-0.12329
-0.12494
-0.12643
-0.12814
-0.12964
-0.13116
-0.13293
-0.13425
-0.13599
-0.13733
-0.13898
-0.14032
-0.13586
-0.02405
0.24948
0.21420
0.17612
0.32916
0.24982
0.28589
0.25928
0.31390
0.29074
0.29590
0.29169
0.30096
0.29590
0.28741
0.28644
0.27936
0.27554
0.26288
0.25790
0.24652
0.23862
0.22574
0.21616
0.20425
0.19238
0.18094
0.16733
0.15726
0.14209
0.13300
0.11710
0.10886
0.09277
0.08533
0.06934
0.06281
0.04715
0.04153
0.02628
0.02176
0.00723
0.00348
-0.01013
-0.01306
-0.02557
-0.02795
-0.03918
-0.04102
-0.05099
-0.05237
-0.06113
-0.06201
-0.06955
-0.07010
-0.07654
-0.07672
-0.08197
-0.08218
-0.08612
-0.08636
-0.08929
-0.08945
-0.09158
-0.09161
-0.09311
-0.09302
-0.09402
-0.09396
-0.09427
-0.09454
-0.09421
-0.09470
-0.09406
-0.09457
-0.09384
-0.09430
-0.09363
-0.09418
-0.09323
-0.09427
-0.09311
-0.09430
-0.09323
-0.09454
-0.09360
-0.09506
-0.09424
-0.09579
-0.09515
-0.09683
-0.09641
-0.09802
-0.09808
-0.09961
-0.09982
-0.10153
-0.10181
-0.10376
-0.10413
-0.10611
-0.10666
-0.10870
-0.10947
-0.11136
-0.11249
-0.11423
-0.11551
-0.11728
-0.11868
-0.12039
-0.12186
-0.12360
-0.12518
-0.12671
-0.12854
-0.12988
-0.13174
-0.13321
-0.13486
-0.13638
-0.13806
-0.13943
-0.14114
-0.14252
-0.14249
-0.07922
0.18729
0.27115
0.14761
0.32251
0.27548
0.28381
0.27200
0.30658
0.31137
0.29779
0.30356
0.30432
0.30875
0.29541
0.29547
0.28842
0.28476
0.27325
0.26599
0.25677
0.24673
0.23611
0.22369
0.21408
0.19983
0.19022
0.17441
0.16565
0.14893
0.14066
0.12332
0.11600
0.09830
0.09177
0.07425
0.06854
0.05151
0.04645
0.03024
0.02579
0.01074
0.00677
-0.00702
-0.01056
-0.02289
-0.02603
-0.03702
-0.03958
-0.04929
-0.05139
-0.05978
-0.06149
-0.06857
-0.06998
-0.07574
-0.07697
-0.08151
-0.08255
-0.08609
-0.08679
-0.08945
-0.09021
-0.09171
-0.09265
-0.09323
-0.09424
-0.09424
-0.09512
-0.09479
-0.09552
-0.09488
-0.09567
-0.09473
-0.09558
-0.09445
-0.09546
-0.09409
-0.09528
-0.09384
-0.09515
-0.09372
-0.09518
-0.09384
-0.09537
-0.09418
-0.09586
-0.09473
-0.09656
-0.09567
-0.09747
-0.09698
-0.09866
-0.09848
-0.10028
-0.10022
-0.10217
-0.10226
-0.10422
-0.10474
-0.10645
-0.10727
-0.10907
-0.11002
-0.11185
-0.11288
-0.11475
-0.11600
-0.11780
-0.11914
-0.12088
-0.12247
-0.12402
-0.12573
-0.12735
-0.12894
-0.13062
-0.13220
-0.13385
-0.13550
-0.13699
-0.13867
-0.14014
-0.14178
-0.14313
-0.14465
-0.11484
0.10272
0.30042
0.15298
0.27884
0.30981
0.26956
0.28772
0.28848
0.32669
0.29581
0.31000
0.30304
0.31467
0.30023
0.29877
0.29337
0.28845
0.27997
0.26950
0.26300
0.25098
0.24243
0.22824
0.21982
0.20493
0.19537
0.17990
0.17023
0.15457
0.14468
0.12912
0.11920
0.10425
0.09442
0.08005
0.07062
0.05710
0.04803
0.03549
0.02707
0.01550
0.00769
-0.00266
-0.00995
-0.01901
-0.02570
-0.03351
-0.03961
-0.04620
-0.05157
-0.05722
-0.06183
-0.06638
-0.07047
-0.07401
-0.07755
-0.08014
-0.08316
-0.08499
-0.08765
-0.08859
-0.09088
-0.09134
-0.09323
-0.09317
-0.09476
-0.09436
-0.09564
-0.09503
-0.09601
-0.09525
-0.09619
-0.09512
-0.09604
-0.09503
-0.09567
-0.09485
-0.09543
-0.09454
-0.09537
-0.09439
-0.09528
-0.09460
-0.09534
-0.09494
-0.09573
-0.09552
-0.09641
-0.09637
-0.09732
-0.09760
-0.09854
-0.09903
-0.10007
-0.10083
-0.10190
-0.10281
-0.10400
-0.10504
-0.10641
-0.10757
-0.10892
-0.11026
-0.11182
-0.11301
-0.11478
-0.11609
-0.11774
-0.11929
-0.12088
-0.12256
-0.12408
-0.12570
-0.12750
-0.12891
-0.13077
-0.13226
-0.13391
-0.13556
-0.13718
-0.13867
-0.14038
-0.14178
-0.14340
-0.14484
-0.13428
0.01895
0.28781
0.19257
0.21762
0.33789
0.25949
0.29816
0.27383
0.33133
0.29816
0.31085
0.30267
0.31528
0.30505
0.29941
0.29672
0.28998
0.28485
0.27164
0.26718
0.25397
0.24673
0.23209
0.22330
0.20966
0.19849
0.18515
0.17273
0.16034
0.14664
0.13513
0.12085
0.11017
0.09576
0.08591
0.07159
0.06281
0.04865
0.04108
0.02725
0.02084
0.00760
0.00229
-0.01022
-0.01450
-0.02609
-0.02957
-0.03998
-0.04285
-0.05203
-0.05429
-0.06229
-0.06406
-0.07086
-0.07211
-0.07797
-0.07874
-0.08350
-0.08401
-0.08789
-0.08807
-0.09109
-0.09109
-0.09332
-0.09323
-0.09491
-0.09451
-0.09579
-0.09540
-0.09607
-0.09583
-0.09607
-0.09592
-0.09592
-0.09570
-0.09567
-0.09552
-0.09534
-0.09534
-0.09509
-0.09537
-0.09485
-0.09552
-0.09491
-0.09583
-0.09534
-0.09625
-0.09607
-0.09698
-0.09702
-0.09811
-0.09821
-0.09952
-0.09976
-0.10114
-0.10162
-0.10309
-0.10373
-0.10529
-0.10614
-0.10760
-0.10883
-0.11020
-0.11169
-0.11298
-0.11453
-0.11612
-0.11749
-0.11932
-0.12061
-0.12247
-0.12393
-0.12567
-0.12723
-0.12891
-0.13062
-0.13202
-0.13400
-0.13525
-0.13718
-0.13852
-0.14029
-0.14172
-0.14334
-0.14471
-0.14276
-0.04965
0.23468
0.24725
0.16608
0.34116
0.26660
0.29559
0.27158
0.32190
0.30807
0.30606
0.30548
0.31174
0.31036
0.29926
0.29901
0.29120
0.28790
0.27457
0.26920
0.25772
0.24899
0.23663
0.22534
0.21442
0.20074
0.19012
0.17490
0.16534
0.14893
0.14001
0.12296
0.11508
0.09763
0.09076
0.07321
0.06744
0.05017
0.04529
0.02869
0.02466
0.00897
0.00562
-0.00894
-0.01163
-0.02490
-0.02710
-0.03897
-0.04071
-0.05124
-0.05243
-0.06177
-0.06247
-0.07043
-0.07095
-0.07761
-0.07785
-0.08328
-0.08340
-0.08771
-0.08777
-0.09091
-0.09103
-0.09320
-0.09338
-0.09473
-0.09497
-0.09549
-0.09598
-0.09589
-0.09647
-0.09586
-0.09662
-0.09570
-0.09650
-0.09546
-0.09625
-0.09512
-0.09610
-0.09488
-0.09598
-0.09476
-0.09607
-0.09485
-0.09625
-0.09521
-0.09674
-0.09579
-0.09753
-0.09671
-0.09851
-0.09796
-0.09985
-0.09943
-0.10150
-0.10126
-0.10333
-0.10342
-0.10541
-0.10580
-0.10779
-0.10834
-0.11044
-0.11118
-0.11316
-0.11411
-0.11612
-0.11719
-0.11920
-0.12039
-0.12231
-0.12372
-0.12540
-0.12714
-0.12860
-0.13049
-0.13184
-0.13370
-0.13519
-0.13690
-0.13843
-0.14008
-0.14151
-0.14322
-0.14453
-0.14548
-0.09753
0.15475
0.29062
0.14648
0.31094
0.29211
0.28091
0.28125
0.30209
0.32175
0.29929
0.30984
0.30643
0.31479
0.30005
0.29990
0.29315
0.28915
0.27853
0.27005
0.26166
0.25076
0.24088
0.22745
0.21844
0.20346
0.19412
0.17795
0.16895
0.15231
0.14343
0.12650
0.11823
0.10126
0.09351
0.07697
0.06976
0.05392
0.04721
0.03241
0.02621
0.01245
0.00699
-0.00577
-0.01047
-0.02206
-0.02618
-0.03638
-0.04013
-0.04883
-0.05215
-0.05957
-0.06235
-0.06866
-0.07095
-0.07599
-0.07813
-0.08191
-0.08371
-0.08664
-0.08813
-0.09006
-0.09155
-0.09250
-0.09390
-0.09427
-0.09543
-0.09528
-0.09644
-0.09576
-0.09683
-0.09598
-0.09692
-0.09583
-0.09686
-0.09558
-0.09656
-0.09543
-0.09622
-0.09525
-0.09607
-0.09512
-0.09607
-0.09521
-0.09628
-0.09546
-0.09680
-0.09595
-0.09756
-0.09680
-0.09857
-0.09799
-0.09985
-0.09946
-0.10138
-0.10129
-0.10321
-0.10339
-0.10526
-0.10574
-0.10760
-0.10828
-0.11023
-0.11096
-0.11304
-0.11392
-0.11591
-0.11700
-0.11893
-0.12027
-0.12201
-0.12350
-0.12524
-0.12683
-0.12839
-0.13025
-0.13162
-0.13345
-0.13504
-0.13657
-0.13831
-0.13974
-0.14142
-0.14294
-0.14447
-0.14584
-0.12576
0.06665
0.30103
0.16629
0.25446
0.32404
0.26459
0.29367
0.28198
0.33081
0.29660
0.31168
0.30310
0.31619
0.30267
0.29977
0.29541
0.28961
0.28275
0.27066
0.26544
0.25241
0.24478
0.22995
0.22171
0.20688
0.19702
0.18204
0.17136
0.15689
0.14548
0.13147
0.11972
0.10651
0.09467
0.08221
0.07065
0.05899
0.04794
0.03726
0.02667
0.01715
0.00708
-0.00122
-0.01068
-0.01782
-0.02652
-0.03259
-0.04050
-0.04544
-0.05270
-0.05655
-0.06299
-0.06607
-0.07150
-0.07401
-0.07849
-0.08038
-0.08417
-0.08539
-0.08850
-0.08932
-0.09171
-0.09213
-0.09406
-0.09409
-0.09561
-0.09525
-0.09662
-0.09586
-0.09702
-0.09625
-0.09692
-0.09631
-0.09680
-0.09604
-0.09662
-0.09579
-0.09628
-0.09570
-0.09598
-0.09567
-0.09589
-0.09573
-0.09604
-0.09607
-0.09647
-0.09650
-0.09720
-0.09732
-0.09814
-0.09851
-0.09927
-0.10004
-0.10077
-0.10178
-0.10263
-0.10370
-0.10474
-0.10605
-0.10699
-0.10858
-0.10959
-0.11124
-0.11240
-0.11404
-0.11545
-0.11697
-0.11853
-0.12012
-0.12164
-0.12338
-0.12491
-0.12662
-0.12817
-0.12985
-0.13150
-0.13318
-0.13474
-0.13638
-0.13800
-0.13953
-0.14124
-0.14264
-0.14432
-0.14566
-0.13959
-0.01273
0.26993
0.21451
0.19330
0.34286
0.25974
0.29858
0.27109
0.32877
0.30136
0.30911
0.30328
0.31400
0.30704
0.29907
0.29755
0.29025
0.28595
0.27258
0.26770
0.25531
0.24738
0.23358
0.22391
0.21109
0.19922
0.18668
0.17322
0.16199
0.14706
0.13672
0.12106
0.11185
0.09576
0.08755
0.07144
0.06430
0.04849
0.04233
0.02707
0.02185
0.00739
0.00311
-0.01056
-0.01382
-0.02652
-0.02911
-0.04037
-0.04266
-0.05246
-0.05423
-0.06287
-0.06403
-0.07159
-0.07224
-0.07874
-0.07892
-0.08438
-0.08432
-0.08875
-0.08850
-0.09195
-0.09167
-0.09415
-0.09399
-0.09552
-0.09555
-0.09637
-0.09631
-0.09686
-0.09671
-0.09683
-0.09686
-0.09662
-0.09674
-0.09631
-0.09656
-0.09601
-0.09637
-0.09576
-0.09628
-0.09561
-0.09647
-0.09558
-0.09686
-0.09589
-0.09729
-0.09662
-0.09802
-0.09756
-0.09906
-0.09885
-0.10040
-0.10040
-0.10199
-0.10226
-0.10391
-0.10443
-0.10596
-0.10687
-0.10837
-0.10947
-0.11105
-0.11212
-0.11398
-0.11499
-0.11703
-0.11801
-0.12009
-0.12128
-0.12320
-0.12457
-0.12640
-0.12793
-0.12958
-0.13123
-0.13293
-0.13449
-0.13611
-0.13782
-0.13916
-0.14114
-0.14230
-0.14413
-0.14545
-0.14499
-0.07303
0.20322
0.26755
0.15265
0.33215
0.27493
0.28998
0.27405
0.31400
0.31311
0.30280
0.30676
0.30905
0.31192
0.29889
0.29901
0.29147
0.28796
0.27570
0.26895
0.25888
0.24921
0.23782
0.22565
0.21552
0.20129
0.19122
0.17542
0.16644
0.14944
0.14108
0.12354
0.11594
0.09830
0.09134
0.07407
0.06769
0.05103
0.04550
0.02939
0.02475
0.00952
0.00565
-0.00845
-0.01175
-0.02460
-0.02725
-0.03885
-0.04092
-0.05115
-0.05292
-0.06168
-0.06305
-0.07050
-0.07156
-0.07779
-0.07852
-0.08359
-0.08408
-0.08810
-0.08853
-0.09131
-0.09189
-0.09369
-0.09427
-0.09518
-0.09592
-0.09607
-0.09686
-0.09656
-0.09723
-0.09665
-0.09741
-0.09641
-0.09741
-0.09607
-0.09714
-0.09589
-0.09686
-0.09564
-0.09680
-0.09546
-0.09686
-0.09552
-0.09711
-0.09583
-0.09760
-0.09644
-0.09830
-0.09738
-0.09927
-0.09860
-0.10052
-0.10019
-0.10205
-0.10205
-0.10388
-0.10413
-0.10608
-0.10641
-0.10846
-0.10904
-0.11090
-0.11200
-0.11359
-0.11490
-0.11664
-0.11786
-0.11975
-0.12109
-0.12280
-0.12439
-0.12607
-0.12762
-0.12933
-0.13098
-0.13254
-0.13428
-0.13583
-0.13745
-0.13907
-0.14066
-0.14218
-0.14386
-0.14514
-0.14655
-0.11203
0.11737
0.29913
0.14960
0.28903
0.30511
0.27292
0.28610
0.29266
0.32590
0.29688
0.31036
0.30426
0.31509
0.30032
0.29950
0.29327
0.28897
0.27960
0.26965
0.26276
0.25073
0.24200
0.22769
0.21939
0.20404
0.19492
0.17871
0.16956
0.15338
0.14380
0.12772
0.11832
0.10266
0.09344
0.07831
0.06958
0.05524
0.04700
0.03357
0.02585
0.01361
0.00641
-0.00461
-0.01123
-0.02100
-0.02698
-0.03555
-0.04086
-0.04825
-0.05295
-0.05902
-0.06335
-0.06812
-0.07196
-0.07578
-0.07895
-0.08200
-0.08450
-0.08676
-0.08905
-0.09024
-0.09238
-0.09299
-0.09457
-0.09485
-0.09613
-0.09589
-0.09717
-0.09641
-0.09760
-0.09665
-0.09760
-0.09665
-0.09741
-0.09647
-0.09717
-0.09616
-0.09698
-0.09589
-0.09686
-0.09576
-0.09680
-0.09589
-0.09695
-0.09622
-0.09735
-0.09680
-0.09802
-0.09772
-0.09897
-0.09885
-0.10028
-0.10028
-0.10181
-0.10214
-0.10352
-0.10428
-0.10556
-0.10657
-0.10794
-0.10910
-0.11053
-0.11179
-0.11334
-0.11465
-0.11633
-0.11765
-0.11942
-0.12079
-0.12256
-0.12411
-0.12570
-0.12738
-0.12900
-0.13065
-0.13235
-0.13385
-0.13565
-0.13708
-0.13885
-0.14032
-0.14191
-0.14355
-0.14496
-0.14655
-0.13345
0.03110
0.29257
0.18341
0.22754
0.33405
0.25980
0.29669
0.27524
0.33105
0.29694
0.31061
0.30215
0.31512
0.30374
0.29892
0.29572
0.28928
0.28363
0.27072
0.26590
0.25293
0.24533
0.23080
0.22202
0.20816
0.19711
0.18350
0.17139
0.15851
0.14542
0.13309
0.11957
0.10818
0.09439
0.08386
0.07025
0.06067
0.04745
0.03879
0.02609
0.01862
0.00635
0.00021
-0.01154
-0.01654
-0.02737
-0.03156
-0.04132
-0.04468
-0.05344
-0.05603
-0.06366
-0.06577
-0.07224
-0.07382
-0.07925
-0.08029
-0.08496
-0.08542
-0.08932
-0.08942
-0.09259
-0.09229
-0.09491
-0.09442
-0.09631
-0.09579
-0.09717
-0.09662
-0.09750
-0.09702
-0.09744
-0.09711
-0.09726
-0.09695
-0.09698
-0.09674
-0.09668
-0.09656
-0.09641
-0.09656
-0.09625
-0.09668
-0.09637
-0.09692
-0.09680
-0.09738
-0.09753
-0.09814
-0.09848
-0.09930
-0.09967
-0.10068
-0.10129
-0.10236
-0.10306
-0.10440
-0.10513
-0.10657
-0.10760
-0.10895
-0.11020
-0.11166
-0.11288
-0.11459
-0.11581
-0.11758
-0.11890
-0.12067
-0.12210
-0.12384
-0.12540
-0.12701
-0.12872
-0.13031
-0.13196
-0.13361
-0.13522
-0.13684
-0.13846
-0.14005
-0.14166
-0.14310
-0.14484
-0.14606
-0.14328
-0.04083
0.24509
0.23712
0.17191
0.34222
0.26288
0.29623
0.27002
0.32355
0.30508
0.30615
0.30414
0.31134
0.30881
0.29822
0.29779
0.29007
0.28644
0.27313
0.26785
0.25610
0.24774
0.23468
0.22406
0.21249
0.19934
0.18817
0.17340
0.16342
0.14731
0.13815
0.12125
0.11328
0.09592
0.08884
0.07166
0.06546
0.04865
0.04333
0.02722
0.02267
0.00757
0.00369
-0.01038
-0.01340
-0.02643
-0.02869
-0.04059
-0.04224
-0.05273
-0.05392
-0.06317
-0.06400
-0.07187
-0.07230
-0.07901
-0.07919
-0.08472
-0.08456
-0.08917
-0.08890
-0.09235
-0.09213
-0.09457
-0.09451
-0.09601
-0.09610
-0.09683
-0.09698
-0.09723
-0.09747
-0.09720
-0.09760
-0.09702
-0.09750
-0.09668
-0.09738
-0.09631
-0.09720
-0.09607
-0.09711
-0.09598
-0.09714
-0.09607
-0.09741
-0.09637
-0.09793
-0.09695
-0.09875
-0.09781
-0.09982
-0.09909
-0.10101
-0.10077
-0.10254
-0.10266
-0.10437
-0.10486
-0.10648
-0.10715
-0.10904
-0.10956
-0.11172
-0.11240
-0.11444
-0.11545
-0.11725
-0.11859
-0.12039
-0.12173
-0.12354
-0.12497
-0.12686
-0.12817
-0.13013
-0.13153
-0.13330
-0.13489
-0.13654
-0.13809
-0.13977
-0.14127
-0.14291
-0.14441
-0.14587
-0.14639
-0.09222
0.16824
0.28400
0.14603
0.31723
0.28583
0.28290
0.27798
0.30487
0.31836
0.29941
0.30807
0.30634
0.31308
0.29880
0.29880
0.29172
0.28796
0.27676
0.26880
0.26004
0.24927
0.23911
0.22601
0.21661
0.20190
0.19232
0.17618
0.16736
0.15042
0.14188
0.12451
0.11667
0.09933
0.09201
0.07498
0.06830
0.05191
0.04593
0.03033
0.02499
0.01041
0.00580
-0.00772
-0.01169
-0.02390
-0.02740
-0.03812
-0.04129
-0.05054
-0.05328
-0.06113
-0.06360
-0.07007
-0.07208
-0.07758
-0.07901
-0.08344
-0.08478
-0.08789
-0.08926
-0.09131
-0.09250
-0.09390
-0.09473
-0.09558
-0.09637
-0.09650
-0.09732
-0.09698
-0.09778
-0.09708
-0.09799
-0.09677
-0.09799
-0.09650
-0.09775
-0.09628
-0.09744
-0.09610
-0.09726
-0.09601
-0.09726
-0.09613
-0.09741
-0.09650
-0.09781
-0.09711
-0.09851
-0.09802
-0.09946
-0.09927
-0.10068
-0.10077
-0.10236
-0.10248
-0.10422
-0.10458
-0.10626
-0.10696
-0.10861
-0.10956
-0.11118
-0.11230
-0.11395
-0.11517
-0.11697
-0.11823
-0.12006
-0.12134
-0.12320
-0.12466
-0.12637
-0.12796
-0.12961
-0.13132
-0.13278
-0.13467
-0.13608
-0.13785
-0.13931
-0.14099
-0.14255
-0.14401
-0.14566
-0.14694
-0.12323
0.08011
0.30118
0.15936
0.26404
0.31812
0.26566
0.29102
0.28387
0.32904
0.29547
0.31070
0.30246
0.31516
0.30118
0.29874
0.29407
0.28848
0.28110
0.26944
0.26382
0.25110
0.24304
0.22852
0.22009
0.20523
0.19550
0.18015
0.17001
0.15494
0.14413
0.12939
0.11853
0.10437
0.09351
0.08008
0.06949
0.05707
0.04663
0.03543
0.02545
0.01526
0.00601
-0.00314
-0.01169
-0.01962
-0.02756
-0.03430
-0.04150
-0.04712
-0.05359
-0.05820
-0.06387
-0.06760
-0.07242
-0.07538
-0.07950
-0.08160
-0.08514
-0.08655
-0.08954
-0.09033
-0.09274
-0.09317
-0.09500
-0.09506
-0.09659
-0.09619
-0.09753
-0.09683
-0.09796
-0.09708
-0.09796
-0.09714
-0.09775
-0.09698
-0.09747
-0.09671
-0.09723
-0.09650
-0.09708
-0.09634
-0.09702
-0.09650
-0.09711
-0.09683
-0.09747
-0.09741
-0.09814
-0.09827
-0.09903
-0.09952
-0.10019
-0.10101
-0.10181
-0.10260
-0.10379
-0.10449
-0.10593
-0.10684
-0.10818
-0.10941
-0.11078
-0.11206
-0.11356
-0.11496
-0.11652
-0.11792
-0.11966
-0.12100
-0.12283
-0.12427
-0.12604
-0.12750
-0.12933
-0.13083
-0.13257
-0.13406
-0.13589
-0.13730
-0.13913
-0.14047
-0.14227
-0.14365
-0.14532
-0.14670
-0.13901
-0.00140
0.27695
0.20450
0.20178
0.34064
0.25827
0.29785
0.27090
0.32938
0.29886
0.30911
0.30203
0.31369
0.30536
0.29822
0.29633
0.28918
0.28455
0.27121
0.26654
0.25372
0.24612
0.23190
0.22263
0.20944
0.19781
0.18497
0.17194
0.16010
0.14581
0.13483
0.11987
0.10995
0.09457
0.08566
0.07025
0.06253
0.04727
0.04059
0.02588
0.02020
0.00626
0.00150
-0.01166
-0.01535
-0.02762
-0.03049
-0.04150
-0.04398
-0.05353
-0.05548
-0.06390
-0.06519
-0.07266
-0.07327
-0.07968
-0.08005
-0.08527
-0.08536
-0.08957
-0.08951
-0.09283
-0.09256
-0.09509
-0.09470
-0.09659
-0.09613
-0.09741
-0.09702
-0.09772
-0.09744
-0.09772
-0.09756
-0.09744
-0.09756
-0.09698
-0.09747
-0.09668
-0.09723
-0.09647
-0.09714
-0.09637
-0.09717
-0.09653
-0.09747
-0.09686
-0.09796
-0.09750
-0.09882
-0.09842
-0.09985
-0.09970
-0.10120
-0.10126
-0.10287
-0.10303
-0.10489
-0.10507
-0.10709
-0.10751
-0.10944
-0.11020
-0.11197
-0.11304
-0.11481
-0.11594
-0.11783
-0.11902
-0.12091
-0.12222
-0.12402
-0.12552
-0.12729
-0.12878
-0.13055
-0.13208
-0.13379
-0.13544
-0.13696
-0.13873
-0.14008
-0.14197
-0.14316
-0.14511
-0.14627
-0.14532
-0.06519
0.21545
0.25861
0.15637
0.33557
0.27017
0.29147
0.27188
0.31644
0.31009
0.30307
0.30533
0.30914
0.31039
0.29800
0.29810
0.29031
0.28693
0.27429
0.26794
0.25748
0.24802
0.23630
0.22446
0.21399
0.19998
0.18970
0.17410
0.16492
0.14807
0.13953
0.12219
0.11444
0.09692
0.08997
0.07251
0.06656
0.04947
0.04428
0.02795
0.02359
0.00815
0.00455
-0.00989
-0.01270
-0.02600
-0.02817
-0.04013
-0.04190
-0.05234
-0.05380
-0.06277
-0.06393
-0.07156
-0.07239
-0.07877
-0.07935
-0.08444
-0.08499
-0.08881
-0.08939
-0.09213
-0.09256
-0.09454
-0.09482
-0.09613
-0.09641
-0.09695
-0.09741
-0.09729
-0.09790
-0.09738
-0.09793
-0.09723
-0.09793
-0.09680
-0.09781
-0.09641
-0.09775
-0.09607
-0.09760
-0.09610
-0.09747
-0.09634
-0.09760
-0.09674
-0.09805
-0.09732
-0.09885
-0.09814
-0.09991
-0.09940
-0.10120
-0.10089
-0.10284
-0.10266
-0.10471
-0.10480
-0.10684
-0.10718
-0.10913
-0.10986
-0.11166
-0.11264
-0.11447
-0.11560
-0.11737
-0.11874
-0.12042
-0.12189
-0.12360
-0.12515
-0.12686
-0.12842
-0.13007
-0.13177
-0.13330
-0.13504
-0.13660
-0.13828
-0.13980
-0.14142
-0.14294
-0.14462
-0.14590
-0.14716
-0.10760
0.13168
0.29547
0.14661
0.29749
0.29889
0.27515
0.28326
0.29559
0.32336
0.29688
0.30930
0.30420
0.31412
0.29922
0.29874
0.29233
0.28809
0.27832
0.26874
0.26141
0.24979
0.24057
0.22668
0.21790
0.20303
0.19336
0.17758
0.16824
0.15192
0.14276
0.12604
0.11740
0.10092
0.09256
0.07669
0.06866
0.05362
0.04614
0.03204
0.02499
0.01215
0.00558
-0.00601
-0.01199
-0.02237
-0.02768
-0.03680
-0.04163
-0.04929
-0.05374
-0.06009
-0.06396
-0.06924
-0.07248
-0.07678
-0.07953
-0.08286
-0.08517
-0.08752
-0.08957
-0.09109
-0.09283
-0.09372
-0.09521
-0.09540
-0.09674
-0.09647
-0.09772
-0.09702
-0.09811
-0.09723
-0.09814
-0.09717
-0.09796
-0.09698
-0.09775
-0.09668
-0.09750
-0.09647
-0.09732
-0.09644
-0.09720
-0.09656
-0.09744
-0.09680
-0.09787
-0.09744
-0.09851
-0.09836
-0.09946
-0.09952
-0.10077
-0.10098
-0.10236
-0.10266
-0.10428
-0.10468
-0.10645
-0.10693
-0.10876
-0.10962
-0.11124
-0.11240
-0.11401
-0.11526
-0.11697
-0.11835
-0.12000
-0.12155
-0.12314
-0.12469
-0.12650
-0.12796
-0.12970
-0.13129
-0.13297
-0.13452
-0.13632
-0.13770
-0.13956
-0.14090
-0.14264
-0.14413
-0.14560
-0.14716
-0.13153
0.04446
0.29596
0.17520
0.23755
0.32974
0.26041
0.29501
0.27689
0.33044
0.29581
0.31033
0.30170
0.31479
0.30249
0.29843
0.29477
0.28867
0.28241
0.26981
0.26492
0.25192
0.24420
0.22968
0.22095
0.20676
0.19629
0.18192
0.17059
0.15686
0.14465
0.13141
0.11880
0.10663
0.09354
0.08237
0.06946
0.05920
0.04660
0.03748
0.02524
0.01730
0.00568
-0.00125
-0.01202
-0.01791
-0.02795
-0.03278
-0.04187
-0.04581
-0.05392
-0.05710
-0.06424
-0.06665
-0.07278
-0.07462
-0.07980
-0.08112
-0.08539
-0.08621
-0.08975
-0.09012
-0.09299
-0.09296
-0.09534
-0.09497
-0.09680
-0.09628
-0.09760
-0.09711
-0.09796
-0.09741
-0.09799
-0.09741
-0.09781
-0.09729
-0.09750
-0.09708
-0.09723
-0.09683
-0.09708
-0.09668
-0.09698
-0.09692
-0.09692
-0.09735
-0.09720
-0.09796
-0.09787
-0.09879
-0.09879
-0.09988
-0.10013
-0.10120
-0.10175
-0.10287
-0.10361
-0.10480
-0.10577
-0.10703
-0.10815
-0.10950
-0.11066
-0.11224
-0.11343
-0.11514
-0.11633
-0.11813
-0.11948
-0.12115
-0.12271
-0.12436
-0.12595
-0.12759
-0.12927
-0.13083
-0.13254
-0.13419
-0.13574
-0.13745
-0.13904
-0.14047
-0.14230
-0.14368
-0.14536
-0.14661
-0.14270
-0.03061
0.25513
0.22720
0.17947
0.34235
0.26062
0.29663
0.26962
0.32516
0.30280
0.30670
0.30301
0.31192
0.30725
0.29791
0.29700
0.28949
0.28546
0.27225
0.26703
0.25513
0.24677
0.23358
0.22321
0.21121
0.19846
0.18692
0.17245
0.16211
0.14642
0.13681
0.12039
0.11194
0.09503
0.08759
0.07074
0.06430
0.04767
0.04236
0.02618
0.02173
0.00659
0.00281
-0.01129
-0.01419
-0.02737
-0.02942
-0.04144
-0.04288
-0.05350
-0.05469
-0.06378
-0.06470
-0.07242
-0.07294
-0.07959
-0.07971
-0.08527
-0.08511
-0.08957
-0.08945
-0.09271
-0.09268
-0.09494
-0.09494
-0.09641
-0.09644
-0.09723
-0.09738
-0.09756
-0.09784
-0.09750
-0.09805
-0.09720
-0.09796
-0.09702
-0.09763
-0.09674
-0.09747
-0.09644
-0.09747
-0.09625
-0.09750
-0.09647
-0.09769
-0.09680
-0.09827
-0.09738
-0.09900
-0.09836
-0.10001
-0.09964
-0.10138
-0.10114
-0.10297
-0.10303
-0.10486
-0.10519
-0.10696
-0.10757
-0.10934
-0.11023
-0.11191
-0.11304
-0.11475
-0.11597
-0.11768
-0.11911
-0.12073
-0.12225
-0.12396
-0.12552
-0.12717
-0.12881
-0.13040
-0.13211
-0.13370
-0.13541
-0.13690
-0.13867
-0.14011
-0.14182
-0.14328
-0.14490
-0.14630
-0.14655
-0.08542
0.18204
0.27734
0.14728
0.32339
0.28061
0.28528
0.27573
0.30804
0.31586
0.30002
0.30707
0.30688
0.31204
0.29825
0.29831
0.29108
0.28735
0.27579
0.26816
0.25906
0.24860
0.23801
0.22522
0.21552
0.20111
0.19113
0.17535
0.16626
0.14941
0.14093
0.12341
0.11584
0.09808
0.09131
0.07370
0.06769
0.05069
0.04526
0.02921
0.02435
0.00934
0.00522
-0.00876
-0.01221
-0.02484
-0.02795
-0.03897
-0.04178
-0.05133
-0.05368
-0.06207
-0.06372
-0.07098
-0.07230
-0.07822
-0.07941
-0.08392
-0.08511
-0.08841
-0.08948
-0.09183
-0.09274
-0.09421
-0.09518
-0.09570
-0.09677
-0.09671
-0.09766
-0.09720
-0.09805
-0.09732
-0.09818
-0.09720
-0.09799
-0.09695
-0.09784
-0.09653
-0.09778
-0.09619
-0.09766
-0.09613
-0.09760
-0.09628
-0.09781
-0.09659
-0.09824
-0.09723
-0.09897
-0.09814
-0.09988
-0.09937
-0.10126
-0.10083
-0.10278
-0.10272
-0.10461
-0.10483
-0.10672
-0.10715
-0.10910
-0.10971
-0.11169
-0.11258
-0.11429
-0.11560
-0.11728
-0.11859
-0.12036
-0.12180
-0.12350
-0.12509
-0.12668
-0.12836
-0.13000
-0.13165
-0.13327
-0.13489
-0.13654
-0.13815
-0.13977
-0.14130
-0.14291
-0.14441
-0.14603
-0.14716
-0.11969
0.09476
0.30060
0.15430
0.27402
0.31244
0.26807
0.28864
0.28687
0.32755
0.29541
0.31021
0.30267
0.31476
0.30035
0.29855
0.29330
0.28824
0.27997
0.26907
0.26291
0.25043
0.24216
0.22772
0.21918
0.20438
0.19464
0.17905
0.16940
0.15363
0.14359
0.12811
0.11789
0.10321
0.09283
0.07898
0.06885
0.05585
0.04626
0.03412
0.02512
0.01407
0.00558
-0.00412
-0.01212
-0.02063
-0.02786
-0.03522
-0.04178
-0.04800
-0.05383
-0.05899
-0.06409
-0.06824
-0.07272
-0.07593
-0.07968
-0.08218
-0.08536
-0.08694
-0.08975
-0.09076
-0.09286
-0.09354
-0.09515
-0.09537
-0.09674
-0.09650
-0.09760
-0.09717
-0.09799
-0.09735
-0.09811
-0.09723
-0.09802
-0.09708
-0.09766
-0.09689
-0.09735
-0.09674
-0.09714
-0.09665
-0.09711
-0.09671
-0.09726
-0.09705
-0.09766
-0.09760
-0.09836
-0.09845
-0.09933
-0.09961
-0.10059
-0.10107
-0.10214
-0.10281
-0.10400
-0.10480
-0.10617
-0.10703
-0.10855
-0.10953
-0.11121
-0.11221
-0.11395
-0.11514
-0.11685
-0.11823
-0.11990
-0.12134
-0.12311
-0.12457
-0.12631
-0.12784
-0.12961
-0.13107
-0.13293
-0.13443
-0.13605
-0.13773
-0.13928
-0.14090
-0.14255
-0.14386
-0.14572
-0.14688
-0.13745
0.01102
0.28375
0.19519
0.21179
0.33804
0.25818
0.29721
0.27219
0.32990
0.29764
0.30939
0.30182
0.31381
0.30447
0.29803
0.29581
0.28885
0.28378
0.27063
0.26593
0.25302
0.24539
0.23105
0.22195
0.20850
0.19714
0.18396
0.17120
0.15912
0.14511
0.13376
0.11929
0.10880
0.09406
0.08456
0.06973
0.06140
0.04688
0.03949
0.02551
0.01920
0.00580
0.00058
-0.01196
-0.01633
-0.02786
-0.03131
-0.04187
-0.04453
-0.05396
-0.05603
-0.06418
-0.06573
-0.07285
-0.07382
-0.07983
-0.08044
-0.08548
-0.08563
-0.08987
-0.08969
-0.09299
-0.09283
-0.09512
-0.09500
-0.09665
-0.09634
-0.09750
-0.09717
-0.09781
-0.09760
-0.09778
-0.09763
-0.09766
-0.09750
-0.09726
-0.09738
-0.09689
-0.09726
-0.09662
-0.09717
-0.09653
-0.09729
-0.09662
-0.09756
-0.09702
-0.09799
-0.09784
-0.09866
-0.09882
-0.09979
-0.10001
-0.10126
-0.10147
-0.10297
-0.10333
-0.10486
-0.10556
-0.10696
-0.10791
-0.10950
-0.11047
-0.11212
-0.11331
-0.11493
-0.11624
-0.11801
-0.11926
-0.12106
-0.12253
-0.12421
-0.12579
-0.12744
-0.12909
-0.13071
-0.13239
-0.13400
-0.13562
-0.13727
-0.13885
-0.14047
-0.14200
-0.14359
-0.14517
-0.14655
-0.14493
-0.05597
0.22757
0.25003
0.16165
0.33871
0.26660
0.29330
0.27072
0.31924
0.30771
0.30414
0.30444
0.31000
0.30936
0.29779
0.29776
0.28992
0.28650
0.27347
0.26761
0.25668
0.24753
0.23538
0.22397
0.21310
0.19931
0.18890
0.17334
0.16400
0.14746
0.13864
0.12143
0.11368
0.09601
0.08942
0.07156
0.06598
0.04858
0.04373
0.02719
0.02301
0.00742
0.00400
-0.01047
-0.01324
-0.02655
-0.02866
-0.04062
-0.04230
-0.05280
-0.05414
-0.06323
-0.06415
-0.07196
-0.07260
-0.07910
-0.07950
-0.08478
-0.08505
-0.08914
-0.08945
-0.09225
-0.09280
-0.09457
-0.09500
-0.09616
-0.09653
-0.09698
-0.09753
-0.09729
-0.09796
-0.09744
-0.09799
-0.09723
-0.09796
-0.09686
-0.09781
-0.09653
-0.09763
-0.09625
-0.09753
-0.09613
-0.09760
-0.09625
-0.09781
-0.09659
-0.09833
-0.09720
-0.09903
-0.09821
-0.09998
-0.09946
-0.10135
-0.10095
-0.10294
-0.10284
-0.10474
-0.10504
-0.10690
-0.10727
-0.10941
-0.10980
-0.11203
-0.11264
-0.11472
-0.11572
-0.11752
-0.11893
-0.12048
-0.12219
-0.12372
-0.12527
-0.12711
-0.12842
-0.13046
-0.13174
-0.13364
-0.13513
-0.13681
-0.13846
-0.13989
-0.14169
-0.14304
-0.14478
-0.14615
-0.14703
-0.10199
0.14633
0.29144
0.14523
0.30600
0.29318
0.27823
0.28076
0.29932
0.32129
0.29752
0.30884
0.30469
0.31372
0.29874
0.29865
0.29187
0.28784
0.27750
0.26852
0.26065
0.24939
0.23975
0.22614
0.21725
0.20218
0.19281
0.17673
0.16760
0.15112
0.14203
0.12527
0.11676
0.10007
0.09201
0.07578
0.06821
0.05276
0.04572
0.03110
0.02475
0.01120
0.00546
-0.00702
-0.01199
-0.02338
-0.02762
-0.03772
-0.04156
-0.05008
-0.05374
-0.06067
-0.06403
-0.06973
-0.07248
-0.07730
-0.07947
-0.08319
-0.08517
-0.08783
-0.08957
-0.09125
-0.09290
-0.09384
-0.09515
-0.09552
-0.09674
-0.09650
-0.09769
-0.09705
-0.09808
-0.09723
-0.09818
-0.09702
-0.09814
-0.09677
-0.09790
-0.09650
-0.09760
-0.09634
-0.09744
-0.09625
-0.09741
-0.09634
-0.09756
-0.09674
-0.09796
-0.09738
-0.09857
-0.09833
-0.09958
-0.09946
-0.10089
-0.10095
-0.10245
-0.10275
-0.10425
-0.10492
-0.10632
-0.10721
-0.10873
-0.10974
-0.11136
-0.11243
-0.11414
-0.11539
-0.11713
-0.11838
-0.12018
-0.12155
-0.12335
-0.12485
-0.12653
-0.12811
-0.12976
-0.13150
-0.13300
-0.13477
-0.13629
-0.13800
-0.13947
-0.14117
-0.14270
-0.14426
-0.14575
-0.14719
-0.12863
0.05856
0.29883
0.16806
0.24835
0.32516
0.26218
0.29352
0.27933
0.33014
0.29532
0.31052
0.30185
0.31485
0.30185
0.29843
0.29440
0.28845
0.28168
0.26965
0.26422
0.25150
0.24359
0.22897
0.22049
0.20596
0.19577
0.18100
0.17020
0.15588
0.14426
0.13040
0.11850
0.10544
0.09344
0.08115
0.06931
0.05814
0.04645
0.03638
0.02521
0.01620
0.00571
-0.00220
-0.01208
-0.01880
-0.02786
-0.03363
-0.04178
-0.04654
-0.05392
-0.05765
-0.06427
-0.06702
-0.07285
-0.07492
-0.07993
-0.08121
-0.08557
-0.08624
-0.08984
-0.09012
-0.09314
-0.09290
-0.09540
-0.09494
-0.09674
-0.09634
-0.09753
-0.09705
-0.09796
-0.09729
-0.09799
-0.09732
-0.09778
-0.09720
-0.09747
-0.09698
-0.09714
-0.09686
-0.09683
-0.09689
-0.09674
-0.09692
-0.09692
-0.09723
-0.09732
-0.09772
-0.09808
-0.09851
-0.09900
-0.09970
-0.10025
-0.10110
-0.10184
-0.10281
-0.10367
-0.10483
-0.10577
-0.10706
-0.10828
-0.10941
-0.11090
-0.11212
-0.11368
-0.11499
-0.11658
-0.11813
-0.11957
-0.12125
-0.12277
-0.12442
-0.12607
-0.12769
-0.12933
-0.13089
-0.13269
-0.13416
-0.13596
-0.13739
-0.13919
-0.14059
-0.14233
-0.14374
-0.14539
-0.14682
-0.14139
-0.01926
0.26456
0.21796
0.18793
0.34232
0.25922
0.29727
0.26993
0.32703
0.30109
0.30771
0.30249
0.31268
0.30643
0.29794
0.29672
0.28925
0.28513
0.27167
0.26682
0.25443
0.24640
0.23288
0.22278
0.21045
0.19809
0.18594
0.17221
0.16113
0.14606
0.13586
0.12006
0.11099
0.09470
0.08676
0.07034
0.06339
0.04752
0.04138
0.02597
0.02109
0.00613
0.00238
-0.01172
-0.01471
-0.02750
-0.03006
-0.04150
-0.04337
-0.05368
-0.05490
-0.06412
-0.06476
-0.07263
-0.07315
-0.07956
-0.07993
-0.08527
-0.08521
-0.08963
-0.08942
-0.09277
-0.09259
-0.09500
-0.09482
-0.09647
-0.09628
-0.09720
-0.09729
-0.09750
-0.09766
-0.09763
-0.09763
-0.09741
-0.09766
-0.09692
-0.09760
-0.09659
-0.09732
-0.09647
-0.09717
-0.09637
-0.09729
-0.09634
-0.09766
-0.09674
-0.09805
-0.09750
-0.09879
-0.09839
-0.09995
-0.09961
-0.10126
-0.10123
-0.10287
-0.10303
-0.10486
-0.10513
-0.10699
-0.10754
-0.10941
-0.11017
-0.11203
-0.11295
-0.11484
-0.11594
-0.11780
-0.11905
-0.12082
-0.12228
-0.12399
-0.12552
-0.12729
-0.12875
-0.13055
-0.13208
-0.13376
-0.13547
-0.13696
-0.13864
-0.14026
-0.14178
-0.14334
-0.14493
-0.14636
-0.14612
-0.07779
0.19604
0.27014
0.15018
0.32910
0.27600
0.28796
0.27408
0.31155
0.31351
0.30124
0.30637
0.30783
0.31143
0.29810
0.29819
0.29077
0.28720
0.27509
0.26819
0.25821
0.24844
0.23718
0.22495
0.21478
0.20056
0.19061
0.17459
0.16580
0.14862
0.14041
0.12277
0.11517
0.09756
0.09061
0.07324
0.06699
0.05023
0.04474
0.02856
0.02408
0.00864
0.00497
-0.00931
-0.01251
-0.02533
-0.02808
-0.03952
-0.04178
-0.05188
-0.05368
-0.06241
-0.06378
-0.07126
-0.07230
-0.07849
-0.07922
-0.08429
-0.08487
-0.08865
-0.08932
-0.09192
-0.09262
-0.09427
-0.09497
-0.09589
-0.09644
-0.09680
-0.09744
-0.09717
-0.09793
-0.09723
-0.09799
-0.09711
-0.09790
-0.09683
-0.09766
-0.09653
-0.09744
-0.09631
-0.09732
-0.09616
-0.09738
-0.09625
-0.09763
-0.09659
-0.09808
-0.09717
-0.09882
-0.09814
-0.09982
-0.09927
-0.10120
-0.10074
-0.10281
-0.10266
-0.10455
-0.10480
-0.10666
-0.10721
-0.10904
-0.10977
-0.11160
-0.11261
-0.11432
-0.11557
-0.11731
-0.11865
-0.12030
-0.12189
-0.12347
-0.12512
-0.12671
-0.12839
-0.12997
-0.13171
-0.13324
-0.13501
-0.13647
-0.13821
-0.13980
-0.14127
-0.14297
-0.14447
-0.14590
-0.14728
-0.11499
0.10953
0.29947
0.15039
0.28403
0.30707
0.27084
0.28653
0.29044
0.32602
0.29596
0.30994
0.30331
0.31464
0.29984
0.29871
0.29291
0.28824
0.27930
0.26898
0.26224
0.25024
0.24142
0.22733
0.21863
0.20377
0.19412
0.17844
0.16882
0.15292
0.14319
0.12714
0.11780
0.10205
0.09280
0.07788
0.06873
0.05496
0.04605
0.03329
0.02496
0.01328
0.00558
-0.00500
-0.01202
-0.02145
-0.02768
-0.03601
-0.04160
-0.04868
-0.05365
-0.05957
-0.06390
-0.06866
-0.07260
-0.07623
-0.07959
-0.08237
-0.08521
-0.08719
-0.08954
-0.09085
-0.09280
-0.09344
-0.09515
-0.09518
-0.09677
-0.09625
-0.09763
-0.09692
-0.09796
-0.09717
-0.09805
-0.09702
-0.09802
-0.09671
-0.09772
-0.09665
-0.09726
-0.09656
-0.09708
-0.09641
-0.09708
-0.09650
-0.09723
-0.09683
-0.09772
-0.09732
-0.09836
-0.09833
-0.09924
-0.09952
-0.10056
-0.10086
-0.10226
-0.10260
-0.10403
-0.10471
-0.10614
-0.10703
-0.10849
-0.10953
-0.11115
-0.11218
-0.11398
-0.11508
-0.11688
-0.11823
-0.11984
-0.12146
-0.12292
-0.12476
-0.12616
-0.12796
-0.12955
-0.13113
-0.13287
-0.13446
-0.13602
-0.13782
-0.13925
-0.14090
-0.14255
-0.14386
-0.14572
-0.14685
-0.13531
0.02432
0.28961
0.18674
0.22223
0.33517
0.25882
0.29660
0.27399
0.33044
0.29678
0.31000
0.30167
0.31451
0.30353
0.29843
0.29529
0.28894
0.28320
0.27039
0.26556
0.25250
0.24506
0.23044
0.22162
0.20773
0.19684
0.18307
0.17105
0.15805
0.14505
0.13269
0.11908
0.10788
0.09384
0.08362
0.06964
0.06042
0.04678
0.03857
0.02551
0.01828
0.00586
-0.00024
-0.01199
-0.01694
-0.02789
-0.03186
-0.04193
-0.04495
-0.05392
-0.05643
-0.06418
-0.06604
-0.07275
-0.07404
-0.07986
-0.08047
-0.08554
-0.08560
-0.08981
-0.08966
-0.09299
-0.09265
-0.09521
-0.09473
-0.09668
-0.09610
-0.09747
-0.09692
-0.09778
-0.09735
-0.09772
-0.09738
-0.09756
-0.09723
-0.09723
-0.09711
-0.09689
-0.09686
-0.09674
-0.09674
-0.09665
-0.09686
-0.09677
-0.09714
-0.09714
-0.09772
-0.09778
-0.09851
-0.09872
-0.09967
-0.09991
-0.10117
-0.10141
-0.10287
-0.10324
-0.10486
-0.10535
-0.10712
-0.10770
-0.10956
-0.11038
-0.11212
-0.11322
-0.11496
-0.11624
-0.11783
-0.11942
-0.12094
-0.12256
-0.12418
-0.12579
-0.12744
-0.12906
-0.13068
-0.13239
-0.13397
-0.13565
-0.13721
-0.13885
-0.14044
-0.14200
-0.14359
-0.14511
-0.14658
-0.14398
-0.04617
0.23950
0.24091
0.16843
0.34106
0.26376
0.29507
0.27011
0.32202
0.30569
0.30533
0.30399
0.31082
0.30872
0.29788
0.29752
0.28986
0.28616
0.27307
0.26740
0.25613
0.24725
0.23471
0.22372
0.21228
0.19910
0.18802
0.17307
0.16327
0.14697
0.13797
0.12097
0.11304
0.09558
0.08868
0.07126
0.06525
0.04831
0.04312
0.02679
0.02255
0.00711
0.00354
-0.01077
-0.01361
-0.02686
-0.02884
-0.04099
-0.04239
-0.05316
-0.05414
-0.06354
-0.06409
-0.07224
-0.07251
-0.07928
-0.07944
-0.08481
-0.08505
-0.08911
-0.08936
-0.09232
-0.09250
-0.09467
-0.09476
-0.09616
-0.09625
-0.09698
-0.09723
-0.09723
-0.09778
-0.09726
-0.09778
-0.09720
-0.09750
-0.09702
-0.09735
-0.09653
-0.09738
-0.09610
-0.09738
-0.09595
-0.09741
-0.09613
-0.09766
-0.09644
-0.09811
-0.09714
-0.09885
-0.09811
-0.09985
-0.09933
-0.10120
-0.10089
-0.10281
-0.10275
-0.10474
-0.10477
-0.10699
-0.10712
-0.10934
-0.10980
-0.11188
-0.11267
-0.11459
-0.11575
-0.11743
-0.11887
-0.12054
-0.12207
-0.12369
-0.12534
-0.12692
-0.12857
-0.13025
-0.13190
-0.13345
-0.13522
-0.13672
-0.13840
-0.13998
-0.14157
-0.14304
-0.14478
-0.14606
-0.14685
-0.09558
0.16110
0.28653
0.14529
0.31387
0.28802
0.28119
0.27890
0.30298
0.31927
0.29865
0.30814
0.30588
0.31311
0.29865
0.29861
0.29169
0.28775
0.27689
0.26849
0.26010
0.24908
0.23920
0.22574
0.21667
0.20172
0.19232
0.17599
0.16733
0.15024
0.14175
0.12451
0.11642
0.09921
0.09186
0.07480
0.06821
0.05176
0.04568
0.03027
0.02472
0.01035
0.00549
-0.00775
-0.01196
-0.02399
-0.02765
-0.03818
-0.04156
-0.05057
-0.05362
-0.06116
-0.06378
-0.07013
-0.07236
-0.07748
-0.07935
-0.08340
-0.08490
-0.08804
-0.08926
-0.09146
-0.09259
-0.09387
-0.09494
-0.09552
-0.09647
-0.09653
-0.09741
-0.09698
-0.09784
-0.09708
-0.09796
-0.09698
-0.09781
-0.09668
-0.09763
-0.09641
-0.09741
-0.09613
-0.09729
-0.09601
-0.09735
-0.09607
-0.09750
-0.09647
-0.09793
-0.09708
-0.09863
-0.09799
-0.09958
-0.09930
-0.10077
-0.10080
-0.10245
-0.10251
-0.10437
-0.10458
-0.10645
-0.10696
-0.10886
-0.10947
-0.11145
-0.11227
-0.11420
-0.11523
-0.11713
-0.11829
-0.12024
-0.12143
-0.12338
-0.12473
-0.12659
-0.12802
-0.12985
-0.13132
-0.13309
-0.13467
-0.13626
-0.13794
-0.13956
-0.14105
-0.14273
-0.14417
-0.14572
-0.14716
-0.12515
0.07312
0.30054
0.16202
0.25900
0.32050
0.26434
0.29193
0.28235
0.32944
0.29535
0.31067
0.30219
0.31516
0.30118
0.29877
0.29395
0.28864
0.28104
0.26950
0.26382
0.25113
0.24313
0.22852
0.22006
0.20538
0.19534
0.18039
0.16980
0.15509
0.14404
0.12946
0.11841
0.10449
0.09326
0.08026
0.06921
0.05722
0.04642
0.03546
0.02527
0.01535
0.00577
-0.00299
-0.01199
-0.01947
-0.02786
-0.03409
-0.04178
-0.04700
-0.05380
-0.05807
-0.06409
-0.06741
-0.07266
-0.07520
-0.07971
-0.08136
-0.08548
-0.08624
-0.08978
-0.09012
-0.09286
-0.09299
-0.09506
-0.09503
-0.09644
-0.09628
-0.09729
-0.09692
-0.09778
-0.09708
-0.09784
-0.09708
-0.09769
-0.09686
-0.09741
-0.09665
-0.09714
-0.09647
-0.09686
-0.09647
-0.09677
-0.09653
-0.09698
-0.09680
-0.09738
-0.09738
-0.09808
-0.09821
-0.09903
-0.09943
-0.10022
-0.10092
-0.10181
-0.10260
-0.10364
-0.10471
-0.10571
-0.10699
-0.10806
-0.10944
-0.11081
-0.11200
-0.11365
-0.11496
-0.11652
-0.11798
-0.11963
-0.12112
-0.12280
-0.12436
-0.12598
-0.12766
-0.12927
-0.13092
-0.13260
-0.13419
-0.13583
-0.13742
-0.13913
-0.14053
-0.14243
-0.14355
-0.14548
-0.14661
-0.13995
-0.00729
0.27332
0.20862
0.19748
0.34131
0.25848
0.29773
0.27069
0.32867
0.29962
0.30862
0.30231
0.31339
0.30566
0.29822
0.29636
0.28934
0.28464
0.27136
0.26654
0.25400
0.24606
0.23221
0.22256
0.20969
0.19778
0.18521
0.17184
0.16040
0.14569
0.13507
0.11978
0.11011
0.09448
0.08594
0.07007
0.06277
0.04709
0.04083
0.02573
0.02042
0.00604
0.00171
-0.01175
-0.01529
-0.02762
-0.03046
-0.04156
-0.04376
-0.05368
-0.05527
-0.06400
-0.06506
-0.07260
-0.07321
-0.07971
-0.07980
-0.08527
-0.08527
-0.08951
-0.08936
-0.09274
-0.09241
-0.09497
-0.09460
-0.09641
-0.09604
-0.09720
-0.09695
-0.09747
-0.09741
-0.09744
-0.09750
-0.09723
-0.09738
-0.09692
-0.09720
-0.09656
-0.09708
-0.09631
-0.09698
-0.09619
-0.09708
-0.09628
-0.09741
-0.09662
-0.09790
-0.09735
-0.09863
-0.09830
-0.09976
-0.09952
-0.10110
-0.10114
-0.10272
-0.10303
-0.10471
-0.10501
-0.10699
-0.10739
-0.10944
-0.10999
-0.11206
-0.11279
-0.11487
-0.11584
-0.11777
-0.11896
-0.12085
-0.12216
-0.12402
-0.12552
-0.12714
-0.12881
-0.13049
-0.13202
-0.13385
-0.13525
-0.13702
-0.13864
-0.14014
-0.14178
-0.14334
-0.14484
-0.14639
-0.14554
-0.06927
0.20932
0.26254
0.15421
0.33398
0.27182
0.29065
0.27252
0.31516
0.31119
0.30261
0.30576
0.30884
0.31079
0.29803
0.29825
0.29053
0.28702
0.27457
0.26807
0.25766
0.24823
0.23651
0.22464
0.21420
0.20010
0.18994
0.17426
0.16504
0.14828
0.13968
0.12225
0.11469
0.09695
0.09018
0.07254
0.06674
0.04950
0.04446
0.02805
0.02368
0.00824
0.00461
-0.00970
-0.01273
-0.02573
-0.02826
-0.03989
-0.04184
-0.05225
-0.05365
-0.06268
-0.06381
-0.07141
-0.07233
-0.07849
-0.07932
-0.08423
-0.08487
-0.08865
-0.08917
-0.09192
-0.09250
-0.09424
-0.09473
-0.09586
-0.09622
-0.09680
-0.09711
-0.09711
-0.09772
-0.09702
-0.09793
-0.09680
-0.09784
-0.09647
-0.09769
-0.09613
-0.09744
-0.09595
-0.09729
-0.09592
-0.09723
-0.09610
-0.09741
-0.09641
-0.09796
-0.09702
-0.09869
-0.09793
-0.09973
-0.09915
-0.10107
-0.10068
-0.10266
-0.10251
-0.10455
-0.10464
-0.10666
-0.10703
-0.10904
-0.10965
-0.11157
-0.11249
-0.11438
-0.11542
-0.11734
-0.11850
-0.12042
-0.12170
-0.12354
-0.12503
-0.12668
-0.12836
-0.12997
-0.13165
-0.13321
-0.13495
-0.13651
-0.13815
-0.13971
-0.14136
-0.14282
-0.14450
-0.14587
-0.14706
-0.10999
0.12457
0.29721
0.14758
0.29361
0.30154
0.27390
0.28445
0.29407
0.32449
0.29660
0.30969
0.30399
0.31448
0.29950
0.29883
0.29269
0.28815
0.27872
0.26889
0.26178
0.24994
0.24088
0.22690
0.21817
0.20322
0.19370
0.17770
0.16852
0.15213
0.14288
0.12643
0.11737
0.10141
0.09244
0.07712
0.06863
0.05402
0.04605
0.03244
0.02493
0.01251
0.00555
-0.00571
-0.01196
-0.02209
-0.02771
-0.03668
-0.04169
-0.04932
-0.05380
-0.06015
-0.06409
-0.06921
-0.07272
-0.07663
-0.07968
-0.08267
-0.08511
-0.08731
-0.08932
-0.09067
-0.09247
-0.09296
-0.09460
-0.09442
-0.09579
-0.09534
-0.09625
-0.09564
-0.09625
-0.09549
-0.09589
-0.09500
-0.09540
-0.09427
-0.09473
-0.09348
-0.09415
-0.09265
-0.09354
-0.09207
-0.09293
-0.09177
-0.09250
-0.09161
-0.09235
-0.09164
-0.09256
-0.09192
-0.09290
-0.09235
-0.09335
-0.09302
-0.09409
-0.09399
-0.09503
-0.09512
-0.09625
-0.09653
-0.09772
-0.09814
-0.09927
-0.09998
-0.10104
-0.10190
-0.10306
-0.10391
-0.10516
-0.10605
-0.10733
-0.10831
-0.10953
-0.11057
-0.11179
-0.11292
-0.11401
-0.11517
-0.11633
-0.11737
-0.11859
-0.11960
-0.12073
-0.12173
-0.12286
-0.12375
-0.11118
0.03601
0.25650
0.15662
0.20294
0.28732
0.22540
0.25537
0.23822
0.28430
0.25418
0.26566
0.25772
0.26819
0.25760
0.25302
0.24973
0.24356
0.23810
0.22659
0.22208
0.21039
0.20361
0.19052
0.18304
0.17041
0.16119
0.14886
0.13879
0.12708
0.11633
0.10519
0.09418
0.08392
0.07266
0.06332
0.05225
0.04385
0.03305
0.02567
0.01526
0.00900
-0.00092
-0.00616
-0.01529
-0.01981
-0.02798
-0.03165
-0.03909
-0.04178
-0.04849
-0.05048
-0.05624
-0.05762
-0.06253
-0.06332
-0.06750
-0.06769
-0.07114
-0.07095
-0.07355
-0.07321
-0.07510
-0.07446
-0.07578
-0.07495
-0.07584
-0.07480
-0.07529
-0.07422
-0.07431
-0.07327
-0.07306
-0.07202
-0.07162
-0.07071
-0.07007
-0.06931
-0.06851
-0.06793
-0.06711
-0.06659
-0.06589
-0.06540
-0.06476
-0.06445
-0.06390
-0.06372
-0.06326
-0.06323
-0.06293
-0.06293
-0.06290
-0.06296
-0.06305
-0.06329
-0.06339
-0.06381
-0.06396
-0.06442
-0.06467
-0.06528
-0.06555
-0.06631
-0.06662
-0.06741
-0.06784
-0.06860
-0.06915
-0.07001
-0.07050
-0.07138
-0.07199
-0.07269
-0.07358
-0.07410
-0.07501
-0.07565
0.00009
-0.00067
-0.00107
-0.00183
-0.00229
-0.00299
-0.00354
-0.00418
-0.00455
-0.00113
0.01065
0.01080
0.00897
0.01846
0.01517
0.01828
0.01761
0.02237
0.02194
0.02328
0.02414
0.02579
0.02661
0.02661
0.02765
0.02774
0.02835
0.02783
0.02808
0.02768
0.02728
0.02670
0.02597
0.02512
0.02423
0.02313
0.02179
0.02084
0.01904
0.01813
0.01602
0.01511
0.01291
0.01184
0.00961
0.00854
0.00629
0.00525
0.00284
0.00208
-0.00046
-0.00110
-0.00357
-0.00403
-0.00656
-0.00681
-0.00928
-0.00934
-0.01163
-0.01175
-0.01376
-0.01373
-0.01559
-0.01556
-0.01709
-0.01718
-0.01892
-0.01840
-0.01871
-0.01843
-0.01849
-0.01779
-0.01758
-0.01706
-0.01657
-0.01590
-0.01529
-0.01447
-0.01389
-0.01294
-0.01218
-0.01141
-0.01031
-0.00980
-0.00858
-0.00797
-0.00696
-0.00610
-0.00528
-0.00449
-0.00354
-0.00305
-0.00189
-0.00165
-0.00049
-0.00027
0.00073
0.00089
0.00177
0.00195
0.00269
0.00281
0.00339
0.00351
0.00397
0.00397
0.00436
0.00436
0.00461
0.00455
0.00470
0.00455
0.00476
0.00443
0.00461
0.00427
0.00433
0.00400
0.00397
0.00366
0.00357
0.00327
0.00305
0.00287
0.00256
0.00232
0.00208
0.00183
0.00153
0.00140
0.00092
0.00092
0.00046
0.00043
-0.00003
0.00000
-0.00046
-0.00046
-0.00085
-0.00082
-0.00122
-0.00119
-0.00146
-0.00150
-0.00174
-0.00171
-0.00198
-0.00192
-0.00211
-0.00208
-0.00226
-0.00214
-0.00238
-0.00220
-0.00241
-0.00226
-0.00232
-0.00238
-0.00220
-0.00241
-0.00211
-0.00232
-0.00211
-0.00214
-0.00217
-0.00189
-0.00211
-0.00183
-0.00189
-0.00186
-0.00162
-0.00186
-0.00143
-0.00174
-0.00134
-0.00153
-0.00134
-0.00137
-0.00125
-0.00122
-0.00116
-0.00113
-0.00110
-0.00104
-0.00092
-0.00107
-0.00079
-0.00101
-0.00079
-0.00085
-0.00076
-0.00082
-0.00073
-0.00082
-0.00070
-0.00070
-0.00079
-0.00061
-0.00082
-0.00064
-0.00070
-0.00079
-0.00061
-0.00082
-0.00070
-0.00070
-0.00082
-0.00073
-0.00082
-0.00073
-0.00089
-0.00073
-0.00095
-0.00079
-0.00089
-0.00095
-0.00079
-0.00104
-0.00082
-0.00104
-0.00092
-0.00104
-0.00095
-0.00104
-0.00101
-0.00110
-0.00098
-0.00110
-0.00110
-0.00104
-0.00119
-0.00098
-0.00119
-0.00110
-0.00116
-0.00110
-0.00119
-0.00110
-0.00119
-0.00113
-0.00116
-0.00119
-0.00116
-0.00116
-0.00119
-0.00110
-0.00125
-0.00113
-0.00116
-0.00119
-0.00113
-0.00122
-0.00110
-0.00119
-0.00113
-0.00119
-0.00116
-0.00110
-0.00122
-0.00107
-0.00125
-0.00104
-0.00119
-0.00116
-0.00107
-0.00125
-0.00098
-0.00128
-0.00101
-0.00119
-0.00110
-0.00113
-0.00113
-0.00110
-0.00110
-0.00116
