0.00000
-0.00006
0.00012
-0.00012
0.00009
0.00003
0.00018
0.00021
0.00049
0.00067
0.00092
0.00150
0.00165
0.00247
0.00293
0.00360
0.00452
0.00528
0.00616
0.00735
0.00824
0.00958
0.01077
0.01199
0.01352
0.01492
0.01620
0.01816
0.01932
0.02124
0.02301
0.02426
0.02676
0.02792
0.03003
0.03210
0.03339
0.03610
0.03754
0.03943
0.04202
0.04324
0.04578
0.04800
0.04898
0.05261
0.05353
0.05573
0.05887
0.05917
0.06314
0.06445
0.06564
0.07001
0.06982
0.07315
0.07599
0.07510
0.08179
0.08029
0.07645
0.04367
-0.06107
-0.12128
-0.09372
-0.09839
-0.11993
-0.10797
-0.11270
-0.11514
-0.10565
-0.10843
-0.10165
-0.09528
-0.09381
-0.08484
-0.08112
-0.07626
-0.06860
-0.06644
-0.05988
-0.05548
-0.05283
-0.04712
-0.04520
-0.04199
-0.03793
-0.03748
-0.03378
-0.03229
-0.03131
-0.02826
-0.02847
-0.02655
-0.02496
-0.02521
-0.02277
-0.02286
-0.02182
-0.02014
-0.02032
-0.01868
-0.01773
-0.01746
-0.01553
-0.01517
-0.01413
-0.01230
-0.01230
-0.01022
-0.00934
-0.00858
-0.00635
-0.00610
-0.00439
-0.00278
-0.00232
-0.00009
0.00070
0.00186
0.00403
0.00430
0.00638
0.00766
0.00836
0.01077
0.01111
0.01282
0.01453
0.01501
0.01715
0.01807
0.01910
0.02130
0.02167
0.02344
0.02499
0.02545
0.02780
0.02844
0.02957
0.03183
0.03183
0.03421
0.03503
0.03604
0.03821
0.03864
0.04025
0.04196
0.04230
0.04465
0.04541
0.04630
0.04880
0.04877
0.05081
0.05234
0.05252
0.05545
0.05539
0.05695
0.05923
0.05884
0.06174
0.06229
0.06287
0.06619
0.06537
0.06766
0.06964
0.06882
0.07300
0.07211
0.07330
0.07727
0.07458
0.07935
0.07907
0.07489
0.05579
-0.03769
-0.12033
-0.10278
-0.09613
-0.12067
-0.11237
-0.11200
-0.11829
-0.10852
-0.10849
-0.10519
-0.09637
-0.09564
-0.08710
-0.08160
-0.07825
-0.06989
-0.06693
-0.06140
-0.05566
-0.05371
-0.04794
-0.04504
-0.04279
-0.03815
-0.03763
-0.03427
-0.03207
-0.03171
-0.02853
-0.02832
-0.02679
-0.02505
-0.02515
-0.02341
-0.02234
-0.02240
-0.02020
-0.02039
-0.01917
-0.01764
-0.01782
-0.01587
-0.01517
-0.01456
-0.01254
-0.01248
-0.01074
-0.00931
-0.00900
-0.00681
-0.00610
-0.00494
-0.00287
-0.00266
-0.00058
0.00067
0.00143
0.00366
0.00418
0.00580
0.00763
0.00800
0.01025
0.01117
0.01230
0.01431
0.01483
0.01660
0.01819
0.01855
0.02103
0.02151
0.02295
0.02490
0.02515
0.02731
0.02835
0.02930
0.03134
0.03189
0.03348
0.03522
0.03549
0.03790
0.03851
0.03979
0.04184
0.04205
0.04407
0.04553
0.04575
0.04858
0.04855
0.05032
0.05222
0.05231
0.05469
0.05563
0.05637
0.05905
0.05878
0.06082
0.06281
0.06226
0.06577
0.06537
0.06689
0.06989
0.06848
0.07187
0.07291
0.07242
0.07712
0.07468
0.07779
0.08081
0.07553
0.06439
-0.01379
-0.11307
-0.11191
-0.09125
-0.11746
-0.11627
-0.10968
-0.11905
-0.10989
-0.10794
-0.10727
-0.09723
-0.09589
-0.08923
-0.08215
-0.07950
-0.07144
-0.06696
-0.06335
-0.05621
-0.05435
-0.04901
-0.04538
-0.04355
-0.03900
-0.03741
-0.03543
-0.03207
-0.03210
-0.02911
-0.02805
-0.02762
-0.02518
-0.02512
-0.02393
-0.02225
-0.02280
-0.02051
-0.02026
-0.01965
-0.01773
-0.01797
-0.01627
-0.01514
-0.01501
-0.01276
-0.01251
-0.01123
-0.00949
-0.00925
-0.00726
-0.00604
-0.00555
-0.00308
-0.00284
-0.00101
0.00061
0.00095
0.00336
0.00418
0.00522
0.00745
0.00775
0.00977
0.01117
0.01175
0.01407
0.01462
0.01627
0.01785
0.01843
0.02042
0.02164
0.02240
0.02466
0.02496
0.02682
0.02841
0.02875
0.03110
0.03177
0.03296
0.03510
0.03522
0.03738
0.03860
0.03915
0.04166
0.04190
0.04358
0.04544
0.04541
0.04813
0.04865
0.04974
0.05203
0.05206
0.05417
0.05576
0.05579
0.05862
0.05893
0.06021
0.06265
0.06207
0.06491
0.06607
0.06592
0.06967
0.06845
0.07114
0.07330
0.07175
0.07629
0.07568
0.07642
0.08112
0.07550
0.07007
0.01102
-0.09616
-0.11768
-0.09119
-0.11230
-0.11926
-0.10858
-0.11783
-0.11301
-0.10706
-0.10864
-0.09891
-0.09595
-0.09183
-0.08270
-0.08057
-0.07327
-0.06769
-0.06467
-0.05746
-0.05460
-0.05081
-0.04562
-0.04431
-0.03979
-0.03772
-0.03610
-0.03262
-0.03198
-0.03003
-0.02798
-0.02805
-0.02536
-0.02521
-0.02432
-0.02249
-0.02264
-0.02112
-0.02011
-0.02011
-0.01794
-0.01788
-0.01682
-0.01523
-0.01514
-0.01324
-0.01239
-0.01178
-0.00964
-0.00937
-0.00772
-0.00623
-0.00580
-0.00357
-0.00275
-0.00171
0.00046
0.00085
0.00269
0.00427
0.00467
0.00717
0.00769
0.00919
0.01099
0.01151
0.01367
0.01459
0.01559
0.01779
0.01813
0.02011
0.02139
0.02200
0.02429
0.02502
0.02615
0.02826
0.02856
0.03055
0.03186
0.03241
0.03479
0.03522
0.03680
0.03851
0.03876
0.04132
0.04187
0.04297
0.04523
0.04538
0.04742
0.04886
0.04910
0.05176
0.05215
0.05344
0.05576
0.05536
0.05829
0.05893
0.05957
0.06241
0.06223
0.06409
0.06622
0.06531
0.06921
0.06903
0.06989
0.07339
0.07156
0.07556
0.07648
0.07498
0.08105
0.07751
0.07391
0.03183
-0.07681
-0.12408
-0.09305
-0.10544
-0.12140
-0.10898
-0.11649
-0.11530
-0.10690
-0.10922
-0.10138
-0.09595
-0.09335
-0.08429
-0.08096
-0.07556
-0.06790
-0.06601
-0.05859
-0.05539
-0.05170
-0.04642
-0.04459
-0.04120
-0.03754
-0.03693
-0.03293
-0.03232
-0.03061
-0.02817
-0.02802
-0.02618
-0.02490
-0.02487
-0.02255
-0.02271
-0.02167
-0.01990
-0.02039
-0.01831
-0.01791
-0.01730
-0.01523
-0.01535
-0.01370
-0.01251
-0.01199
-0.01007
-0.00931
-0.00839
-0.00623
-0.00610
-0.00397
-0.00296
-0.00198
0.00006
0.00079
0.00208
0.00418
0.00439
0.00668
0.00769
0.00854
0.01096
0.01120
0.01309
0.01465
0.01511
0.01755
0.01807
0.01938
0.02148
0.02164
0.02393
0.02484
0.02573
0.02798
0.02847
0.02994
0.03180
0.03210
0.03436
0.03519
0.03616
0.03848
0.03857
0.04065
0.04196
0.04242
0.04501
0.04532
0.04672
0.04877
0.04889
0.05130
0.05212
0.05286
0.05548
0.05554
0.05728
0.05920
0.05902
0.06213
0.06229
0.06323
0.06628
0.06531
0.06827
0.06940
0.06888
0.07336
0.07193
0.07394
0.07706
0.07458
0.08054
0.07852
0.07394
0.04727
-0.05258
-0.12253
-0.09869
-0.09872
-0.12198
-0.11096
-0.11325
-0.11768
-0.10742
-0.10925
-0.10373
-0.09579
-0.09518
-0.08582
-0.08151
-0.07712
-0.06921
-0.06653
-0.06061
-0.05530
-0.05316
-0.04721
-0.04514
-0.04190
-0.03809
-0.03714
-0.03409
-0.03186
-0.03149
-0.02829
-0.02826
-0.02670
-0.02481
-0.02518
-0.02307
-0.02246
-0.02219
-0.01996
-0.02051
-0.01883
-0.01767
-0.01770
-0.01553
-0.01544
-0.01413
-0.01251
-0.01230
-0.01053
-0.00937
-0.00870
-0.00662
-0.00607
-0.00470
-0.00281
-0.00250
-0.00021
0.00052
0.00183
0.00381
0.00424
0.00616
0.00760
0.00824
0.01053
0.01111
0.01257
0.01443
0.01501
0.01678
0.01822
0.01889
0.02115
0.02164
0.02316
0.02502
0.02527
0.02765
0.02826
0.02957
0.03156
0.03195
0.03375
0.03528
0.03574
0.03812
0.03857
0.03992
0.04211
0.04199
0.04456
0.04526
0.04626
0.04865
0.04871
0.05054
0.05240
0.05234
0.05518
0.05545
0.05658
0.05933
0.05869
0.06137
0.06256
0.06262
0.06613
0.06522
0.06744
0.06970
0.06870
0.07248
0.07224
0.07297
0.07724
0.07474
0.07843
0.08023
0.07562
0.06152
-0.02628
-0.11798
-0.10669
-0.09323
-0.12000
-0.11334
-0.11133
-0.11887
-0.10889
-0.10852
-0.10599
-0.09698
-0.09564
-0.08826
-0.08157
-0.07919
-0.07034
-0.06723
-0.06207
-0.05621
-0.05386
-0.04868
-0.04495
-0.04337
-0.03842
-0.03760
-0.03464
-0.03220
-0.03174
-0.02902
-0.02789
-0.02747
-0.02490
-0.02530
-0.02350
-0.02237
-0.02246
-0.02048
-0.02014
-0.01950
-0.01758
-0.01801
-0.01590
-0.01529
-0.01468
-0.01270
-0.01245
-0.01093
-0.00940
-0.00909
-0.00699
-0.00616
-0.00510
-0.00308
-0.00269
-0.00076
0.00058
0.00128
0.00348
0.00421
0.00558
0.00757
0.00781
0.01016
0.01108
0.01208
0.01422
0.01465
0.01654
0.01797
0.01859
0.02066
0.02167
0.02267
0.02481
0.02509
0.02698
0.02859
0.02881
0.03146
0.03165
0.03339
0.03513
0.03537
0.03769
0.03854
0.03955
0.04172
0.04193
0.04385
0.04550
0.04562
0.04834
0.04861
0.05008
0.05234
0.05194
0.05472
0.05551
0.05618
0.05887
0.05872
0.06061
0.06277
0.06216
0.06537
0.06577
0.06647
0.06989
0.06833
0.07162
0.07306
0.07208
0.07675
0.07495
0.07730
0.08124
0.07544
0.06671
-0.00293
-0.10605
-0.11432
-0.09061
-0.11523
-0.11777
-0.10892
-0.11868
-0.11118
-0.10764
-0.10806
-0.09778
-0.09610
-0.09021
-0.08252
-0.07990
-0.07224
-0.06717
-0.06418
-0.05643
-0.05478
-0.04962
-0.04562
-0.04391
-0.03931
-0.03748
-0.03586
-0.03217
-0.03214
-0.02948
-0.02802
-0.02783
-0.02524
-0.02515
-0.02417
-0.02231
-0.02274
-0.02069
-0.02029
-0.01971
-0.01794
-0.01785
-0.01657
-0.01517
-0.01505
-0.01309
-0.01230
-0.01166
-0.00940
-0.00934
-0.00748
-0.00610
-0.00565
-0.00330
-0.00278
-0.00134
0.00055
0.00082
0.00317
0.00412
0.00500
0.00735
0.00766
0.00964
0.01105
0.01160
0.01392
0.01465
0.01587
0.01794
0.01816
0.02042
0.02148
0.02219
0.02457
0.02493
0.02661
0.02826
0.02863
0.03091
0.03180
0.03271
0.03494
0.03522
0.03717
0.03857
0.03903
0.04135
0.04208
0.04315
0.04541
0.04538
0.04770
0.04895
0.04926
0.05209
0.05200
0.05396
0.05579
0.05554
0.05847
0.05899
0.05981
0.06265
0.06201
0.06461
0.06619
0.06561
0.06949
0.06873
0.07062
0.07333
0.07144
0.07608
0.07599
0.07571
0.08118
0.07635
0.07272
0.02136
-0.08804
-0.12070
-0.09137
-0.10968
-0.11975
-0.10858
-0.11743
-0.11380
-0.10721
-0.10870
-0.10031
-0.09583
-0.09286
-0.08307
-0.08109
-0.07410
-0.06802
-0.06506
-0.05814
-0.05484
-0.05139
-0.04581
-0.04468
-0.04025
-0.03778
-0.03641
-0.03278
-0.03207
-0.03046
-0.02780
-0.02826
-0.02557
-0.02515
-0.02460
-0.02243
-0.02271
-0.02139
-0.01996
-0.02023
-0.01801
-0.01797
-0.01697
-0.01529
-0.01514
-0.01352
-0.01242
-0.01196
-0.00980
-0.00925
-0.00818
-0.00607
-0.00604
-0.00363
-0.00284
-0.00192
0.00037
0.00073
0.00256
0.00409
0.00458
0.00702
0.00763
0.00894
0.01099
0.01135
0.01346
0.01456
0.01535
0.01767
0.01819
0.01971
0.02142
0.02191
0.02414
0.02493
0.02600
0.02817
0.02841
0.03046
0.03168
0.03226
0.03470
0.03513
0.03656
0.03851
0.03867
0.04108
0.04196
0.04263
0.04520
0.04532
0.04709
0.04886
0.04886
0.05176
0.05203
0.05319
0.05566
0.05542
0.05792
0.05908
0.05914
0.06241
0.06219
0.06375
0.06619
0.06534
0.06891
0.06921
0.06940
0.07343
0.07169
0.07498
0.07645
0.07455
0.08102
0.07791
0.07376
0.03842
-0.06750
-0.12463
-0.09552
-0.10208
-0.12207
-0.10983
-0.11493
-0.11636
-0.10687
-0.10947
-0.10214
-0.09601
-0.09393
-0.08505
-0.08109
-0.07623
-0.06833
-0.06613
-0.05960
-0.05508
-0.05240
-0.04669
-0.04483
-0.04156
-0.03763
-0.03714
-0.03329
-0.03229
-0.03082
-0.02820
-0.02820
-0.02634
-0.02490
-0.02505
-0.02271
-0.02271
-0.02185
-0.02002
-0.02039
-0.01855
-0.01779
-0.01749
-0.01535
-0.01535
-0.01401
-0.01233
-0.01233
-0.01010
-0.00952
-0.00836
-0.00653
-0.00598
-0.00436
-0.00281
-0.00229
0.00000
0.00067
0.00192
0.00403
0.00436
0.00644
0.00760
0.00851
0.01071
0.01120
0.01285
0.01459
0.01498
0.01730
0.01801
0.01926
0.02127
0.02170
0.02356
0.02490
0.02560
0.02786
0.02832
0.02982
0.03168
0.03201
0.03421
0.03503
0.03604
0.03833
0.03857
0.04031
0.04202
0.04227
0.04483
0.04523
0.04657
0.04865
0.04895
0.05078
0.05240
0.05246
0.05557
0.05536
0.05710
0.05920
0.05887
0.06189
0.06219
0.06308
0.06610
0.06546
0.06772
0.06964
0.06879
0.07318
0.07202
0.07346
0.07727
0.07452
0.07956
0.07877
0.07431
0.05399
-0.04117
-0.12094
-0.10172
-0.09698
-0.12088
-0.11218
-0.11221
-0.11813
-0.10831
-0.10864
-0.10480
-0.09619
-0.09555
-0.08676
-0.08157
-0.07800
-0.06970
-0.06674
-0.06137
-0.05545
-0.05362
-0.04782
-0.04492
-0.04269
-0.03818
-0.03735
-0.03442
-0.03186
-0.03177
-0.02844
-0.02823
-0.02686
-0.02490
-0.02524
-0.02322
-0.02249
-0.02222
-0.02026
-0.02036
-0.01913
-0.01758
-0.01788
-0.01572
-0.01526
-0.01447
-0.01245
-0.01257
-0.01050
-0.00952
-0.00885
-0.00671
-0.00626
-0.00473
-0.00299
-0.00253
-0.00055
0.00067
0.00150
0.00369
0.00421
0.00586
0.00763
0.00803
0.01035
0.01114
0.01230
0.01453
0.01465
0.01685
0.01801
0.01883
0.02090
0.02158
0.02301
0.02493
0.02518
0.02740
0.02835
0.02930
0.03152
0.03177
0.03363
0.03516
0.03561
0.03790
0.03854
0.03976
0.04196
0.04202
0.04416
0.04544
0.04596
0.04849
0.04871
0.05026
0.05237
0.05222
0.05487
0.05557
0.05643
0.05917
0.05869
0.06104
0.06259
0.06253
0.06567
0.06549
0.06686
0.06995
0.06845
0.07211
0.07266
0.07263
0.07730
0.07452
0.07800
0.08072
0.07547
0.06381
-0.01700
-0.11435
-0.11075
-0.09152
-0.11832
-0.11539
-0.11026
-0.11890
-0.10971
-0.10809
-0.10690
-0.09720
-0.09583
-0.08899
-0.08200
-0.07950
-0.07108
-0.06708
-0.06305
-0.05615
-0.05432
-0.04883
-0.04538
-0.04343
-0.03885
-0.03751
-0.03519
-0.03220
-0.03192
-0.02914
-0.02802
-0.02759
-0.02502
-0.02524
-0.02377
-0.02225
-0.02277
-0.02045
-0.02026
-0.01959
-0.01779
-0.01785
-0.01630
-0.01514
-0.01492
-0.01279
-0.01245
-0.01117
-0.00943
-0.00934
-0.00702
-0.00629
-0.00525
-0.00320
-0.00275
-0.00098
0.00058
0.00107
0.00339
0.00412
0.00540
0.00739
0.00781
0.00983
0.01117
0.01181
0.01410
0.01471
0.01617
0.01810
0.01825
0.02072
0.02142
0.02258
0.02466
0.02499
0.02689
0.02835
0.02884
0.03113
0.03183
0.03302
0.03506
0.03531
0.03741
0.03864
0.03925
0.04160
0.04199
0.04361
0.04544
0.04550
0.04810
0.04874
0.04971
0.05219
0.05194
0.05435
0.05569
0.05582
0.05875
0.05881
0.06042
0.06262
0.06213
0.06503
0.06595
0.06613
0.06961
0.06848
0.07117
0.07330
0.07175
0.07648
0.07547
0.07678
0.08112
0.07547
0.06931
0.00775
-0.09842
-0.11694
-0.09088
-0.11304
-0.11884
-0.10876
-0.11789
-0.11267
-0.10715
-0.10849
-0.09869
-0.09589
-0.09155
-0.08258
-0.08047
-0.07300
-0.06769
-0.06451
-0.05725
-0.05460
-0.05066
-0.04547
-0.04434
-0.03961
-0.03766
-0.03607
-0.03244
-0.03214
-0.02982
-0.02808
-0.02792
-0.02539
-0.02515
-0.02429
-0.02246
-0.02267
-0.02100
-0.02014
-0.02002
-0.01791
-0.01791
-0.01678
-0.01517
-0.01520
-0.01312
-0.01242
-0.01175
-0.00958
-0.00934
-0.00766
-0.00629
-0.00571
-0.00354
-0.00275
-0.00159
0.00037
0.00089
0.00287
0.00412
0.00488
0.00711
0.00772
0.00928
0.01099
0.01154
0.01364
0.01471
0.01559
0.01785
0.01816
0.02014
0.02142
0.02209
0.02432
0.02502
0.02625
0.02832
0.02841
0.03082
0.03171
0.03253
0.03488
0.03510
0.03702
0.03842
0.03888
0.04123
0.04199
0.04297
0.04532
0.04532
0.04755
0.04886
0.04907
0.05200
0.05194
0.05371
0.05557
0.05551
0.05829
0.05896
0.05963
0.06241
0.06216
0.06433
0.06616
0.06543
0.06927
0.06894
0.07007
0.07333
0.07156
0.07565
0.07642
0.07507
0.08112
0.07736
0.07388
0.02997
-0.07944
-0.12326
-0.09271
-0.10626
-0.12109
-0.10886
-0.11673
-0.11496
-0.10703
-0.10910
-0.10110
-0.09601
-0.09311
-0.08414
-0.08093
-0.07526
-0.06796
-0.06573
-0.05862
-0.05515
-0.05179
-0.04623
-0.04462
-0.04095
-0.03760
-0.03680
-0.03296
-0.03220
-0.03055
-0.02811
-0.02808
-0.02603
-0.02499
-0.02478
-0.02249
-0.02277
-0.02151
-0.02005
-0.02026
-0.01822
-0.01797
-0.01718
-0.01529
-0.01526
-0.01370
-0.01239
-0.01212
-0.00980
-0.00952
-0.00821
-0.00620
-0.00610
-0.00388
-0.00293
-0.00204
0.00018
0.00076
0.00220
0.00412
0.00449
0.00681
0.00757
0.00879
0.01083
0.01132
0.01315
0.01456
0.01523
0.01755
0.01807
0.01950
0.02145
0.02167
0.02402
0.02484
0.02582
0.02802
0.02844
0.03009
0.03174
0.03217
0.03445
0.03519
0.03625
0.03842
0.03870
0.04068
0.04196
0.04248
0.04498
0.04538
0.04675
0.04889
0.04880
0.05145
0.05215
0.05289
0.05563
0.05533
0.05765
0.05899
0.05914
0.06213
0.06235
0.06326
0.06631
0.06531
0.06851
0.06924
0.06912
0.07330
0.07190
0.07419
0.07690
0.07468
0.08057
0.07849
0.07376
0.04538
-0.05618
-0.12292
-0.09778
-0.09924
-0.12204
-0.11078
-0.11349
-0.11746
-0.10724
-0.10944
-0.10324
-0.09595
-0.09482
-0.08569
-0.08145
-0.07678
-0.06912
-0.06631
-0.06055
-0.05505
-0.05316
-0.04703
-0.04507
-0.04187
-0.03796
-0.03720
-0.03384
-0.03204
-0.03125
-0.02829
-0.02829
-0.02655
-0.02493
-0.02505
-0.02301
-0.02252
-0.02203
-0.02005
-0.02039
-0.01886
-0.01761
-0.01770
-0.01544
-0.01544
-0.01413
-0.01245
-0.01227
-0.01050
-0.00928
-0.00879
-0.00638
-0.00629
-0.00446
-0.00287
-0.00244
-0.00021
0.00061
0.00183
0.00385
0.00433
0.00610
0.00772
0.00824
0.01062
0.01108
0.01273
0.01443
0.01495
0.01697
0.01819
0.01889
0.02136
0.02145
0.02341
0.02490
0.02539
0.02768
0.02835
0.02948
0.03174
0.03180
0.03400
0.03513
0.03586
0.03818
0.03851
0.04013
0.04193
0.04221
0.04449
0.04535
0.04620
0.04874
0.04871
0.05066
0.05231
0.05246
0.05521
0.05545
0.05673
0.05920
0.05884
0.06143
0.06247
0.06277
0.06610
0.06537
0.06738
0.06982
0.06863
0.07269
0.07217
0.07297
0.07742
0.07449
0.07889
0.07977
0.07559
0.05988
-0.02972
-0.11880
-0.10529
-0.09436
-0.11996
-0.11310
-0.11142
-0.11868
-0.10883
-0.10852
-0.10571
-0.09689
-0.09549
-0.08810
-0.08142
-0.07910
-0.07001
-0.06729
-0.06177
-0.05618
-0.05374
-0.04846
-0.04504
-0.04312
-0.03839
-0.03763
-0.03448
-0.03220
-0.03168
-0.02893
-0.02795
-0.02734
-0.02484
-0.02533
-0.02344
-0.02237
-0.02246
-0.02032
-0.02029
-0.01938
-0.01749
-0.01810
-0.01578
-0.01532
-0.01459
-0.01266
-0.01242
-0.01096
-0.00931
-0.00916
-0.00677
-0.00629
-0.00497
-0.00305
-0.00266
-0.00076
0.00064
0.00134
0.00351
0.00415
0.00574
0.00751
0.00800
0.00998
0.01129
0.01199
0.01437
0.01465
0.01651
0.01813
0.01849
0.02084
0.02155
0.02283
0.02484
0.02505
0.02719
0.02835
0.02908
0.03140
0.03168
0.03342
0.03516
0.03540
0.03775
0.03860
0.03949
0.04190
0.04184
0.04401
0.04544
0.04568
0.04843
0.04855
0.05020
0.05219
0.05219
0.05463
0.05560
0.05621
0.05893
0.05875
0.06061
0.06284
0.06213
0.06558
0.06558
0.06668
0.06989
0.06845
0.07159
0.07315
0.07202
0.07697
0.07474
0.07739
0.08118
0.07535
0.06607
-0.00626
-0.10849
-0.11362
-0.09079
-0.11588
-0.11746
-0.10901
-0.11887
-0.11072
-0.10770
-0.10788
-0.09756
-0.09595
-0.09000
-0.08240
-0.07971
-0.07199
-0.06714
-0.06378
-0.05655
-0.05447
-0.04956
-0.04550
-0.04385
-0.03922
-0.03745
-0.03568
-0.03226
-0.03201
-0.02945
-0.02795
-0.02777
-0.02521
-0.02521
-0.02399
-0.02240
-0.02271
-0.02069
-0.02020
-0.01981
-0.01779
-0.01797
-0.01639
-0.01520
-0.01505
-0.01297
-0.01239
-0.01147
-0.00949
-0.00928
-0.00739
-0.00613
-0.00558
-0.00330
-0.00269
-0.00137
0.00064
0.00082
0.00317
0.00424
0.00497
0.00745
0.00766
0.00964
0.01117
0.01160
0.01398
0.01471
0.01584
0.01801
0.01828
0.02029
0.02167
0.02213
0.02469
0.02493
0.02664
0.02838
0.02856
0.03107
0.03174
0.03281
0.03497
0.03525
0.03717
0.03864
0.03900
0.04150
0.04199
0.04327
0.04541
0.04538
0.04779
0.04895
0.04929
0.05215
0.05197
0.05405
0.05579
0.05557
0.05859
0.05887
0.06003
0.06259
0.06198
0.06488
0.06592
0.06592
0.06940
0.06879
0.07074
0.07343
0.07147
0.07614
0.07602
0.07587
0.08109
0.07599
0.07181
0.01825
-0.09045
-0.11987
-0.09125
-0.11066
-0.11932
-0.10873
-0.11737
-0.11374
-0.10703
-0.10876
-0.09979
-0.09592
-0.09250
-0.08304
-0.08087
-0.07385
-0.06793
-0.06491
-0.05798
-0.05463
-0.05139
-0.04559
-0.04465
-0.04016
-0.03763
-0.03653
-0.03253
-0.03217
-0.03027
-0.02786
-0.02823
-0.02542
-0.02524
-0.02448
-0.02246
-0.02271
-0.02121
-0.02008
-0.02014
-0.01807
-0.01782
-0.01706
-0.01514
-0.01526
-0.01340
-0.01239
-0.01190
-0.00974
-0.00937
-0.00793
-0.00623
-0.00586
-0.00366
-0.00281
-0.00186
0.00040
0.00073
0.00262
0.00412
0.00461
0.00708
0.00760
0.00906
0.01096
0.01144
0.01346
0.01465
0.01544
0.01764
0.01828
0.01968
0.02151
0.02188
0.02423
0.02496
0.02600
0.02820
0.02847
0.03049
0.03177
0.03226
0.03476
0.03516
0.03662
0.03848
0.03873
0.04114
0.04190
0.04279
0.04520
0.04532
0.04721
0.04883
0.04892
0.05176
0.05209
0.05331
0.05560
0.05551
0.05795
0.05908
0.05933
0.06235
0.06219
0.06393
0.06607
0.06546
0.06891
0.06924
0.06943
0.07352
0.07162
0.07516
0.07654
0.07465
0.08102
0.07782
0.07376
0.03632
-0.07083
-0.12494
-0.09457
-0.10312
-0.12204
-0.10941
-0.11551
-0.11597
-0.10669
-0.10959
-0.10172
-0.09610
-0.09360
-0.08493
-0.08099
-0.07608
-0.06812
-0.06613
-0.05923
-0.05521
-0.05215
-0.04663
-0.04465
-0.04160
-0.03745
-0.03717
-0.03323
-0.03217
-0.03085
-0.02817
-0.02811
-0.02640
-0.02478
-0.02505
-0.02261
-0.02277
-0.02173
-0.02008
-0.02026
-0.01865
-0.01767
-0.01746
-0.01535
-0.01526
-0.01404
-0.01224
-0.01239
-0.00992
-0.00961
-0.00830
-0.00641
-0.00610
-0.00415
-0.00293
-0.00214
0.00000
0.00067
0.00201
0.00409
0.00436
0.00653
0.00757
0.00858
0.01077
0.01123
0.01285
0.01468
0.01498
0.01736
0.01807
0.01926
0.02133
0.02173
0.02359
0.02499
0.02557
0.02798
0.02829
0.02994
0.03168
0.03201
0.03433
0.03503
0.03610
0.03839
0.03848
0.04053
0.04196
0.04233
0.04489
0.04529
0.04654
0.04877
0.04883
0.05109
0.05219
0.05261
0.05554
0.05539
0.05716
0.05920
0.05893
0.06192
0.06232
0.06302
0.06625
0.06534
0.06802
0.06943
0.06897
0.07315
0.07208
0.07355
0.07721
0.07465
0.07977
0.07877
0.07407
0.05203
-0.04465
-0.12149
-0.10071
-0.09769
-0.12119
-0.11188
-0.11243
-0.11813
-0.10791
-0.10886
-0.10443
-0.09604
-0.09543
-0.08649
-0.08154
-0.07767
-0.06967
-0.06656
-0.06128
-0.05530
-0.05356
-0.04758
-0.04501
-0.04245
-0.03812
-0.03738
-0.03424
-0.03189
-0.03168
-0.02838
-0.02829
-0.02676
-0.02490
-0.02518
-0.02319
-0.02249
-0.02216
-0.02023
-0.02036
-0.01901
-0.01773
-0.01764
-0.01584
-0.01517
-0.01443
-0.01248
-0.01236
-0.01071
-0.00928
-0.00891
-0.00662
-0.00626
-0.00467
-0.00299
-0.00247
-0.00049
0.00067
0.00156
0.00378
0.00421
0.00598
0.00757
0.00815
0.01035
0.01114
0.01245
0.01443
0.01480
0.01675
0.01816
0.01874
0.02112
0.02148
0.02310
0.02493
0.02521
0.02750
0.02832
0.02945
0.03146
0.03186
0.03369
0.03513
0.03577
0.03784
0.03864
0.03973
0.04205
0.04199
0.04428
0.04541
0.04596
0.04868
0.04855
0.05051
0.05222
0.05237
0.05490
0.05554
0.05649
0.05920
0.05869
0.06113
0.06265
0.06250
0.06583
0.06543
0.06699
0.06992
0.06851
0.07224
0.07254
0.07285
0.07730
0.07465
0.07803
0.08072
0.07544
0.06317
-0.01987
-0.11578
-0.10925
-0.09222
-0.11877
-0.11481
-0.11066
-0.11884
-0.10950
-0.10828
-0.10657
-0.09720
-0.09567
-0.08881
-0.08182
-0.07944
-0.07080
-0.06717
-0.06268
-0.05624
-0.05411
-0.04889
-0.04510
-0.04352
-0.03870
-0.03751
-0.03506
-0.03214
-0.03195
-0.02914
-0.02786
-0.02768
-0.02487
-0.02536
-0.02356
-0.02243
-0.02258
-0.02045
-0.02026
-0.01953
-0.01776
-0.01788
-0.01620
-0.01511
-0.01489
-0.01279
-0.01236
-0.01120
-0.00934
-0.00925
-0.00708
-0.00620
-0.00522
-0.00320
-0.00272
-0.00092
0.00055
0.00119
0.00333
0.00421
0.00540
0.00748
0.00772
0.01001
0.01105
0.01196
0.01410
0.01468
0.01633
0.01801
0.01843
0.02057
0.02164
0.02252
0.02475
0.02496
0.02698
0.02838
0.02887
0.03119
0.03177
0.03317
0.03513
0.03525
0.03760
0.03851
0.03937
0.04172
0.04181
0.04382
0.04535
0.04562
0.04810
0.04874
0.04987
0.05209
0.05209
0.05435
0.05566
0.05594
0.05875
0.05884
0.06046
0.06271
0.06210
0.06512
0.06595
0.06616
0.06970
0.06845
0.07126
0.07324
0.07187
0.07651
0.07541
0.07697
0.08139
0.07532
0.06860
0.00452
-0.10080
-0.11603
-0.09073
-0.11359
-0.11856
-0.10886
-0.11807
-0.11230
-0.10721
-0.10843
-0.09833
-0.09607
-0.09106
-0.08261
-0.08026
-0.07281
-0.06754
-0.06436
-0.05707
-0.05463
-0.05035
-0.04556
-0.04416
-0.03958
-0.03751
-0.03610
-0.03232
-0.03210
-0.02982
-0.02792
-0.02805
-0.02530
-0.02505
-0.02444
-0.02222
-0.02286
-0.02075
-0.02020
-0.01999
-0.01788
-0.01785
-0.01678
-0.01508
-0.01526
-0.01300
-0.01245
-0.01166
-0.00958
-0.00937
-0.00754
-0.00626
-0.00568
-0.00351
-0.00272
-0.00156
0.00049
0.00085
0.00293
0.00415
0.00491
0.00714
0.00778
0.00931
0.01105
0.01147
0.01382
0.01459
0.01575
0.01782
0.01822
0.02017
0.02151
0.02206
0.02451
0.02487
0.02646
0.02820
0.02859
0.03076
0.03177
0.03256
0.03491
0.03519
0.03696
0.03854
0.03891
0.04129
0.04199
0.04306
0.04526
0.04541
0.04761
0.04883
0.04919
0.05191
0.05212
0.05359
0.05582
0.05530
0.05853
0.05881
0.05978
0.06244
0.06210
0.06454
0.06610
0.06552
0.06934
0.06885
0.07028
0.07330
0.07150
0.07581
0.07629
0.07526
0.08112
0.07721
0.07379
0.02771
-0.08218
-0.12250
-0.09219
-0.10736
-0.12061
-0.10883
-0.11685
-0.11475
-0.10693
-0.10910
-0.10083
-0.09592
-0.09317
-0.08359
-0.08112
-0.07489
-0.06802
-0.06549
-0.05856
-0.05499
-0.05176
-0.04608
-0.04465
-0.04077
-0.03766
-0.03665
-0.03293
-0.03214
-0.03058
-0.02798
-0.02814
-0.02588
-0.02509
-0.02469
-0.02255
-0.02264
-0.02151
-0.02002
-0.02026
-0.01819
-0.01788
-0.01718
-0.01526
-0.01526
-0.01364
-0.01239
-0.01202
-0.00983
-0.00946
-0.00812
-0.00629
-0.00595
-0.00391
-0.00287
-0.00201
0.00027
0.00070
0.00232
0.00415
0.00446
0.00693
0.00757
0.00879
0.01099
0.01120
0.01331
0.01453
0.01529
0.01758
0.01807
0.01962
0.02133
0.02194
0.02386
0.02505
0.02576
0.02814
0.02841
0.03015
0.03180
0.03217
0.03455
0.03513
0.03644
0.03833
0.03882
0.04065
0.04202
0.04257
0.04498
0.04544
0.04669
0.04907
0.04871
0.05161
0.05212
0.05289
0.05576
0.05527
0.05777
0.05896
0.05914
0.06223
0.06226
0.06348
0.06619
0.06540
0.06857
0.06943
0.06903
0.07349
0.07175
0.07443
0.07678
0.07468
0.08072
0.07831
0.07376
0.04324
-0.05960
-0.12357
-0.09698
-0.10022
-0.12192
-0.11060
-0.11389
-0.11713
-0.10718
-0.10938
-0.10297
-0.09592
-0.09460
-0.08545
-0.08139
-0.07657
-0.06879
-0.06641
-0.06009
-0.05524
-0.05286
-0.04688
-0.04510
-0.04175
-0.03787
-0.03720
-0.03366
-0.03210
-0.03113
-0.02829
-0.02823
-0.02655
-0.02484
-0.02509
-0.02289
-0.02261
-0.02197
-0.01999
-0.02048
-0.01868
-0.01776
-0.01749
-0.01559
-0.01529
-0.01416
-0.01239
-0.01233
-0.01028
-0.00949
-0.00851
-0.00650
-0.00613
-0.00446
-0.00284
-0.00241
-0.00006
0.00046
0.00198
0.00385
0.00433
0.00626
0.00766
0.00830
0.01065
0.01111
0.01279
0.01440
0.01508
0.01703
0.01807
0.01910
0.02121
0.02167
0.02335
0.02493
0.02548
0.02768
0.02841
0.02954
0.03171
0.03189
0.03406
0.03510
0.03592
0.03827
0.03848
0.04022
0.04193
0.04224
0.04462
0.04526
0.04633
0.04874
0.04871
0.05078
0.05231
0.05243
0.05539
0.05533
0.05695
0.05914
0.05887
0.06152
0.06247
0.06268
0.06628
0.06522
0.06769
0.06955
0.06888
0.07272
0.07224
0.07309
0.07730
0.07462
0.07904
0.07956
0.07541
0.05829
-0.03333
-0.11935
-0.10425
-0.09509
-0.12030
-0.11270
-0.11160
-0.11859
-0.10861
-0.10852
-0.10556
-0.09659
-0.09561
-0.08759
-0.08163
-0.07861
-0.07010
-0.06699
-0.06177
-0.05579
-0.05386
-0.04819
-0.04498
-0.04309
-0.03830
-0.03751
-0.03452
-0.03207
-0.03171
-0.02884
-0.02795
-0.02728
-0.02481
-0.02536
-0.02338
-0.02231
-0.02252
-0.02023
-0.02032
-0.01929
-0.01755
-0.01794
-0.01587
-0.01520
-0.01462
-0.01260
-0.01248
-0.01077
-0.00943
-0.00894
-0.00690
-0.00616
-0.00494
-0.00299
-0.00272
-0.00052
0.00052
0.00143
0.00357
0.00412
0.00586
0.00745
0.00806
0.01010
0.01117
0.01224
0.01428
0.01468
0.01660
0.01810
0.01859
0.02097
0.02139
0.02301
0.02478
0.02518
0.02719
0.02841
0.02908
0.03152
0.03159
0.03360
0.03506
0.03552
0.03778
0.03860
0.03958
0.04193
0.04190
0.04407
0.04547
0.04575
0.04843
0.04858
0.05020
0.05234
0.05209
0.05472
0.05563
0.05618
0.05905
0.05872
0.06076
0.06274
0.06226
0.06555
0.06561
0.06671
0.06992
0.06842
0.07178
0.07297
0.07224
0.07709
0.07465
0.07761
0.08096
0.07547
0.06534
-0.00967
-0.11066
-0.11325
-0.09082
-0.11655
-0.11713
-0.10916
-0.11902
-0.11032
-0.10770
-0.10764
-0.09747
-0.09579
-0.08978
-0.08215
-0.07968
-0.07175
-0.06699
-0.06363
-0.05637
-0.05447
-0.04929
-0.04544
-0.04367
-0.03922
-0.03729
-0.03574
-0.03195
-0.03229
-0.02911
-0.02811
-0.02768
-0.02512
-0.02524
-0.02393
-0.02240
-0.02274
-0.02060
-0.02017
-0.01981
-0.01776
-0.01797
-0.01630
-0.01520
-0.01505
-0.01285
-0.01248
-0.01129
-0.00955
-0.00928
-0.00726
-0.00620
-0.00543
-0.00333
-0.00272
-0.00113
0.00043
0.00110
0.00311
0.00424
0.00510
0.00742
0.00772
0.00967
0.01117
0.01166
0.01401
0.01468
0.01602
0.01794
0.01828
0.02048
0.02148
0.02237
0.02460
0.02496
0.02676
0.02838
0.02859
0.03113
0.03171
0.03293
0.03500
0.03522
0.03726
0.03867
0.03900
0.04166
0.04184
0.04358
0.04526
0.04553
0.04785
0.04883
0.04953
0.05203
0.05206
0.05411
0.05569
0.05573
0.05862
0.05884
0.06012
0.06256
0.06207
0.06482
0.06607
0.06583
0.06955
0.06866
0.07095
0.07339
0.07156
0.07623
0.07590
0.07605
0.08109
0.07578
0.07104
0.01511
-0.09293
-0.11899
-0.09116
-0.11142
-0.11935
-0.10861
-0.11758
-0.11349
-0.10693
-0.10876
-0.09943
-0.09586
-0.09232
-0.08270
-0.08096
-0.07339
-0.06802
-0.06461
-0.05783
-0.05463
-0.05109
-0.04565
-0.04449
-0.03998
-0.03775
-0.03625
-0.03265
-0.03204
-0.03018
-0.02795
-0.02802
-0.02560
-0.02502
-0.02460
-0.02234
-0.02274
-0.02121
-0.02002
-0.02020
-0.01797
-0.01785
-0.01703
-0.01508
-0.01529
-0.01324
-0.01248
-0.01175
-0.00980
-0.00928
-0.00793
-0.00616
-0.00583
-0.00366
-0.00272
-0.00186
0.00049
0.00073
0.00275
0.00403
0.00476
0.00705
0.00769
0.00909
0.01099
0.01141
0.01358
0.01459
0.01556
0.01767
0.01822
0.01987
0.02142
0.02197
0.02426
0.02493
0.02618
0.02808
0.02859
0.03046
0.03189
0.03226
0.03482
0.03516
0.03665
0.03860
0.03867
0.04123
0.04190
0.04282
0.04529
0.04523
0.04745
0.04865
0.04916
0.05167
0.05212
0.05334
0.05573
0.05536
0.05820
0.05893
0.05945
0.06238
0.06223
0.06396
0.06613
0.06537
0.06903
0.06915
0.06967
0.07343
0.07166
0.07538
0.07657
0.07480
0.08096
0.07785
0.07364
0.03442
-0.07385
-0.12488
-0.09375
-0.10410
-0.12198
-0.10904
-0.11612
-0.11554
-0.10681
-0.10944
-0.10153
-0.09601
-0.09357
-0.08453
-0.08099
-0.07587
-0.06796
-0.06616
-0.05890
-0.05521
-0.05203
-0.04642
-0.04477
-0.04129
-0.03751
-0.03714
-0.03296
-0.03238
-0.03067
-0.02817
-0.02817
-0.02621
-0.02490
-0.02490
-0.02264
-0.02274
-0.02170
-0.01999
-0.02036
-0.01846
-0.01782
-0.01733
-0.01538
-0.01526
-0.01392
-0.01233
-0.01221
-0.01004
-0.00940
-0.00842
-0.00632
-0.00607
-0.00409
-0.00290
-0.00214
0.00012
0.00061
0.00220
0.00394
0.00455
0.00647
0.00769
0.00851
0.01086
0.01117
0.01309
0.01450
0.01517
0.01740
0.01804
0.01935
0.02139
0.02167
0.02380
0.02481
0.02573
0.02795
0.02835
0.02997
0.03171
0.03210
0.03427
0.03519
0.03607
0.03839
0.03870
0.04041
0.04205
0.04236
0.04495
0.04529
0.04666
0.04883
0.04874
0.05124
0.05212
0.05273
0.05548
0.05554
0.05707
0.05933
0.05890
0.06204
0.06229
0.06314
0.06625
0.06531
0.06818
0.06937
0.06897
0.07321
0.07202
0.07373
0.07718
0.07458
0.08017
0.07870
0.07401
0.04996
-0.04807
-0.12195
-0.09988
-0.09821
-0.12161
-0.11139
-0.11285
-0.11789
-0.10776
-0.10901
-0.10403
-0.09595
-0.09537
-0.08612
-0.08163
-0.07727
-0.06958
-0.06653
-0.06097
-0.05530
-0.05341
-0.04736
-0.04510
-0.04221
-0.03809
-0.03729
-0.03415
-0.03195
-0.03152
-0.02838
-0.02826
-0.02676
-0.02487
-0.02518
-0.02310
-0.02252
-0.02213
-0.02020
-0.02032
-0.01904
-0.01761
-0.01776
-0.01566
-0.01526
-0.01434
-0.01248
-0.01233
-0.01062
-0.00931
-0.00882
-0.00665
-0.00616
-0.00470
-0.00290
-0.00244
-0.00049
0.00070
0.00165
0.00378
0.00424
0.00604
0.00757
0.00827
0.01028
0.01123
0.01245
0.01443
0.01489
0.01682
0.01810
0.01889
0.02106
0.02164
0.02304
0.02502
0.02524
0.02753
0.02832
0.02945
0.03162
0.03180
0.03375
0.03522
0.03568
0.03806
0.03851
0.03992
0.04196
0.04208
0.04431
0.04544
0.04602
0.04871
0.04861
0.05048
0.05240
0.05225
0.05505
0.05551
0.05643
0.05939
0.05859
0.06128
0.06253
0.06262
0.06586
0.06552
0.06699
0.07001
0.06845
0.07239
0.07248
0.07278
0.07742
0.07455
0.07834
0.08038
0.07562
0.06253
-0.02252
-0.11676
-0.10815
-0.09265
-0.11932
-0.11411
-0.11108
-0.11884
-0.10922
-0.10840
-0.10629
-0.09720
-0.09555
-0.08862
-0.08160
-0.07947
-0.07050
-0.06726
-0.06235
-0.05637
-0.05380
-0.04898
-0.04492
-0.04358
-0.03842
-0.03769
-0.03473
-0.03232
-0.03180
-0.02902
-0.02802
-0.02744
-0.02496
-0.02533
-0.02350
-0.02243
-0.02249
-0.02048
-0.02023
-0.01947
-0.01770
-0.01797
-0.01605
-0.01520
-0.01480
-0.01270
-0.01248
-0.01099
-0.00943
-0.00916
-0.00705
-0.00607
-0.00534
-0.00299
-0.00281
-0.00085
0.00067
0.00113
0.00345
0.00418
0.00552
0.00742
0.00797
0.00986
0.01123
0.01187
0.01425
0.01465
0.01636
0.01807
0.01843
0.02069
0.02155
0.02264
0.02475
0.02499
0.02704
0.02838
0.02893
0.03125
0.03177
0.03320
0.03519
0.03534
0.03751
0.03867
0.03940
0.04166
0.04199
0.04370
0.04550
0.04562
0.04813
0.04880
0.04987
0.05231
0.05194
0.05453
0.05563
0.05603
0.05881
0.05875
0.06055
0.06271
0.06213
0.06525
0.06583
0.06635
0.06970
0.06842
0.07138
0.07324
0.07187
0.07669
0.07520
0.07721
0.08136
0.07535
0.06778
0.00137
-0.10318
-0.11520
-0.09073
-0.11429
-0.11816
-0.10892
-0.11835
-0.11179
-0.10742
-0.10834
-0.09799
-0.09613
-0.09073
-0.08252
-0.08017
-0.07245
-0.06744
-0.06421
-0.05695
-0.05450
-0.05020
-0.04544
-0.04410
-0.03946
-0.03754
-0.03595
-0.03226
-0.03217
-0.02957
-0.02811
-0.02783
-0.02536
-0.02509
-0.02429
-0.02228
-0.02283
-0.02072
-0.02023
-0.01990
-0.01791
-0.01785
-0.01669
-0.01508
-0.01523
-0.01300
-0.01242
-0.01163
-0.00955
-0.00931
-0.00751
-0.00620
-0.00565
-0.00342
-0.00281
-0.00137
0.00043
0.00095
0.00299
0.00412
0.00504
0.00711
0.00790
0.00928
0.01114
0.01151
0.01382
0.01471
0.01572
0.01791
0.01822
0.02023
0.02151
0.02219
0.02441
0.02502
0.02640
0.02829
0.02859
0.03079
0.03186
0.03256
0.03494
0.03522
0.03705
0.03860
0.03891
0.04135
0.04199
0.04315
0.04529
0.04538
0.04767
0.04883
0.04929
0.05197
0.05200
0.05386
0.05563
0.05560
0.05829
0.05911
0.05963
0.06265
0.06201
0.06454
0.06619
0.06555
0.06937
0.06885
0.07037
0.07330
0.07147
0.07593
0.07611
0.07556
0.08109
0.07697
0.07388
0.02527
-0.08475
-0.12186
-0.09155
-0.10858
-0.12012
-0.10867
-0.11719
-0.11432
-0.10706
-0.10898
-0.10059
-0.09592
-0.09305
-0.08340
-0.08115
-0.07455
-0.06802
-0.06528
-0.05850
-0.05481
-0.05176
-0.04584
-0.04477
-0.04047
-0.03775
-0.03656
-0.03281
-0.03214
-0.03049
-0.02795
-0.02817
-0.02579
-0.02505
-0.02472
-0.02249
-0.02267
-0.02145
-0.01999
-0.02023
-0.01816
-0.01788
-0.01709
-0.01526
-0.01520
-0.01358
-0.01245
-0.01193
-0.00986
-0.00934
-0.00815
-0.00626
-0.00589
-0.00388
-0.00281
-0.00195
0.00024
0.00073
0.00250
0.00397
0.00467
0.00684
0.00766
0.00885
0.01096
0.01129
0.01334
0.01456
0.01532
0.01761
0.01813
0.01962
0.02148
0.02176
0.02414
0.02490
0.02588
0.02817
0.02841
0.03027
0.03174
0.03223
0.03455
0.03528
0.03629
0.03867
0.03845
0.04120
0.04166
0.04285
0.04492
0.04547
0.04688
0.04889
0.04892
0.05151
0.05222
0.05298
0.05566
0.05548
0.05765
0.05911
0.05911
0.06229
0.06226
0.06354
0.06625
0.06534
0.06876
0.06927
0.06921
0.07343
0.07181
0.07462
0.07657
0.07468
0.08078
0.07825
0.07364
0.04123
-0.06308
-0.12415
-0.09647
-0.10095
-0.12204
-0.11023
-0.11432
-0.11694
-0.10687
-0.10959
-0.10254
-0.09589
-0.09445
-0.08514
-0.08127
-0.07645
-0.06851
-0.06631
-0.05991
-0.05508
-0.05270
-0.04681
-0.04489
-0.04181
-0.03763
-0.03723
-0.03357
-0.03207
-0.03104
-0.02826
-0.02814
-0.02661
-0.02475
-0.02512
-0.02280
-0.02267
-0.02191
-0.02005
-0.02039
-0.01862
-0.01779
-0.01752
-0.01541
-0.01538
-0.01404
-0.01242
-0.01227
-0.01031
-0.00934
-0.00861
-0.00638
-0.00620
-0.00433
-0.00287
-0.00226
-0.00018
0.00070
0.00180
0.00409
0.00424
0.00638
0.00763
0.00836
0.01074
0.01117
0.01270
0.01465
0.01486
0.01727
0.01794
0.01920
0.02124
0.02164
0.02347
0.02493
0.02548
0.02780
0.02835
0.02966
0.03171
0.03198
0.03400
0.03519
0.03592
0.03830
0.03854
0.04025
0.04199
0.04227
0.04462
0.04541
0.04626
0.04883
0.04871
0.05087
0.05222
0.05264
0.05530
0.05548
0.05692
0.05920
0.05887
0.06165
0.06235
0.06287
0.06613
0.06540
0.06763
0.06967
0.06879
0.07297
0.07208
0.07330
0.07730
0.07455
0.07928
0.07919
0.07504
0.05634
-0.03659
-0.12024
-0.10297
-0.09601
-0.12057
-0.11240
-0.11197
-0.11829
-0.10864
-0.10840
-0.10535
-0.09641
-0.09561
-0.08722
-0.08163
-0.07828
-0.07004
-0.06680
-0.06155
-0.05566
-0.05377
-0.04794
-0.04510
-0.04276
-0.03830
-0.03745
-0.03452
-0.03195
-0.03174
-0.02863
-0.02814
-0.02710
-0.02481
-0.02536
-0.02325
-0.02246
-0.02234
-0.02023
-0.02039
-0.01917
-0.01764
-0.01785
-0.01581
-0.01526
-0.01450
-0.01263
-0.01239
-0.01080
-0.00931
-0.00903
-0.00674
-0.00620
-0.00488
-0.00290
-0.00272
-0.00046
0.00055
0.00146
0.00360
0.00427
0.00574
0.00763
0.00793
0.01031
0.01108
0.01230
0.01434
0.01477
0.01657
0.01816
0.01862
0.02097
0.02151
0.02295
0.02484
0.02521
0.02725
0.02844
0.02911
0.03152
0.03174
0.03354
0.03516
0.03552
0.03787
0.03851
0.03979
0.04178
0.04211
0.04398
0.04553
0.04578
0.04855
0.04852
0.05032
0.05225
0.05222
0.05475
0.05560
0.05634
0.05908
0.05875
0.06079
0.06281
0.06223
0.06577
0.06540
0.06683
0.06992
0.06842
0.07199
0.07278
0.07242
0.07715
0.07455
0.07788
0.08078
0.07556
0.06458
-0.01285
-0.11264
-0.11234
-0.09109
-0.11728
-0.11649
-0.10956
-0.11905
-0.10995
-0.10800
-0.10718
-0.09744
-0.09570
-0.08951
-0.08206
-0.07959
-0.07144
-0.06702
-0.06342
-0.05618
-0.05444
-0.04904
-0.04535
-0.04367
-0.03894
-0.03748
-0.03537
-0.03220
-0.03198
-0.02927
-0.02798
-0.02765
-0.02515
-0.02512
-0.02399
-0.02231
-0.02277
-0.02045
-0.02036
-0.01956
-0.01794
-0.01779
-0.01636
-0.01514
-0.01495
-0.01291
-0.01239
-0.01129
-0.00949
-0.00925
-0.00726
-0.00613
-0.00543
-0.00323
-0.00275
-0.00104
0.00049
0.00107
0.00327
0.00412
0.00534
0.00732
0.00781
0.00974
0.01114
0.01172
0.01413
0.01459
0.01617
0.01791
0.01834
0.02048
0.02161
0.02234
0.02472
0.02490
0.02686
0.02835
0.02875
0.03113
0.03174
0.03296
0.03503
0.03528
0.03729
0.03873
0.03900
0.04172
0.04184
0.04358
0.04547
0.04538
0.04803
0.04874
0.04968
0.05206
0.05203
0.05417
0.05573
0.05576
0.05865
0.05887
0.06021
0.06265
0.06201
0.06494
0.06601
0.06601
0.06952
0.06863
0.07092
0.07346
0.07159
0.07635
0.07574
0.07629
0.08109
0.07559
0.07031
0.01193
-0.09537
-0.11804
-0.09116
-0.11215
-0.11935
-0.10852
-0.11783
-0.11310
-0.10703
-0.10867
-0.09909
-0.09579
-0.09204
-0.08258
-0.08078
-0.07321
-0.06787
-0.06448
-0.05768
-0.05450
-0.05099
-0.04550
-0.04440
-0.03986
-0.03763
-0.03629
-0.03247
-0.03214
-0.02997
-0.02808
-0.02789
-0.02554
-0.02509
-0.02444
-0.02240
-0.02271
-0.02106
-0.02020
-0.02005
-0.01797
-0.01794
-0.01678
-0.01523
-0.01517
-0.01324
-0.01242
-0.01181
-0.00961
-0.00934
-0.00784
-0.00616
-0.00580
-0.00366
-0.00266
-0.00180
0.00049
0.00076
0.00281
0.00403
0.00485
0.00708
0.00766
0.00925
0.01086
0.01163
0.01346
0.01480
0.01544
0.01782
0.01819
0.01996
0.02148
0.02191
0.02438
0.02490
0.02625
0.02820
0.02853
0.03061
0.03180
0.03241
0.03479
0.03513
0.03687
0.03845
0.03882
0.04114
0.04205
0.04279
0.04532
0.04532
0.04742
0.04883
0.04904
0.05185
0.05203
0.05356
0.05554
0.05560
0.05798
0.05920
0.05930
0.06262
0.06201
0.06421
0.06610
0.06540
0.06912
0.06909
0.06973
0.07352
0.07153
0.07556
0.07645
0.07495
0.08102
0.07764
0.07379
0.03247
-0.07614
-0.12427
-0.09329
-0.10492
-0.12177
-0.10880
-0.11658
-0.11526
-0.10690
-0.10931
-0.10135
-0.09598
-0.09344
-0.08429
-0.08099
-0.07565
-0.06787
-0.06604
-0.05875
-0.05518
-0.05197
-0.04623
-0.04480
-0.04108
-0.03757
-0.03702
-0.03293
-0.03229
-0.03067
-0.02808
-0.02817
-0.02609
-0.02496
-0.02484
-0.02261
-0.02271
-0.02161
-0.02005
-0.02026
-0.01849
-0.01767
-0.01749
-0.01517
-0.01541
-0.01370
-0.01242
-0.01208
-0.01007
-0.00931
-0.00839
-0.00626
-0.00607
-0.00403
-0.00293
-0.00201
0.00009
0.00073
0.00214
0.00409
0.00446
0.00662
0.00769
0.00854
0.01093
0.01120
0.01309
0.01459
0.01517
0.01746
0.01807
0.01944
0.02133
0.02182
0.02371
0.02496
0.02567
0.02802
0.02841
0.03003
0.03171
0.03210
0.03439
0.03519
0.03616
0.03845
0.03857
0.04068
0.04190
0.04248
0.04492
0.04535
0.04669
0.04883
0.04883
0.05127
0.05215
0.05283
0.05551
0.05548
0.05728
0.05923
0.05893
0.06219
0.06226
0.06317
0.06635
0.06519
0.06842
0.06924
0.06894
0.07330
0.07193
0.07397
0.07703
0.07462
0.08044
0.07858
0.07401
0.04785
-0.05148
-0.12244
-0.09897
-0.09860
-0.12186
-0.11108
-0.11322
-0.11765
-0.10754
-0.10919
-0.10373
-0.09598
-0.09503
-0.08603
-0.08151
-0.07715
-0.06924
-0.06659
-0.06067
-0.05524
-0.05331
-0.04721
-0.04510
-0.04199
-0.03802
-0.03729
-0.03400
-0.03198
-0.03140
-0.02835
-0.02832
-0.02661
-0.02496
-0.02502
-0.02319
-0.02243
-0.02216
-0.02005
-0.02042
-0.01892
-0.01764
-0.01770
-0.01563
-0.01526
-0.01434
-0.01236
-0.01242
-0.01050
-0.00934
-0.00876
-0.00665
-0.00604
-0.00479
-0.00269
-0.00262
-0.00021
0.00058
0.00174
0.00385
0.00427
0.00607
0.00766
0.00824
0.01041
0.01117
0.01257
0.01443
0.01495
0.01682
0.01819
0.01886
0.02121
0.02155
0.02322
0.02493
0.02533
0.02759
0.02832
0.02948
0.03159
0.03189
0.03384
0.03516
0.03577
0.03802
0.03867
0.03989
0.04202
0.04211
0.04440
0.04538
0.04614
0.04868
0.04874
0.05048
0.05240
0.05231
0.05518
0.05542
0.05658
0.05930
0.05878
0.06125
0.06259
0.06259
0.06610
0.06531
0.06729
0.06982
0.06857
0.07251
0.07224
0.07297
0.07730
0.07462
0.07849
0.08020
0.07578
0.06186
-0.02515
-0.11783
-0.10699
-0.09305
-0.11987
-0.11353
-0.11127
-0.11884
-0.10910
-0.10834
-0.10617
-0.09705
-0.09552
-0.08847
-0.08151
-0.07932
-0.07034
-0.06726
-0.06213
-0.05627
-0.05380
-0.04883
-0.04489
-0.04349
-0.03830
-0.03778
-0.03452
-0.03232
-0.03174
-0.02896
-0.02802
-0.02740
-0.02487
-0.02536
-0.02350
-0.02234
-0.02255
-0.02039
-0.02026
-0.01938
-0.01770
-0.01794
-0.01599
-0.01520
-0.01474
-0.01270
-0.01242
-0.01102
-0.00934
-0.00912
-0.00705
-0.00604
-0.00522
-0.00302
-0.00278
-0.00076
0.00058
0.00134
0.00339
0.00421
0.00562
0.00748
0.00790
0.01001
0.01120
0.01193
0.01431
0.01459
0.01648
0.01807
0.01846
0.02078
0.02151
0.02277
0.02472
0.02512
0.02701
0.02847
0.02890
0.03134
0.03177
0.03326
0.03519
0.03534
0.03763
0.03864
0.03940
0.04184
0.04181
0.04395
0.04541
0.04568
0.04822
0.04877
0.04993
0.05231
0.05157
0.05225
0.05060
0.04828
0.04871
0.04544
0.04471
0.04358
0.04047
0.04047
0.03796
0.03622
0.03589
0.03284
0.03244
0.03143
0.02863
0.02951
0.02664
0.02609
0.02634
0.02228
0.01859
-0.00644
-0.04214
-0.04263
-0.03342
-0.03998
-0.03912
-0.03491
-0.03619
-0.03244
-0.02994
-0.02835
-0.02438
-0.02231
-0.01953
-0.01651
-0.01450
-0.01184
-0.00970
-0.00809
-0.00595
-0.00476
-0.00336
-0.00214
-0.00140
-0.00052
0.00003
0.00049
0.00089
0.00110
0.00116
0.00140
0.00122
0.00140
0.00113
0.00116
0.00101
0.00085
0.00079
0.00061
0.00052
0.00040
0.00024
0.00021
0.00012
0.00003
-0.00003
0.00000
-0.00018
-0.00003
-0.00021
-0.00006
-0.00021
-0.00009
-0.00012
-0.00015
-0.00006
-0.00012
-0.00003
-0.00009
0.00003
-0.00012
0.00009
-0.00009
0.00009
0.00000
0.00009
-0.00009
0.00015
-0.00006
0.00015
-0.00009
0.00009
0.00006
-0.00003
0.00006
0.00000
0.00003
0.00006
-0.00006
0.00003
0.00000
0.00003
-0.00009
0.00009
-0.00009
0.00006
0.00000
-0.00006
0.00003
0.00000
0.00000
-0.00003
0.00003
-0.00003
0.00000
0.00003
-0.00006
0.00009
-0.00012
0.00009
-0.00006
0.00003
0.00000
-0.00003
0.00003
0.00000
0.00000
0.00000
0.00006
-0.00012
0.00015
-0.00012
0.00006
0.00003
-0.00009
0.00009
-0.00003
-0.00003
0.00003
0.00003
-0.00003
0.00003
-0.00003
0.00000
0.00003
-0.00003
0.00000
0.00006
-0.00009
0.00009
-0.00012
0.00012
-0.00012
0.00012
-0.00009
0.00006
-0.00003
-0.00003
0.00006
-0.00003
0.00000
0.00000
0.00000
-0.00003
0.00003
0.00003
-0.00006
0.00006
-0.00003
0.00000
0.00006
-0.00006
0.00006
-0.00009
0.00012
-0.00009
0.00003
0.00000
0.00000
0.00000
-0.00003
0.00006
-0.00009
0.00009
-0.00006
0.00000
0.00003
-0.00003
0.00006
-0.00012
0.00009
-0.00006
0.00006
-0.00003
-0.00003
0.00003
0.00000
0.00000
0.00000
0.00000
0.00000
0.00003
-0.00003
0.00003
-0.00006
0.00006
-0.00003
0.00003
-0.00003
0.00000
0.00000
0.00000
0.00000
0.00000
0.00000
0.00000
0.00000
-0.00003
0.00003
-0.00003
0.00000
0.00003
-0.00003
0.00000
0.00003
-0.00003
0.00000
0.00000
0.00003
-0.00006
0.00006
-0.00006
0.00006
-0.00003
0.00003
-0.00006
0.00006
-0.00003
0.00003
0.00000
-0.00003
0.00009
-0.00012
0.00012
-0.00009
0.00003
0.00003
0.00000
-0.00003
0.00000
0.00003
-0.00003
0.00003
-0.00003
0.00003
-0.00006
0.00006
-0.00003
-0.00003
0.00003
0.00000
0.00000
0.00000
-0.00003
0.00009
-0.00015
0.00015
-0.00009
0.00003
-0.00003
0.00003
-0.00003
0.00006
-0.00009
0.00009
-0.00003
0.00000
0.00003
-0.00006
0.00006
-0.00003
0.00003
-0.00006
0.00009
-0.00009
0.00009
-0.00009
0.00006
-0.00009
0.00015
-0.00015
0.00012
-0.00009
0.00003
0.00003
-0.00012
0.00018
-0.00018
0.00018
-0.00018
0.00012
-0.00009
0.00003
0.00000
0.00000
-0.00003
0.00003
-0.00006
0.00006
-0.00003
0.00003
-0.00003
0.00000
0.00000
0.00003
-0.00006
0.00009
-0.00012
0.00015
-0.00015
0.00009
-0.00003
0.00000
0.00000
0.00003
-0.00003
0.00000
0.00003
-0.00003
0.00000
0.00003
0.00000
-0.00003
0.00000
0.00000
0.00003
-0.00006
0.00006
-0.00006
0.00003
0.00003
-0.00009
0.00012
-0.00009
0.00006
-0.00006
0.00006
-0.00003
-0.00003
0.00006
-0.00003
0.00000
0.00000
-0.00003
0.00003
0.00000
0.00000
0.00000
0.00000
0.00000
0.00000
0.00003
-0.00006
0.00006
-0.00006
0.00006
-0.00003
0.00003
-0.00006
0.00009
-0.00003
-0.00003
0.00006
-0.00009
0.00012
-0.00006
-0.00003
0.00006
-0.00003
-0.00006
0.00012
-0.00012
0.00012
-0.00012
0.00009
-0.00006
0.00003
0.00000
-0.00003
0.00000
0.00009
-0.00015
0.00018
-0.00015
0.00006
0.00003
-0.00009
0.00012
-0.00015
0.00015
-0.00009
0.00003
0.00000
0.00000
-0.00003
0.00003
-0.00003
0.00006
-0.00009
0.00006
-0.00003
0.00003
-0.00003
0.00006
-0.00009
0.00009
-0.00009
0.00012
-0.00012
0.00006
-0.00003
0.00000
0.00000
0.00000
0.00000
-0.00003
0.00006
-0.00009
0.00009
-0.00012
0.00012
-0.00006
0.00003
-0.00003
0.00003
0.00000
0.00000
0.00000
0.00000
0.00000
0.00006
-0.00009
0.00006
-0.00003
0.00000
0.00006
-0.00009
0.00003
0.00003
-0.00006
0.00009
-0.00012
0.00009
-0.00003
0.00000
0.00003
-0.00003
0.00000
0.00003
-0.00003
0.00003
-0.00003
0.00006
-0.00012
0.00012
-0.00009
0.00006
-0.00003
0.00006
-0.00012
0.00015
-0.00012
0.00006
0.00000
-0.00003
0.00003
-0.00006
0.00006
-0.00003
0.00000
0.00003
-0.00003
0.00000
-0.00003
0.00003
-0.00003
0.00003
0.00000
-0.00006
0.00006
-0.00006
0.00006
-0.00006
0.00006
-0.00006
0.00003
-0.00003
0.00006
-0.00003
-0.00003
0.00006
-0.00009
0.00012
-0.00009
0.00006
-0.00003
0.00000
0.00000
0.00003
-0.00006
0.00006
-0.00006
0.00006
-0.00006
0.00006
-0.00006
0.00006
-0.00006
0.00006
-0.00006
0.00006
-0.00006
0.00003
0.00000
-0.00003
0.00009
-0.00012
0.00006
0.00000
0.00000
0.00000
-0.00006
0.00012
-0.00015
0.00015
-0.00012
0.00006
0.00003
-0.00009
0.00009
-0.00006
0.00000
0.00003
0.00000
-0.00003
0.00003
