0.00003
-0.00003
0.00000
0.00003
-0.00003
0.00000
0.00003
-0.00003
0.00000
0.00000
0.00003
0.00000
-0.00006
0.00009
-0.00009
0.00006
0.00000
-0.00003
0.00000
0.00003
-0.00003
0.00006
-0.00012
0.00015
-0.00012
0.00012
-0.00009
0.00006
-0.00006
0.00006
-0.00003
0.00000
0.00003
-0.00006
0.00003
0.00003
-0.00006
0.00003
0.00000
-0.00003
0.00003
0.00000
-0.00006
0.00012
-0.00015
0.08942
0.09830
0.10217
0.10367
0.10498
0.10565
0.10666
0.10742
0.10855
0.10934
0.11081
0.11154
0.11313
0.11423
0.11569
0.11700
0.11853
0.12000
0.12152
0.12311
0.12476
0.12625
0.12802
0.12961
0.13132
0.13293
0.13464
0.13629
0.13791
0.13959
0.14114
0.14273
0.14435
0.14578
0.14734
0.14868
0.15009
0.15155
0.15259
0.15405
0.15500
0.15631
0.15714
0.15823
0.15903
0.15988
0.16061
0.16125
0.16183
0.16226
0.16278
0.16296
0.16330
0.16339
0.16345
0.16345
0.16324
0.16324
0.16266
0.16254
0.16187
0.16141
0.16077
0.15994
0.15921
0.15826
0.15726
0.15625
0.15500
0.15390
0.15250
0.15109
0.14969
0.14813
0.14651
0.14484
0.14313
0.14127
0.13940
0.13754
0.13541
0.13348
0.13132
0.12906
0.12711
0.12454
0.12244
0.11993
0.11765
0.11517
0.11261
0.11029
0.10742
0.10519
0.10226
0.09988
0.09705
0.09436
0.09177
0.08884
0.08633
0.08328
0.08063
0.07782
0.07498
0.07214
0.06931
0.06650
0.06360
0.06076
0.05786
0.05502
0.05222
0.04919
0.04657
0.04340
0.04080
0.03784
0.03497
0.03217
0.02933
0.02643
0.02371
0.02084
0.01797
0.01538
0.01230
0.00989
0.00677
0.00433
0.00134
-0.00119
-0.00403
-0.00659
-0.00940
-0.01199
-0.01465
-0.01730
-0.01996
-0.02243
-0.02527
-0.02753
-0.03046
-0.03262
-0.03555
-0.03772
-0.04044
-0.04291
-0.04526
-0.04791
-0.05014
-0.05280
-0.05502
-0.05759
-0.05994
-0.06219
-0.06476
-0.06699
-0.06934
-0.07178
-0.07391
-0.07639
-0.07855
-0.08093
-0.08313
-0.08545
-0.08768
-0.08987
-0.09219
-0.09430
-0.09659
-0.09872
-0.10104
-0.10303
-0.10541
-0.10736
-0.10971
-0.11169
-0.11392
-0.11603
-0.11813
-0.12030
-0.12234
-0.12448
-0.12653
-0.12866
-0.13077
-0.13269
-0.13492
-0.13690
-0.13892
-0.14108
-0.14294
-0.14514
-0.14706
-0.14911
-0.15115
-0.15308
-0.15524
-0.15704
-0.15915
-0.16110
-0.16306
-0.16510
-0.16699
-0.16898
-0.17093
-0.17288
-0.17480
-0.17676
-0.17865
-0.18066
-0.18243
-0.18448
-0.18634
-0.18820
-0.19016
-0.19199
-0.19391
-0.19577
-0.19763
-0.19946
-0.20142
-0.20313
-0.20508
-0.20682
-0.20871
-0.21054
-0.21231
-0.21411
-0.21591
-0.21774
-0.21945
-0.22131
-0.22305
-0.22473
-0.22665
-0.22818
-0.23010
-0.23175
-0.23349
-0.23517
-0.23694
-0.23856
-0.24030
-0.24200
-0.24356
-0.24536
-0.24692
-0.24863
-0.25021
-0.25183
-0.25351
-0.25504
-0.25674
-0.25824
-0.25983
-0.26154
-0.26288
-0.26459
-0.26614
-0.26758
-0.26920
-0.27063
-0.27222
-0.27365
-0.27518
-0.27664
-0.27811
-0.27960
-0.28104
-0.28244
-0.28391
-0.28531
-0.28674
-0.28815
-0.28949
-0.29095
-0.29227
-0.29361
-0.29507
-0.29626
-0.29776
-0.29889
-0.30048
-0.30148
-0.30304
-0.30408
-0.30557
-0.30676
-0.30792
-0.30936
-0.31042
-0.31174
-0.31302
-0.31403
-0.31546
-0.31650
-0.31772
-0.31900
-0.31995
-0.32132
-0.32230
-0.32355
-0.32452
-0.32587
-0.32678
-0.32791
-0.32907
-0.33011
-0.33115
-0.33228
-0.33325
-0.33438
-0.33536
-0.33640
-0.33746
-0.33838
-0.33942
-0.34042
-0.34140
-0.34232
-0.34338
-0.34424
-0.34521
-0.34622
-0.34702
-0.34811
-0.34882
-0.34991
-0.35068
-0.35165
-0.35248
-0.35333
-0.35425
-0.35507
-0.35590
-0.35675
-0.35760
-0.35834
-0.35928
-0.35995
-0.36084
-0.36160
-0.36237
-0.36313
-0.36398
-0.36456
-0.36554
-0.36603
-0.36697
-0.36758
-0.36835
-0.36899
-0.36978
-0.37039
-0.37112
-0.37180
-0.37244
-0.37314
-0.37375
-0.37445
-0.37503
-0.37576
-0.37625
-0.37704
-0.37738
-0.37833
-0.37860
-0.37943
-0.37982
-0.38052
-0.38098
-0.38165
-0.38214
-0.38266
-0.38327
-0.38336
-0.34729
-0.06488
0.29208
0.23376
0.29510
0.28891
0.27960
0.29440
0.27374
0.29129
0.27396
0.28830
0.27713
0.28757
0.28217
0.28928
0.28827
0.29346
0.29520
0.29956
0.30286
0.30707
0.31125
0.31558
0.32022
0.32474
0.32962
0.33429
0.33920
0.34406
0.34894
0.35376
0.35846
0.36328
0.36786
0.37250
0.37674
0.38120
0.38519
0.38928
0.39319
0.39661
0.40027
0.40344
0.40649
0.40939
0.41199
0.41446
0.41656
0.41864
0.42020
0.42191
0.42291
0.42419
0.42474
0.42545
0.42572
0.42569
0.42566
0.42523
0.42450
0.42386
0.42252
0.42148
0.41983
0.41815
0.41620
0.41415
0.41171
0.40930
0.40652
0.40372
0.40057
0.39743
0.39401
0.39050
0.38672
0.38306
0.37885
0.37497
0.37057
0.36633
0.36185
0.35721
0.35269
0.34775
0.34308
0.33804
0.33304
0.32797
0.32288
0.31766
0.31238
0.30716
0.30167
0.29651
0.29086
0.28561
0.28009
0.27457
0.26923
0.26349
0.25830
0.25247
0.24725
0.24158
0.23618
0.23074
0.22519
0.21988
0.21436
0.20911
0.20361
0.19846
0.19302
0.18790
0.18256
0.17752
0.17227
0.16724
0.16223
0.15720
0.15222
0.14734
0.14252
0.13770
0.13290
0.12833
0.12354
0.11908
0.11441
0.10999
0.10562
0.10110
0.09689
0.09253
0.08838
0.08417
0.08017
0.07587
0.07217
0.06793
0.06424
0.06027
0.05649
0.05276
0.04904
0.04535
0.04181
0.03818
0.03470
0.03119
0.02777
0.02441
0.02106
0.01773
0.01450
0.01129
0.00800
0.00500
0.00180
-0.00128
-0.00424
-0.00742
-0.01016
-0.01328
-0.01617
-0.01895
-0.02191
-0.02463
-0.02756
-0.03018
-0.03305
-0.03571
-0.03845
-0.04102
-0.04379
-0.04639
-0.04895
-0.05157
-0.05420
-0.05658
-0.05933
-0.06165
-0.06427
-0.06674
-0.06918
-0.07162
-0.07410
-0.07642
-0.07901
-0.08124
-0.08368
-0.08606
-0.08841
-0.09073
-0.09314
-0.09537
-0.09769
-0.10013
-0.10220
-0.10477
-0.10669
-0.10934
-0.11124
-0.11377
-0.11581
-0.11816
-0.12033
-0.12256
-0.12469
-0.12704
-0.12903
-0.13141
-0.13339
-0.13574
-0.13770
-0.14005
-0.14200
-0.14429
-0.14630
-0.14847
-0.15060
-0.15256
-0.15485
-0.15674
-0.15897
-0.16092
-0.16309
-0.16498
-0.16721
-0.16904
-0.17120
-0.17316
-0.17517
-0.17719
-0.17914
-0.18115
-0.18307
-0.18509
-0.18698
-0.18893
-0.19092
-0.19272
-0.19476
-0.19659
-0.19846
-0.20038
-0.20224
-0.20404
-0.20602
-0.20767
-0.20966
-0.21136
-0.21329
-0.21494
-0.21683
-0.21854
-0.22037
-0.22205
-0.22379
-0.22562
-0.22711
-0.22910
-0.23059
-0.23233
-0.23398
-0.23569
-0.23727
-0.23892
-0.24063
-0.24207
-0.24387
-0.24527
-0.24701
-0.24847
-0.25006
-0.25156
-0.25320
-0.25461
-0.25620
-0.25757
-0.25922
-0.26056
-0.26208
-0.26355
-0.26486
-0.26651
-0.26773
-0.26923
-0.27057
-0.27200
-0.27335
-0.27472
-0.27603
-0.27737
-0.27875
-0.28003
-0.28137
-0.28256
-0.28397
-0.28516
-0.28647
-0.28769
-0.28891
-0.29013
-0.29144
-0.29251
-0.29385
-0.29489
-0.29617
-0.29730
-0.29843
-0.29971
-0.30060
-0.30197
-0.30298
-0.30402
-0.30530
-0.30615
-0.30743
-0.30838
-0.30945
-0.31058
-0.31146
-0.31265
-0.31360
-0.31458
-0.31570
-0.31644
-0.31772
-0.31848
-0.31955
-0.32047
-0.32141
-0.32236
-0.32327
-0.32425
-0.32507
-0.32602
-0.32690
-0.32782
-0.32864
-0.32956
-0.33041
-0.33121
-0.33209
-0.33298
-0.33368
-0.33463
-0.33536
-0.33621
-0.33691
-0.33783
-0.33847
-0.33936
-0.34006
-0.34079
-0.34158
-0.34229
-0.34305
-0.34378
-0.34439
-0.34525
-0.34579
-0.34665
-0.34717
-0.34796
-0.34857
-0.34927
-0.34988
-0.35056
-0.35123
-0.35178
-0.35245
-0.35312
-0.35361
-0.35431
-0.34616
-0.18689
0.23935
0.33905
0.29462
0.38040
0.31000
0.36676
0.31747
0.35333
0.32278
0.34521
0.32785
0.34171
0.33313
0.34210
0.33899
0.34525
0.34567
0.35056
0.35309
0.35751
0.36115
0.36566
0.36984
0.37442
0.37912
0.38370
0.38852
0.39325
0.39804
0.40277
0.40750
0.41220
0.41666
0.42123
0.42554
0.42981
0.43387
0.43781
0.44162
0.44507
0.44867
0.45172
0.45474
0.45764
0.45996
0.46255
0.46448
0.46643
0.46808
0.46939
0.47064
0.47147
0.47220
0.47256
0.47278
0.47278
0.47235
0.47192
0.47104
0.47021
0.46878
0.46747
0.46570
0.46384
0.46176
0.45938
0.45694
0.45419
0.45126
0.44824
0.44489
0.44156
0.43790
0.43408
0.43027
0.42606
0.42209
0.41745
0.41327
0.40842
0.40390
0.39899
0.39413
0.38904
0.38403
0.37875
0.37360
0.36813
0.36288
0.35724
0.35196
0.34610
0.34082
0.33487
0.32956
0.32339
0.31818
0.31198
0.30658
0.30060
0.29492
0.28909
0.28348
0.27753
0.27197
0.26605
0.26056
0.25473
0.24905
0.24356
0.23776
0.23242
0.22665
0.22134
0.21570
0.21048
0.20496
0.19974
0.19437
0.18912
0.18405
0.17883
0.17371
0.16879
0.16370
0.15887
0.15393
0.14914
0.14435
0.13977
0.13492
0.13052
0.12582
0.12149
0.11697
0.11264
0.10834
0.10400
0.09991
0.09567
0.09161
0.08755
0.08356
0.07968
0.07565
0.07196
0.06805
0.06436
0.06073
0.05695
0.05350
0.04977
0.04642
0.04285
0.03952
0.03601
0.03275
0.02945
0.02609
0.02301
0.01965
0.01660
0.01340
0.01044
0.00720
0.00433
0.00122
-0.00168
-0.00464
-0.00760
-0.01035
-0.01337
-0.01608
-0.01892
-0.02179
-0.02438
-0.02725
-0.02997
-0.03262
-0.03528
-0.03802
-0.04053
-0.04333
-0.04575
-0.04849
-0.05093
-0.05359
-0.05609
-0.05865
-0.06107
-0.06366
-0.06613
-0.06857
-0.07104
-0.07355
-0.07584
-0.07846
-0.08072
-0.08322
-0.08551
-0.08801
-0.09030
-0.09268
-0.09506
-0.09741
-0.09967
-0.10208
-0.10437
-0.10657
-0.10910
-0.11118
-0.11353
-0.11572
-0.11761
-0.11990
-0.12186
-0.12387
-0.12601
-0.12802
-0.12988
-0.13211
-0.13385
-0.13599
-0.13785
-0.13986
-0.14169
-0.14368
-0.14545
-0.14749
-0.14920
-0.15118
-0.15286
-0.15475
-0.15659
-0.15826
-0.16016
-0.16180
-0.16357
-0.16534
-0.16693
-0.16873
-0.17029
-0.17206
-0.17361
-0.17532
-0.17676
-0.17850
-0.18002
-0.18152
-0.18314
-0.18463
-0.18604
-0.18774
-0.18890
-0.19070
-0.19180
-0.19348
-0.19470
-0.19623
-0.19748
-0.19894
-0.20016
-0.20160
-0.20282
-0.20410
-0.20544
-0.20660
-0.20795
-0.20908
-0.21036
-0.21152
-0.21268
-0.21387
-0.21497
-0.21616
-0.21729
-0.21823
-0.21951
-0.22043
-0.22159
-0.22263
-0.22354
-0.22467
-0.22562
-0.22662
-0.22754
-0.22861
-0.22940
-0.23053
-0.23120
-0.23230
-0.23312
-0.23401
-0.23483
-0.23581
-0.23645
-0.23746
-0.23819
-0.23898
-0.23987
-0.24051
-0.24139
-0.24210
-0.24286
-0.24356
-0.24438
-0.24496
-0.24576
-0.24643
-0.24713
-0.24774
-0.24850
-0.24911
-0.24966
-0.25052
-0.25089
-0.25171
-0.25220
-0.25290
-0.25333
-0.25412
-0.25446
-0.25528
-0.25558
-0.25629
-0.25674
-0.25732
-0.25781
-0.25836
-0.25879
-0.25937
-0.25986
-0.26022
-0.26086
-0.26123
-0.26166
-0.26224
-0.26251
-0.26315
-0.26340
-0.26398
-0.26425
-0.26477
-0.26514
-0.26553
-0.26593
-0.26627
-0.26672
-0.26706
-0.26743
-0.26776
-0.26813
-0.26852
-0.26880
-0.26910
-0.26953
-0.26978
-0.27011
-0.27045
-0.27072
-0.27106
-0.27133
-0.27158
-0.27197
-0.27209
-0.27255
-0.27258
-0.27310
-0.27316
-0.27347
-0.27383
-0.27383
-0.27432
-0.27432
-0.27472
-0.27487
-0.27426
-0.22366
0.05490
0.29565
0.22574
0.30096
0.26529
0.28323
0.27295
0.27365
0.27332
0.27029
0.27283
0.27036
0.27335
0.27255
0.27533
0.27618
0.27884
0.28082
0.28360
0.28629
0.28940
0.29239
0.29584
0.29913
0.30270
0.30621
0.30988
0.31348
0.31714
0.32077
0.32440
0.32797
0.33148
0.33490
0.33829
0.34146
0.34476
0.34766
0.35065
0.35330
0.35608
0.35834
0.36084
0.36279
0.36490
0.36658
0.36829
0.36960
0.37091
0.37192
0.37274
0.37350
0.37387
0.37427
0.37427
0.37418
0.37402
0.37329
0.37292
0.37186
0.37100
0.36969
0.36835
0.36685
0.36511
0.36322
0.36130
0.35889
0.35684
0.35410
0.35172
0.34875
0.34601
0.34296
0.33975
0.33670
0.33310
0.32986
0.32617
0.32251
0.31885
0.31494
0.31110
0.30710
0.30298
0.29895
0.29471
0.29056
0.28625
0.28183
0.27765
0.27304
0.26883
0.26416
0.25986
0.25522
0.25082
0.24615
0.24179
0.23706
0.23270
0.22797
0.22363
0.21899
0.21448
0.21008
0.20541
0.20114
0.19653
0.19226
0.18781
0.18341
0.17917
0.17474
0.17059
0.16629
0.16214
0.15796
0.15384
0.14981
0.14569
0.14172
0.13785
0.13382
0.13007
0.12616
0.12241
0.11874
0.11499
0.11139
0.10773
0.10431
0.10071
0.09729
0.09396
0.09036
0.08737
0.08383
0.08078
0.07751
0.07437
0.07135
0.06821
0.06528
0.06226
0.05933
0.05652
0.05356
0.05084
0.04803
0.04532
0.04263
0.03989
0.03741
0.03467
0.03229
0.02963
0.02719
0.02469
0.02234
0.01990
0.01755
0.01514
0.01291
0.01053
0.00839
0.00607
0.00385
0.00165
-0.00043
-0.00266
-0.00476
-0.00687
-0.00894
-0.01105
-0.01300
-0.01517
-0.01703
-0.01917
-0.02106
-0.02298
-0.02512
-0.02679
-0.02899
-0.03058
-0.03284
-0.03436
-0.03656
-0.03812
-0.04022
-0.04184
-0.04388
-0.04547
-0.04749
-0.04916
-0.05096
-0.05276
-0.05447
-0.05637
-0.05795
-0.05988
-0.06146
-0.06329
-0.06497
-0.06668
-0.06842
-0.07004
-0.07187
-0.07346
-0.07513
-0.07684
-0.07852
-0.08011
-0.08182
-0.08350
-0.08502
-0.08679
-0.08835
-0.08994
-0.09167
-0.09311
-0.09491
-0.09631
-0.09799
-0.09955
-0.10117
-0.10266
-0.10434
-0.10574
-0.10739
-0.10898
-0.11032
-0.11209
-0.11340
-0.11499
-0.11655
-0.11795
-0.11957
-0.12085
-0.12256
-0.12381
-0.12549
-0.12671
-0.12833
-0.12970
-0.13116
-0.13248
-0.13403
-0.13535
-0.13672
-0.13824
-0.13947
-0.14093
-0.14227
-0.14359
-0.14499
-0.14630
-0.14764
-0.14896
-0.15018
-0.15173
-0.15268
-0.15427
-0.15533
-0.15674
-0.15790
-0.15921
-0.16046
-0.16162
-0.16290
-0.16409
-0.16531
-0.16644
-0.16779
-0.16873
-0.17010
-0.17120
-0.17224
-0.17358
-0.17456
-0.17575
-0.17688
-0.17786
-0.17920
-0.18002
-0.18137
-0.18216
-0.18347
-0.18436
-0.18549
-0.18646
-0.18762
-0.18848
-0.18954
-0.19061
-0.19150
-0.19257
-0.19351
-0.19449
-0.19543
-0.19641
-0.19736
-0.19827
-0.19922
-0.20016
-0.20099
-0.20200
-0.20279
-0.20383
-0.20456
-0.20551
-0.20636
-0.20718
-0.20813
-0.20889
-0.20972
-0.21066
-0.21127
-0.21231
-0.21295
-0.21387
-0.21460
-0.21536
-0.21616
-0.21698
-0.21765
-0.21851
-0.21918
-0.22000
-0.22064
-0.22147
-0.22211
-0.22290
-0.22354
-0.22430
-0.22491
-0.22574
-0.22626
-0.22708
-0.22766
-0.22836
-0.22900
-0.22968
-0.23029
-0.23093
-0.23166
-0.23212
-0.23294
-0.23334
-0.23413
-0.23462
-0.23529
-0.23581
-0.23645
-0.23703
-0.23752
-0.23822
-0.23865
-0.23938
-0.23969
-0.24048
-0.24078
-0.24155
-0.24185
-0.24258
-0.24298
-0.24344
-0.24411
-0.24445
-0.24503
-0.24557
-0.24585
-0.24658
-0.24686
-0.24744
-0.24789
-0.24823
-0.23611
-0.08167
0.21945
0.23056
0.23294
0.26859
0.23187
0.26486
0.23303
0.25751
0.23566
0.25235
0.23904
0.24991
0.24301
0.24997
0.24741
0.25211
0.25214
0.25595
0.25742
0.26089
0.26312
0.26657
0.26938
0.27277
0.27591
0.27930
0.28256
0.28607
0.28928
0.29269
0.29596
0.29932
0.30243
0.30563
0.30859
0.31165
0.31445
0.31723
0.31979
0.32233
0.32462
0.32700
0.32883
0.33096
0.33249
0.33432
0.33557
0.33688
0.33795
0.33890
0.33972
0.34000
0.34085
0.34061
0.34103
0.34064
0.34052
0.34000
0.33929
0.33868
0.33749
0.33652
0.33527
0.33371
0.33228
0.33041
0.32870
0.32654
0.32443
0.32224
0.31973
0.31735
0.31451
0.31192
0.30896
0.30609
0.30292
0.29977
0.29657
0.29321
0.28979
0.28625
0.28278
0.27899
0.27548
0.27158
0.26782
0.26404
0.25992
0.25623
0.25204
0.24814
0.24408
0.23996
0.23590
0.23181
0.22757
0.22360
0.21933
0.21524
0.21103
0.20694
0.20276
0.19858
0.19455
0.19028
0.18634
0.18210
0.17810
0.17401
0.17007
0.16589
0.16211
0.15799
0.15414
0.15027
0.14639
0.14249
0.13885
0.13486
0.13141
0.12750
0.12396
0.12030
0.11673
0.11322
0.10971
0.10623
0.10284
0.09943
0.09613
0.09280
0.08954
0.08636
0.08313
0.08005
0.07693
0.07382
0.07092
0.06778
0.06500
0.06201
0.05914
0.05637
0.05350
0.05084
0.04800
0.04544
0.04266
0.04010
0.03757
0.03485
0.03259
0.02979
0.02759
0.02499
0.02267
0.02023
0.01801
0.01547
0.01346
0.01093
0.00882
0.00662
0.00430
0.00223
0.00009
-0.00220
-0.00409
-0.00638
-0.00830
-0.01044
-0.01248
-0.01443
-0.01651
-0.01840
-0.02048
-0.02234
-0.02444
-0.02609
-0.02829
-0.02997
-0.03201
-0.03375
-0.03571
-0.03754
-0.03931
-0.04129
-0.04291
-0.04486
-0.04660
-0.04837
-0.05023
-0.05194
-0.05371
-0.05545
-0.05722
-0.05896
-0.06061
-0.06250
-0.06400
-0.06589
-0.06744
-0.06924
-0.07086
-0.07257
-0.07422
-0.07596
-0.07745
-0.07932
-0.08084
-0.08249
-0.08411
-0.08578
-0.08734
-0.08899
-0.09067
-0.09213
-0.09384
-0.09537
-0.09695
-0.09857
-0.10010
-0.10175
-0.10315
-0.10486
-0.10629
-0.10791
-0.10941
-0.11093
-0.11240
-0.11407
-0.11539
-0.11703
-0.11841
-0.12000
-0.12137
-0.12296
-0.12430
-0.12585
-0.12723
-0.12872
-0.13013
-0.13156
-0.13297
-0.13443
-0.13574
-0.13718
-0.13867
-0.13986
-0.14133
-0.14270
-0.14401
-0.14548
-0.14664
-0.14810
-0.14932
-0.15079
-0.15192
-0.15335
-0.15457
-0.15585
-0.15717
-0.15839
-0.15970
-0.16086
-0.16217
-0.16333
-0.16464
-0.16580
-0.16699
-0.16821
-0.16943
-0.17050
-0.17184
-0.17279
-0.17416
-0.17511
-0.17639
-0.17740
-0.17865
-0.17963
-0.18085
-0.18182
-0.18298
-0.18408
-0.18506
-0.18619
-0.18723
-0.18829
-0.18924
-0.19040
-0.19125
-0.19244
-0.19327
-0.19446
-0.19519
-0.19644
-0.19717
-0.19830
-0.19916
-0.20013
-0.20111
-0.20197
-0.20297
-0.20380
-0.20477
-0.20560
-0.20660
-0.20734
-0.20837
-0.20908
-0.21014
-0.21078
-0.21179
-0.21252
-0.21338
-0.21432
-0.21490
-0.21594
-0.21655
-0.21756
-0.21814
-0.21909
-0.21979
-0.22046
-0.22150
-0.22189
-0.22296
-0.22354
-0.22430
-0.22504
-0.22571
-0.22653
-0.22717
-0.22787
-0.22858
-0.22925
-0.22998
-0.23059
-0.23135
-0.23190
-0.23267
-0.23322
-0.23398
-0.23447
-0.23529
-0.23572
-0.23651
-0.23700
-0.23770
-0.23822
-0.23889
-0.23941
-0.24008
-0.24060
-0.24118
-0.24179
-0.24228
-0.24292
-0.24338
-0.24402
-0.24451
-0.24503
-0.24564
-0.24606
-0.24661
-0.24716
-0.24762
-0.24814
-0.24863
-0.24911
-0.24963
-0.25006
-0.25061
-0.25098
-0.24948
-0.17899
0.10269
0.25787
0.19751
0.27261
0.22382
0.25748
0.23172
0.24713
0.23471
0.24222
0.23654
0.24097
0.23871
0.24203
0.24182
0.24472
0.24576
0.24878
0.25058
0.25366
0.25610
0.25928
0.26221
0.26535
0.26865
0.27182
0.27527
0.27853
0.28192
0.28522
0.28860
0.29181
0.29507
0.29822
0.30127
0.30429
0.30719
0.30988
0.31271
0.31506
0.31760
0.31979
0.32199
0.32385
0.32578
0.32736
0.32889
0.33017
0.33142
0.33231
0.33322
0.33377
0.33435
0.33456
0.33472
0.33469
0.33444
0.33411
0.33356
0.33276
0.33197
0.33090
0.32968
0.32840
0.32681
0.32523
0.32339
0.32150
0.31940
0.31723
0.31488
0.31238
0.30988
0.30719
0.30438
0.30145
0.29849
0.29532
0.29224
0.28885
0.28558
0.28207
0.27859
0.27499
0.27139
0.26767
0.26382
0.26016
0.25613
0.25238
0.24838
0.24432
0.24045
0.23633
0.23224
0.22833
0.22403
0.22003
0.21591
0.21170
0.20776
0.20343
0.19946
0.19519
0.19128
0.18695
0.18307
0.17883
0.17490
0.17075
0.16690
0.16269
0.15894
0.15479
0.15109
0.14703
0.14322
0.13950
0.13556
0.13193
0.12811
0.12451
0.12082
0.11719
0.11374
0.11002
0.10669
0.10315
0.09973
0.09644
0.09299
0.08975
0.08649
0.08328
0.08008
0.07697
0.07379
0.07092
0.06766
0.06488
0.06180
0.05896
0.05609
0.05322
0.05048
0.04764
0.04501
0.04227
0.03961
0.03699
0.03445
0.03180
0.02942
0.02673
0.02451
0.02179
0.01965
0.01715
0.01477
0.01254
0.01016
0.00793
0.00571
0.00339
0.00137
-0.00101
-0.00302
-0.00525
-0.00732
-0.00931
-0.01163
-0.01343
-0.01566
-0.01755
-0.01959
-0.02158
-0.02356
-0.02548
-0.02747
-0.02933
-0.03128
-0.03314
-0.03510
-0.03693
-0.03873
-0.04068
-0.04242
-0.04431
-0.04611
-0.04788
-0.04974
-0.05142
-0.05334
-0.05496
-0.05682
-0.05850
-0.06033
-0.06192
-0.06390
-0.06531
-0.06723
-0.06885
-0.07056
-0.07233
-0.07385
-0.07565
-0.07724
-0.07898
-0.08063
-0.08218
-0.08395
-0.08545
-0.08722
-0.08878
-0.09036
-0.09204
-0.09360
-0.09521
-0.09683
-0.09836
-0.10001
-0.10156
-0.10306
-0.10474
-0.10620
-0.10779
-0.10931
-0.11087
-0.11237
-0.11395
-0.11533
-0.11703
-0.11838
-0.11996
-0.12140
-0.12292
-0.12433
-0.12589
-0.12729
-0.12878
-0.13022
-0.13165
-0.13303
-0.13458
-0.13583
-0.13739
-0.13870
-0.14014
-0.14151
-0.14285
-0.14429
-0.14557
-0.14700
-0.14832
-0.14963
-0.15097
-0.15237
-0.15356
-0.15491
-0.15631
-0.15741
-0.15884
-0.16000
-0.16135
-0.16260
-0.16382
-0.16501
-0.16635
-0.16745
-0.16879
-0.16983
-0.17117
-0.17227
-0.17352
-0.17459
-0.17581
-0.17703
-0.17798
-0.17935
-0.18030
-0.18149
-0.18262
-0.18365
-0.18481
-0.18585
-0.18692
-0.18805
-0.18903
-0.19019
-0.19107
-0.19223
-0.19324
-0.19421
-0.19522
-0.19629
-0.19714
-0.19830
-0.19919
-0.20013
-0.20114
-0.20206
-0.20306
-0.20392
-0.20493
-0.20578
-0.20673
-0.20764
-0.20853
-0.20941
-0.21033
-0.21112
-0.21210
-0.21286
-0.21381
-0.21454
-0.21548
-0.21622
-0.21716
-0.21790
-0.21869
-0.21957
-0.22028
-0.22116
-0.22186
-0.22272
-0.22339
-0.22421
-0.22495
-0.22571
-0.22647
-0.22714
-0.22791
-0.22867
-0.22928
-0.23007
-0.23077
-0.23135
-0.23227
-0.23267
-0.23361
-0.23404
-0.23495
-0.23535
-0.23618
-0.23679
-0.23743
-0.23798
-0.23874
-0.23920
-0.23999
-0.24048
-0.24115
-0.24167
-0.24231
-0.24289
-0.24350
-0.24399
-0.24466
-0.24512
-0.24576
-0.24628
-0.24677
-0.24741
-0.24783
-0.24844
-0.24896
-0.24936
-0.25009
-0.25037
-0.25104
-0.25143
-0.25195
-0.25244
-0.25299
-0.25327
-0.25397
-0.25409
-0.23141
-0.03479
0.23962
0.20566
0.24207
0.24640
0.23203
0.24847
0.22861
0.24466
0.22903
0.24139
0.23138
0.23996
0.23495
0.24051
0.23911
0.24310
0.24377
0.24707
0.24908
0.25204
0.25485
0.25787
0.26096
0.26422
0.26743
0.27075
0.27411
0.27744
0.28085
0.28412
0.28738
0.29074
0.29385
0.29697
0.30002
0.30298
0.30573
0.30856
0.31104
0.31354
0.31592
0.31805
0.32010
0.32199
0.32370
0.32529
0.32669
0.32785
0.32904
0.32980
0.33066
0.33105
0.33160
0.33163
0.33182
0.33157
0.33130
0.33084
0.33017
0.32935
0.32846
0.32724
0.32596
0.32462
0.32294
0.32123
0.31943
0.31732
0.31522
0.31302
0.31046
0.30817
0.30524
0.30283
0.29971
0.29684
0.29382
0.29062
0.28738
0.28415
0.28058
0.27731
0.27350
0.27020
0.26620
0.26273
0.25876
0.25510
0.25101
0.24731
0.24313
0.23932
0.23523
0.23117
0.22714
0.22305
0.21887
0.21490
0.21072
0.20654
0.20251
0.19836
0.19418
0.19025
0.18591
0.18198
0.17789
0.17374
0.16983
0.16574
0.16171
0.15784
0.15378
0.14993
0.14603
0.14215
0.13834
0.13452
0.13080
0.12701
0.12332
0.11978
0.11597
0.11258
0.10889
0.10544
0.10202
0.09851
0.09518
0.09174
0.08859
0.08517
0.08206
0.07877
0.07571
0.07248
0.06958
0.06641
0.06348
0.06049
0.05762
0.05472
0.05182
0.04913
0.04623
0.04355
0.04092
0.03815
0.03561
0.03293
0.03040
0.02792
0.02533
0.02292
0.02048
0.01801
0.01569
0.01324
0.01108
0.00861
0.00644
0.00409
0.00198
-0.00037
-0.00238
-0.00470
-0.00674
-0.00885
-0.01099
-0.01306
-0.01514
-0.01709
-0.01923
-0.02115
-0.02319
-0.02512
-0.02707
-0.02905
-0.03091
-0.03296
-0.03464
-0.03674
-0.03848
-0.04037
-0.04227
-0.04404
-0.04590
-0.04770
-0.04962
-0.05118
-0.05316
-0.05484
-0.05667
-0.05838
-0.06021
-0.06174
-0.06375
-0.06525
-0.06714
-0.06876
-0.07043
-0.07224
-0.07376
-0.07565
-0.07709
-0.07901
-0.08041
-0.08234
-0.08368
-0.08560
-0.08707
-0.08875
-0.09039
-0.09198
-0.09360
-0.09521
-0.09680
-0.09836
-0.10001
-0.10153
-0.10315
-0.10471
-0.10620
-0.10791
-0.10925
-0.11096
-0.11243
-0.11392
-0.11557
-0.11688
-0.11862
-0.11993
-0.12155
-0.12292
-0.12460
-0.12582
-0.12744
-0.12891
-0.13031
-0.13177
-0.13318
-0.13470
-0.13602
-0.13754
-0.13885
-0.14029
-0.14172
-0.14301
-0.14450
-0.14578
-0.14716
-0.14859
-0.14981
-0.15125
-0.15250
-0.15393
-0.15512
-0.15649
-0.15778
-0.15903
-0.16040
-0.16159
-0.16284
-0.16415
-0.16537
-0.16660
-0.16788
-0.16904
-0.17026
-0.17151
-0.17264
-0.17386
-0.17505
-0.17621
-0.17734
-0.17856
-0.17966
-0.18079
-0.18188
-0.18311
-0.18408
-0.18533
-0.18628
-0.18747
-0.18845
-0.18967
-0.19049
-0.19183
-0.19254
-0.19394
-0.19464
-0.19586
-0.19675
-0.19788
-0.19873
-0.19983
-0.20074
-0.20172
-0.20270
-0.20367
-0.20450
-0.20563
-0.20642
-0.20734
-0.20831
-0.20923
-0.21002
-0.21106
-0.21176
-0.21283
-0.21353
-0.21451
-0.21533
-0.21613
-0.21704
-0.21774
-0.21875
-0.21939
-0.22037
-0.22101
-0.22198
-0.22250
-0.22363
-0.22406
-0.22516
-0.22559
-0.22659
-0.22723
-0.22800
-0.22873
-0.22943
-0.23016
-0.23090
-0.23160
-0.23224
-0.23303
-0.23364
-0.23434
-0.23505
-0.23566
-0.23642
-0.23697
-0.23767
-0.23831
-0.23892
-0.23965
-0.24011
-0.24091
-0.24139
-0.24203
-0.24271
-0.24319
-0.24387
-0.24438
-0.24500
-0.24561
-0.24609
-0.24673
-0.24719
-0.24789
-0.24823
-0.24896
-0.24936
-0.25000
-0.25037
-0.25107
-0.25137
-0.25211
-0.25238
-0.25305
-0.25345
-0.25394
-0.25449
-0.25482
-0.25543
-0.25580
-0.25137
-0.14847
0.15231
0.24146
0.20166
0.26776
0.21600
0.25647
0.22220
0.24640
0.22589
0.24069
0.22910
0.23831
0.23264
0.23849
0.23660
0.24081
0.24103
0.24469
0.24609
0.24957
0.25174
0.25519
0.25800
0.26126
0.26450
0.26773
0.27115
0.27444
0.27786
0.28119
0.28442
0.28781
0.29092
0.29419
0.29712
0.30020
0.30304
0.30585
0.30841
0.31100
0.31342
0.31549
0.31790
0.31949
0.32162
0.32297
0.32462
0.32590
0.32697
0.32803
0.32870
0.32941
0.32990
0.33005
0.33029
0.33014
0.32990
0.32953
0.32892
0.32825
0.32724
0.32632
0.32495
0.32373
0.32208
0.32050
0.31870
0.31662
0.31473
0.31235
0.31009
0.30756
0.30508
0.30228
0.29953
0.29657
0.29361
0.29047
0.28729
0.28397
0.28064
0.27719
0.27362
0.27014
0.26636
0.26273
0.25897
0.25513
0.25131
0.24731
0.24347
0.23947
0.23547
0.23138
0.22742
0.22324
0.21927
0.21506
0.21103
0.20691
0.20270
0.19867
0.19458
0.19034
0.18634
0.18225
0.17810
0.17413
0.17001
0.16605
0.16193
0.15811
0.15399
0.15027
0.14615
0.14240
0.13855
0.13474
0.13089
0.12729
0.12347
0.11984
0.11621
0.11264
0.10901
0.10559
0.10199
0.09869
0.09515
0.09189
0.08850
0.08527
0.08200
0.07880
0.07565
0.07251
0.06943
0.06644
0.06329
0.06052
0.05740
0.05463
0.05176
0.04886
0.04623
0.04330
0.04074
0.03799
0.03534
0.03281
0.03018
0.02759
0.02521
0.02258
0.02023
0.01773
0.01544
0.01294
0.01077
0.00830
0.00610
0.00385
0.00156
-0.00061
-0.00284
-0.00491
-0.00723
-0.00912
-0.01144
-0.01337
-0.01553
-0.01752
-0.01956
-0.02155
-0.02362
-0.02545
-0.02759
-0.02933
-0.03149
-0.03317
-0.03525
-0.03702
-0.03903
-0.04071
-0.04276
-0.04440
-0.04642
-0.04807
-0.05002
-0.05173
-0.05353
-0.05533
-0.05704
-0.05890
-0.06052
-0.06241
-0.06403
-0.06577
-0.06757
-0.06915
-0.07095
-0.07263
-0.07428
-0.07602
-0.07761
-0.07938
-0.08093
-0.08270
-0.08429
-0.08588
-0.08765
-0.08914
-0.09088
-0.09241
-0.09406
-0.09567
-0.09723
-0.09885
-0.10046
-0.10196
-0.10364
-0.10510
-0.10672
-0.10831
-0.10977
-0.11136
-0.11292
-0.11435
-0.11606
-0.11734
-0.11908
-0.12036
-0.12204
-0.12341
-0.12494
-0.12640
-0.12793
-0.12921
-0.13095
-0.13208
-0.13376
-0.13504
-0.13660
-0.13791
-0.13937
-0.14069
-0.14227
-0.14337
-0.14508
-0.14609
-0.14783
-0.14890
-0.15036
-0.15170
-0.15302
-0.15430
-0.15570
-0.15692
-0.15829
-0.15952
-0.16083
-0.16208
-0.16342
-0.16452
-0.16592
-0.16708
-0.16833
-0.16953
-0.17078
-0.17194
-0.17319
-0.17441
-0.17545
-0.17673
-0.17786
-0.17902
-0.18018
-0.18127
-0.18243
-0.18353
-0.18463
-0.18582
-0.18677
-0.18796
-0.18906
-0.18997
-0.19125
-0.19208
-0.19330
-0.19424
-0.19528
-0.19626
-0.19739
-0.19827
-0.19937
-0.20026
-0.20129
-0.20224
-0.20319
-0.20425
-0.20499
-0.20615
-0.20691
-0.20792
-0.20883
-0.20969
-0.21060
-0.21155
-0.21234
-0.21332
-0.21408
-0.21500
-0.21591
-0.21664
-0.21756
-0.21835
-0.21924
-0.21997
-0.22083
-0.22162
-0.22247
-0.22311
-0.22409
-0.22467
-0.22562
-0.22620
-0.22714
-0.22772
-0.22858
-0.22931
-0.22992
-0.23077
-0.23141
-0.23215
-0.23282
-0.23358
-0.23419
-0.23492
-0.23560
-0.23621
-0.23694
-0.23758
-0.23819
-0.23889
-0.23953
-0.24002
-0.24091
-0.24127
-0.24210
-0.24249
-0.24332
-0.24374
-0.24445
-0.24490
-0.24564
-0.24603
-0.24683
-0.24707
-0.24792
-0.24832
-0.24887
-0.24951
-0.24988
-0.25052
-0.25104
-0.25150
-0.25211
-0.25247
-0.25311
-0.25351
-0.25400
-0.25458
-0.25497
-0.25537
-0.25607
-0.25626
-0.25638
-0.21707
0.02127
0.25232
0.19293
0.25555
0.23053
0.24051
0.23694
0.23294
0.23669
0.23080
0.23569
0.23169
0.23578
0.23419
0.23746
0.23776
0.24054
0.24225
0.24490
0.24738
0.25015
0.25305
0.25610
0.25922
0.26248
0.26569
0.26901
0.27249
0.27570
0.27908
0.28253
0.28561
0.28912
0.29205
0.29529
0.29828
0.30124
0.30399
0.30673
0.30930
0.31168
0.31415
0.31613
0.31827
0.32004
0.32178
0.32336
0.32468
0.32593
0.32693
0.32776
0.32858
0.32895
0.32950
0.32941
0.32968
0.32932
0.32910
0.32852
0.32788
0.32709
0.32608
0.32486
0.32364
0.32208
0.32068
0.31866
0.31699
0.31482
0.31281
0.31030
0.30814
0.30536
0.30292
0.30002
0.29718
0.29425
0.29117
0.28790
0.28485
0.28131
0.27808
0.27448
0.27094
0.26736
0.26364
0.25995
0.25607
0.25232
0.24835
0.24451
0.24048
0.23651
0.23251
0.22845
0.22440
0.22034
0.21616
0.21213
0.20801
0.20389
0.19980
0.19556
0.19165
0.18735
0.18341
0.17923
0.17523
0.17108
0.16711
0.16315
0.15906
0.15518
0.15121
0.14728
0.14346
0.13947
0.13586
0.13187
0.12827
0.12442
0.12085
0.11719
0.11349
0.11005
0.10635
0.10303
0.09949
0.09607
0.09271
0.08936
0.08609
0.08279
0.07965
0.07632
0.07336
0.07013
0.06717
0.06409
0.06110
0.05823
0.05521
0.05249
0.04953
0.04678
0.04401
0.04135
0.03854
0.03601
0.03336
0.03064
0.02832
0.02560
0.02322
0.02066
0.01834
0.01584
0.01355
0.01114
0.00885
0.00653
0.00433
0.00201
-0.00021
-0.00235
-0.00458
-0.00665
-0.00888
-0.01096
-0.01297
-0.01517
-0.01712
-0.01920
-0.02118
-0.02322
-0.02518
-0.02707
-0.02917
-0.03094
-0.03296
-0.03488
-0.03668
-0.03867
-0.04047
-0.04230
-0.04425
-0.04596
-0.04785
-0.04962
-0.05148
-0.05316
-0.05511
-0.05664
-0.05859
-0.06030
-0.06204
-0.06372
-0.06555
-0.06717
-0.06897
-0.07062
-0.07236
-0.07401
-0.07565
-0.07745
-0.07901
-0.08075
-0.08234
-0.08401
-0.08566
-0.08731
-0.08887
-0.09058
-0.09222
-0.09369
-0.09549
-0.09689
-0.09863
-0.10010
-0.10187
-0.10318
-0.10498
-0.10641
-0.10797
-0.10965
-0.11096
-0.11273
-0.11411
-0.11569
-0.11719
-0.11874
-0.12018
-0.12173
-0.12317
-0.12473
-0.12613
-0.12766
-0.12909
-0.13052
-0.13199
-0.13345
-0.13489
-0.13626
-0.13770
-0.13916
-0.14050
-0.14194
-0.14331
-0.14462
-0.14618
-0.14731
-0.14886
-0.15005
-0.15152
-0.15280
-0.15408
-0.15552
-0.15668
-0.15805
-0.15942
-0.16049
-0.16202
-0.16309
-0.16449
-0.16562
-0.16693
-0.16815
-0.16937
-0.17059
-0.17172
-0.17303
-0.17416
-0.17538
-0.17648
-0.17770
-0.17886
-0.17990
-0.18130
-0.18207
-0.18356
-0.18436
-0.18567
-0.18671
-0.18771
-0.18896
-0.18982
-0.19110
-0.19196
-0.19318
-0.19403
-0.19522
-0.19614
-0.19724
-0.19818
-0.19919
-0.20020
-0.20114
-0.20215
-0.20306
-0.20407
-0.20502
-0.20584
-0.20700
-0.20764
-0.20877
-0.20966
-0.21039
-0.21155
-0.21219
-0.21326
-0.21396
-0.21494
-0.21576
-0.21658
-0.21753
-0.21820
-0.21915
-0.21994
-0.22070
-0.22156
-0.22235
-0.22311
-0.22394
-0.22470
-0.22543
-0.22623
-0.22699
-0.22775
-0.22839
-0.22931
-0.22986
-0.23068
-0.23135
-0.23209
-0.23282
-0.23343
-0.23419
-0.23486
-0.23550
-0.23624
-0.23682
-0.23758
-0.23813
-0.23889
-0.23938
-0.24017
-0.24069
-0.24130
-0.24203
-0.24255
-0.24316
-0.24374
-0.24445
-0.24481
-0.24570
-0.24591
-0.24689
-0.24701
-0.24799
-0.24817
-0.24899
-0.24939
-0.25000
-0.25046
-0.25101
-0.25156
-0.25198
-0.25262
-0.25299
-0.25354
-0.25406
-0.25446
-0.25507
-0.25543
-0.25589
-0.25650
-0.25668
-0.24704
-0.10513
0.19684
0.22385
0.21622
0.25958
0.21838
0.25421
0.22073
0.24625
0.22375
0.24081
0.22736
0.23828
0.23129
0.23831
0.23569
0.24048
0.24048
0.24417
0.24576
0.24911
0.25146
0.25482
0.25769
0.26096
0.26422
0.26752
0.27087
0.27417
0.27768
0.28079
0.28439
0.28735
0.29080
0.29376
0.29694
0.29996
0.30261
0.30551
0.30811
0.31061
0.31296
0.31522
0.31729
0.31912
0.32104
0.32254
0.32401
0.32535
0.32635
0.32733
0.32816
0.32870
0.32907
0.32941
0.32944
0.32938
0.32910
0.32855
0.32822
0.32712
0.32654
0.32520
0.32407
0.32263
0.32111
0.31943
0.31757
0.31564
0.31342
0.31137
0.30881
0.30643
0.30383
0.30109
0.29828
0.29532
0.29236
0.28915
0.28604
0.28262
0.27936
0.27582
0.27234
0.26874
0.26508
0.26132
0.25766
0.25366
0.25000
0.24597
0.24200
0.23813
0.23401
0.23010
0.22589
0.22195
0.21780
0.21365
0.20975
0.20529
0.20154
0.19714
0.19318
0.18909
0.18488
0.18088
0.17676
0.17273
0.16867
0.16467
0.16068
0.15668
0.15274
0.14883
0.14493
0.14108
0.13718
0.13351
0.12964
0.12595
0.12222
0.11859
0.11499
0.11136
0.10782
0.10434
0.10083
0.09744
0.09399
0.09067
0.08740
0.08405
0.08087
0.07767
0.07449
0.07141
0.06833
0.06522
0.06241
0.05920
0.05652
0.05347
0.05072
0.04782
0.04517
0.04233
0.03967
0.03702
0.03433
0.03177
0.02924
0.02664
0.02414
0.02176
0.01917
0.01691
0.01437
0.01215
0.00977
0.00735
0.00528
0.00284
0.00073
-0.00150
-0.00375
-0.00580
-0.00806
-0.01007
-0.01221
-0.01428
-0.01636
-0.01834
-0.02045
-0.02237
-0.02435
-0.02643
-0.02823
-0.03033
-0.03210
-0.03409
-0.03598
-0.03790
-0.03964
-0.04169
-0.04340
-0.04526
-0.04715
-0.04883
-0.05081
-0.05243
-0.05432
-0.05603
-0.05786
-0.05954
-0.06137
-0.06302
-0.06482
-0.06650
-0.06824
-0.06995
-0.07159
-0.07339
-0.07492
-0.07681
-0.07828
-0.08005
-0.08173
-0.08325
-0.08508
-0.08655
-0.08829
-0.08987
-0.09152
-0.09308
-0.09473
-0.09628
-0.09796
-0.09946
-0.10110
-0.10266
-0.10422
-0.10583
-0.10727
-0.10901
-0.11035
-0.11203
-0.11349
-0.11505
-0.11655
-0.11810
-0.11951
-0.12115
-0.12253
-0.12405
-0.12555
-0.12698
-0.12851
-0.12988
-0.13144
-0.13275
-0.13428
-0.13571
-0.13705
-0.13855
-0.13989
-0.14139
-0.14261
-0.14413
-0.14551
-0.14673
-0.14832
-0.14944
-0.15097
-0.15219
-0.15350
-0.15494
-0.15613
-0.15753
-0.15875
-0.16006
-0.16135
-0.16260
-0.16385
-0.16513
-0.16632
-0.16766
-0.16873
-0.17014
-0.17114
-0.17252
-0.17361
-0.17487
-0.17599
-0.17715
-0.17834
-0.17944
-0.18066
-0.18173
-0.18289
-0.18399
-0.18506
-0.18622
-0.18732
-0.18835
-0.18945
-0.19049
-0.19153
-0.19269
-0.19357
-0.19476
-0.19565
-0.19675
-0.19769
-0.19879
-0.19962
-0.20078
-0.20163
-0.20267
-0.20355
-0.20459
-0.20544
-0.20645
-0.20728
-0.20834
-0.20911
-0.21017
-0.21085
-0.21201
-0.21262
-0.21371
-0.21442
-0.21539
-0.21616
-0.21707
-0.21786
-0.21866
-0.21954
-0.22034
-0.22113
-0.22198
-0.22269
-0.22354
-0.22430
-0.22504
-0.22589
-0.22656
-0.22733
-0.22815
-0.22879
-0.22955
-0.23032
-0.23096
-0.23175
-0.23242
-0.23306
-0.23389
-0.23444
-0.23520
-0.23587
-0.23651
-0.23712
-0.23785
-0.23849
-0.23907
-0.23981
-0.24033
-0.24100
-0.24164
-0.24228
-0.24271
-0.24362
-0.24387
-0.24469
-0.24518
-0.24576
-0.24643
-0.24680
-0.24753
-0.24802
-0.24847
-0.24924
-0.24951
-0.25031
-0.25061
-0.25119
-0.25180
-0.25217
-0.25281
-0.25314
-0.25378
-0.25418
-0.25467
-0.25525
-0.25552
-0.25616
-0.25653
-0.25537
-0.19308
0.08075
0.25391
0.19067
0.26559
0.22006
0.24991
0.22800
0.23999
0.23044
0.23553
0.23187
0.23465
0.23361
0.23602
0.23645
0.23895
0.24023
0.24304
0.24500
0.24799
0.25055
0.25351
0.25668
0.25970
0.26303
0.26630
0.26953
0.27307
0.27631
0.27966
0.28305
0.28625
0.28958
0.29266
0.29581
0.29883
0.30161
0.30460
0.30713
0.30975
0.31213
0.31442
0.31659
0.31854
0.32040
0.32205
0.32367
0.32480
0.32617
0.32709
0.32797
0.32861
0.32913
0.32935
0.32968
0.32944
0.32950
0.32889
0.32849
0.32779
0.32687
0.32587
0.32483
0.32318
0.32205
0.32022
0.31848
0.31659
0.31454
0.31232
0.31000
0.30765
0.30499
0.30240
0.29959
0.29669
0.29370
0.29068
0.28738
0.28430
0.28076
0.27740
0.27399
0.27032
0.26675
0.26303
0.25925
0.25552
0.25165
0.24768
0.24393
0.23972
0.23599
0.23172
0.22791
0.22363
0.21973
0.21545
0.21155
0.20718
0.20340
0.19894
0.19507
0.19089
0.18671
0.18274
0.17859
0.17453
0.17053
0.16644
0.16248
0.15848
0.15451
0.15063
0.14664
0.14282
0.13901
0.13510
0.13144
0.12759
0.12393
0.12024
0.11661
0.11301
0.10947
0.10596
0.10236
0.09900
0.09558
0.09219
0.08893
0.08554
0.08237
0.07910
0.07602
0.07278
0.06976
0.06668
0.06369
0.06076
0.05771
0.05493
0.05197
0.04919
0.04645
0.04364
0.04095
0.03824
0.03564
0.03296
0.03049
0.02777
0.02545
0.02283
0.02042
0.01801
0.01550
0.01331
0.01086
0.00858
0.00629
0.00397
0.00183
-0.00043
-0.00266
-0.00482
-0.00687
-0.00916
-0.01102
-0.01343
-0.01520
-0.01746
-0.01932
-0.02142
-0.02338
-0.02539
-0.02728
-0.02936
-0.03107
-0.03326
-0.03488
-0.03702
-0.03873
-0.04068
-0.04245
-0.04440
-0.04611
-0.04800
-0.04980
-0.05154
-0.05341
-0.05511
-0.05695
-0.05865
-0.06039
-0.06219
-0.06393
-0.06555
-0.06735
-0.06909
-0.07068
-0.07254
-0.07410
-0.07578
-0.07751
-0.07916
-0.08078
-0.08252
-0.08405
-0.08585
-0.08728
-0.08914
-0.09055
-0.09232
-0.09384
-0.09549
-0.09702
-0.09875
-0.10016
-0.10181
-0.10355
-0.10477
-0.10666
-0.10797
-0.10968
-0.11118
-0.11264
-0.11423
-0.11575
-0.11722
-0.11880
-0.12027
-0.12173
-0.12326
-0.12476
-0.12616
-0.12772
-0.12909
-0.13065
-0.13196
-0.13351
-0.13489
-0.13632
-0.13773
-0.13916
-0.14056
-0.14185
-0.14346
-0.14459
-0.14612
-0.14743
-0.14880
-0.15009
-0.15152
-0.15277
-0.15414
-0.15543
-0.15674
-0.15802
-0.15933
-0.16061
-0.16190
-0.16312
-0.16443
-0.16562
-0.16690
-0.16812
-0.16934
-0.17050
-0.17184
-0.17285
-0.17422
-0.17523
-0.17654
-0.17755
-0.17892
-0.17981
-0.18118
-0.18213
-0.18338
-0.18439
-0.18558
-0.18658
-0.18777
-0.18872
-0.18991
-0.19089
-0.19205
-0.19284
-0.19424
-0.19489
-0.19626
-0.19696
-0.19821
-0.19901
-0.20016
-0.20096
-0.20215
-0.20288
-0.20401
-0.20483
-0.20584
-0.20676
-0.20764
-0.20865
-0.20944
-0.21039
-0.21133
-0.21210
-0.21310
-0.21384
-0.21481
-0.21561
-0.21649
-0.21729
-0.21817
-0.21890
-0.21982
-0.22061
-0.22137
-0.22220
-0.22296
-0.22375
-0.22455
-0.22531
-0.22601
-0.22693
-0.22745
-0.22836
-0.22900
-0.22977
-0.23053
-0.23114
-0.23193
-0.23260
-0.23331
-0.23401
-0.23462
-0.23538
-0.23596
-0.23676
-0.23727
-0.23804
-0.23859
-0.23926
-0.23993
-0.24048
-0.24118
-0.24170
-0.24246
-0.24286
-0.24362
-0.24411
-0.24478
-0.24527
-0.24597
-0.24631
-0.24710
-0.24759
-0.24802
-0.24875
-0.24911
-0.24976
-0.25024
-0.25079
-0.25125
-0.25180
-0.25232
-0.25278
-0.25330
-0.25378
-0.25427
-0.25470
-0.25528
-0.25558
-0.25616
-0.25650
-0.23721
-0.05292
0.23047
0.20752
0.23471
0.24789
0.22699
0.24847
0.22482
0.24368
0.22601
0.23972
0.22882
0.23801
0.23239
0.23859
0.23660
0.24094
0.24149
0.24478
0.24673
0.24982
0.25256
0.25555
0.25873
0.26184
0.26520
0.26849
0.27182
0.27521
0.27853
0.28192
0.28516
0.28851
0.29160
0.29480
0.29785
0.30069
0.30368
0.30634
0.30887
0.31149
0.31366
0.31607
0.31796
0.31992
0.32162
0.32321
0.32465
0.32590
0.32700
0.32785
0.32858
0.32919
0.32959
0.32974
0.32990
0.32965
0.32941
0.32901
0.32828
0.32751
0.32663
0.32544
0.32422
0.32272
0.32126
0.31946
0.31763
0.31564
0.31348
0.31131
0.30881
0.30637
0.30374
0.30096
0.29819
0.29517
0.29221
0.28897
0.28586
0.28244
0.27914
0.27560
0.27206
0.26849
0.26483
0.26111
0.25726
0.25354
0.24957
0.24567
0.24179
0.23776
0.23373
0.22971
0.22568
0.22159
0.21750
0.21335
0.20935
0.20508
0.20114
0.19684
0.19290
0.18866
0.18469
0.18048
0.17651
0.17239
0.16837
0.16440
0.16037
0.15640
0.15244
0.14862
0.14456
0.14093
0.13687
0.13321
0.12946
0.12570
0.12198
0.11841
0.11469
0.11121
0.10760
0.10413
0.10065
0.09732
0.09372
0.09064
0.08710
0.08405
0.08063
0.07758
0.07440
0.07120
0.06833
0.06506
0.06226
0.05923
0.05637
0.05338
0.05069
0.04776
0.04507
0.04236
0.03952
0.03714
0.03412
0.03195
0.02902
0.02673
0.02414
0.02170
0.01920
0.01694
0.01434
0.01221
0.00977
0.00745
0.00528
0.00284
0.00092
-0.00165
-0.00348
-0.00586
-0.00793
-0.01004
-0.01212
-0.01419
-0.01627
-0.01834
-0.02020
-0.02243
-0.02420
-0.02631
-0.02823
-0.03009
-0.03214
-0.03391
-0.03595
-0.03769
-0.03964
-0.04150
-0.04327
-0.04517
-0.04697
-0.04877
-0.05060
-0.05240
-0.05414
-0.05588
-0.05777
-0.05936
-0.06125
-0.06290
-0.06461
-0.06647
-0.06796
-0.06992
-0.07135
-0.07327
-0.07483
-0.07651
-0.07828
-0.07977
-0.08160
-0.08313
-0.08484
-0.08646
-0.08807
-0.08972
-0.09128
-0.09302
-0.09448
-0.09619
-0.09769
-0.09940
-0.10083
-0.10254
-0.10406
-0.10556
-0.10724
-0.10864
-0.11032
-0.11176
-0.11334
-0.11490
-0.11630
-0.11795
-0.11932
-0.12085
-0.12250
-0.12372
-0.12546
-0.12671
-0.12830
-0.12976
-0.13110
-0.13266
-0.13400
-0.13550
-0.13690
-0.13828
-0.13974
-0.14105
-0.14249
-0.14392
-0.14520
-0.14664
-0.14798
-0.14923
-0.15079
-0.15182
-0.15347
-0.15451
-0.15601
-0.15723
-0.15854
-0.15979
-0.16113
-0.16232
-0.16367
-0.16483
-0.16611
-0.16736
-0.16852
-0.16986
-0.17090
-0.17227
-0.17331
-0.17459
-0.17569
-0.17700
-0.17795
-0.17926
-0.18030
-0.18152
-0.18262
-0.18365
-0.18488
-0.18585
-0.18704
-0.18805
-0.18921
-0.19019
-0.19122
-0.19241
-0.19324
-0.19449
-0.19534
-0.19644
-0.19742
-0.19839
-0.19943
-0.20038
-0.20139
-0.20227
-0.20334
-0.20416
-0.20526
-0.20596
-0.20718
-0.20782
-0.20892
-0.20972
-0.21063
-0.21161
-0.21231
-0.21341
-0.21402
-0.21515
-0.21570
-0.21683
-0.21747
-0.21838
-0.21921
-0.21991
-0.22086
-0.22159
-0.22235
-0.22321
-0.22394
-0.22467
-0.22559
-0.22614
-0.22708
-0.22766
-0.22852
-0.22919
-0.22992
-0.23062
-0.23145
-0.23190
-0.23288
-0.23334
-0.23419
-0.23477
-0.23553
-0.23602
-0.23691
-0.23737
-0.23816
-0.23874
-0.23935
-0.24002
-0.24057
-0.24130
-0.24182
-0.24246
-0.24304
-0.24362
-0.24426
-0.24481
-0.24533
-0.24600
-0.24646
-0.24716
-0.24756
-0.24817
-0.24875
-0.24921
-0.24979
-0.25031
-0.25076
-0.25137
-0.25180
-0.25232
-0.25287
-0.25327
-0.25385
-0.25424
-0.25473
-0.25531
-0.25558
-0.25623
-0.25259
-0.15979
0.13739
0.24518
0.19788
0.26837
0.21573
0.25574
0.22269
0.24530
0.22647
0.23959
0.22949
0.23743
0.23270
0.23788
0.23642
0.24030
0.24081
0.24414
0.24588
0.24890
0.25168
0.25449
0.25778
0.26071
0.26413
0.26730
0.27084
0.27396
0.27747
0.28073
0.28415
0.28729
0.29071
0.29361
0.29697
0.29971
0.30273
0.30545
0.30814
0.31070
0.31299
0.31537
0.31738
0.31940
0.32123
0.32281
0.32431
0.32565
0.32681
0.32779
0.32852
0.32928
0.32959
0.33005
0.33005
0.33002
0.32983
0.32935
0.32895
0.32800
0.32736
0.32608
0.32501
0.32364
0.32211
0.32040
0.31870
0.31671
0.31461
0.31247
0.31006
0.30774
0.30493
0.30246
0.29953
0.29672
0.29361
0.29062
0.28729
0.28421
0.28064
0.27740
0.27368
0.27029
0.26654
0.26285
0.25916
0.25528
0.25143
0.24759
0.24362
0.23962
0.23563
0.23163
0.22757
0.22357
0.21933
0.21536
0.21115
0.20715
0.20303
0.19882
0.19473
0.19070
0.18646
0.18256
0.17831
0.17441
0.17023
0.16626
0.16223
0.15833
0.15430
0.15042
0.14648
0.14264
0.13879
0.13501
0.13116
0.12753
0.12372
0.12015
0.11649
0.11279
0.10941
0.10577
0.10233
0.09888
0.09546
0.09216
0.08878
0.08551
0.08228
0.07910
0.07587
0.07288
0.06961
0.06671
0.06366
0.06067
0.05780
0.05487
0.05200
0.04919
0.04645
0.04367
0.04095
0.03833
0.03564
0.03305
0.03046
0.02795
0.02539
0.02298
0.02045
0.01813
0.01566
0.01334
0.01096
0.00873
0.00635
0.00415
0.00189
-0.00034
-0.00247
-0.00464
-0.00687
-0.00891
-0.01102
-0.01315
-0.01511
-0.01724
-0.01923
-0.02124
-0.02328
-0.02509
-0.02731
-0.02896
-0.03113
-0.03290
-0.03488
-0.03668
-0.03867
-0.04037
-0.04245
-0.04401
-0.04611
-0.04770
-0.04965
-0.05136
-0.05316
-0.05496
-0.05673
-0.05844
-0.06024
-0.06195
-0.06369
-0.06543
-0.06711
-0.06885
-0.07059
-0.07217
-0.07401
-0.07547
-0.07742
-0.07880
-0.08069
-0.08224
-0.08386
-0.08557
-0.08716
-0.08884
-0.09033
-0.09213
-0.09360
-0.09521
-0.09689
-0.09836
-0.10010
-0.10150
-0.10321
-0.10471
-0.10626
-0.10791
-0.10925
-0.11105
-0.11237
-0.11401
-0.11548
-0.11703
-0.11853
-0.12000
-0.12152
-0.12299
-0.12451
-0.12595
-0.12741
-0.12891
-0.13028
-0.13181
-0.13318
-0.13470
-0.13599
-0.13757
-0.13876
-0.14038
-0.14163
-0.14307
-0.14444
-0.14575
-0.14725
-0.14847
-0.14984
-0.15125
-0.15247
-0.15393
-0.15503
-0.15656
-0.15775
-0.15897
-0.16040
-0.16156
-0.16287
-0.16409
-0.16534
-0.16660
-0.16782
-0.16907
-0.17020
-0.17154
-0.17255
-0.17389
-0.17496
-0.17621
-0.17734
-0.17847
-0.17969
-0.18066
-0.18201
-0.18289
-0.18420
-0.18518
-0.18634
-0.18735
-0.18854
-0.18945
-0.19064
-0.19162
-0.19269
-0.19370
-0.19470
-0.19586
-0.19669
-0.19778
-0.19873
-0.19977
-0.20074
-0.20163
-0.20270
-0.20352
-0.20462
-0.20541
-0.20648
-0.20724
-0.20831
-0.20908
-0.21008
-0.21091
-0.21182
-0.21271
-0.21350
-0.21445
-0.21524
-0.21613
-0.21692
-0.21777
-0.21863
-0.21939
-0.22025
-0.22101
-0.22180
-0.22266
-0.22330
-0.22430
-0.22476
-0.22580
-0.22638
-0.22717
-0.22800
-0.22858
-0.22946
-0.23004
-0.23077
-0.23163
-0.23209
-0.23306
-0.23346
-0.23438
-0.23489
-0.23566
-0.23624
-0.23703
-0.23749
-0.23828
-0.23883
-0.23953
-0.24011
-0.24069
-0.24142
-0.24191
-0.24255
-0.24316
-0.24371
-0.24435
-0.24496
-0.24530
-0.24622
-0.24646
-0.24722
-0.24768
-0.24823
-0.24878
-0.24936
-0.24979
-0.25037
-0.25085
-0.25137
-0.25189
-0.25241
-0.25278
-0.25342
-0.25385
-0.25430
-0.25479
-0.25525
-0.25571
-0.25577
-0.22189
0.00510
0.25024
0.19559
0.25241
0.23459
0.23834
0.24005
0.23181
0.23892
0.23026
0.23740
0.23148
0.23706
0.23438
0.23834
0.23819
0.24127
0.24271
0.24554
0.24783
0.25079
0.25354
0.25665
0.25974
0.26303
0.26620
0.26962
0.27289
0.27631
0.27966
0.28296
0.28632
0.28952
0.29266
0.29590
0.29883
0.30173
0.30469
0.30722
0.30991
0.31238
0.31464
0.31686
0.31882
0.32074
0.32242
0.32401
0.32538
0.32654
0.32770
0.32849
0.32916
0.32983
0.33005
0.33035
0.33032
0.33011
0.32990
0.32932
0.32870
0.32788
0.32684
0.32578
0.32440
0.32306
0.32132
0.31973
0.31772
0.31580
0.31360
0.31125
0.30902
0.30627
0.30380
0.30096
0.29813
0.29514
0.29218
0.28882
0.28577
0.28241
0.27884
0.27560
0.27182
0.26843
0.26453
0.26096
0.25708
0.25330
0.24942
0.24545
0.24155
0.23746
0.23361
0.22940
0.22546
0.22134
0.21716
0.21320
0.20898
0.20499
0.20068
0.19678
0.19250
0.18848
0.18442
0.18027
0.17621
0.17221
0.16812
0.16415
0.16013
0.15616
0.15231
0.14828
0.14444
0.14063
0.13675
0.13300
0.12930
0.12543
0.12189
0.11816
0.11456
0.11108
0.10739
0.10406
0.10046
0.09714
0.09372
0.09036
0.08716
0.08377
0.08072
0.07730
0.07440
0.07120
0.06808
0.06522
0.06201
0.05930
0.05624
0.05341
0.05063
0.04776
0.04507
0.04227
0.03964
0.03699
0.03427
0.03183
0.02917
0.02670
0.02414
0.02173
0.01932
0.01688
0.01453
0.01208
0.00995
0.00745
0.00540
0.00293
0.00092
-0.00146
-0.00348
-0.00574
-0.00781
-0.00995
-0.01199
-0.01419
-0.01605
-0.01819
-0.02026
-0.02209
-0.02423
-0.02609
-0.02811
-0.03000
-0.03192
-0.03387
-0.03568
-0.03769
-0.03943
-0.04132
-0.04321
-0.04495
-0.04691
-0.04852
-0.05054
-0.05215
-0.05399
-0.05585
-0.05743
-0.05936
-0.06094
-0.06284
-0.06439
-0.06628
-0.06787
-0.06961
-0.07132
-0.07303
-0.07465
-0.07642
-0.07797
-0.07971
-0.08136
-0.08295
-0.08472
-0.08618
-0.08798
-0.08948
-0.09119
-0.09274
-0.09439
-0.09589
-0.09763
-0.09909
-0.10074
-0.10229
-0.10382
-0.10550
-0.10687
-0.10861
-0.10999
-0.11163
-0.11319
-0.11456
-0.11624
-0.11761
-0.11923
-0.12073
-0.12207
-0.12378
-0.12500
-0.12668
-0.12805
-0.12946
-0.13104
-0.13235
-0.13379
-0.13531
-0.13669
-0.13797
-0.13968
-0.14069
-0.14240
-0.14362
-0.14499
-0.14642
-0.14771
-0.14911
-0.15039
-0.15179
-0.15308
-0.15436
-0.15573
-0.15701
-0.15823
-0.15964
-0.16080
-0.16214
-0.16342
-0.16449
-0.16602
-0.16699
-0.16833
-0.16959
-0.17065
-0.17200
-0.17303
-0.17438
-0.17545
-0.17667
-0.17780
-0.17889
-0.18011
-0.18118
-0.18234
-0.18344
-0.18457
-0.18561
-0.18674
-0.18781
-0.18884
-0.19000
-0.19092
-0.19211
-0.19302
-0.19409
-0.19519
-0.19601
-0.19727
-0.19803
-0.19919
-0.20007
-0.20105
-0.20209
-0.20291
-0.20404
-0.20477
-0.20590
-0.20663
-0.20773
-0.20850
-0.20950
-0.21030
-0.21124
-0.21210
-0.21304
-0.21378
-0.21475
-0.21555
-0.21631
-0.21735
-0.21790
-0.21899
-0.21964
-0.22046
-0.22128
-0.22208
-0.22281
-0.22372
-0.22430
-0.22516
-0.22595
-0.22662
-0.22748
-0.22809
-0.22891
-0.22955
-0.23032
-0.23102
-0.23175
-0.23239
-0.23309
-0.23383
-0.23438
-0.23529
-0.23566
-0.23651
-0.23712
-0.23770
-0.23843
-0.23898
-0.23969
-0.24030
-0.24081
-0.24155
-0.24210
-0.24265
-0.24338
-0.24380
-0.24448
-0.24500
-0.24561
-0.24615
-0.24670
-0.24731
-0.24774
-0.24838
-0.24887
-0.24942
-0.24994
-0.25037
-0.25107
-0.25134
-0.25204
-0.25244
-0.25293
-0.25351
-0.25381
-0.25446
-0.25479
-0.25534
-0.25577
-0.24768
-0.11755
0.18628
0.22980
0.21240
0.26337
0.21793
0.25610
0.22165
0.24728
0.22504
0.24167
0.22855
0.23923
0.23233
0.23935
0.23660
0.24146
0.24146
0.24509
0.24677
0.24988
0.25256
0.25562
0.25867
0.26187
0.26498
0.26855
0.27170
0.27518
0.27838
0.28192
0.28503
0.28848
0.29156
0.29477
0.29782
0.30081
0.30359
0.30652
0.30893
0.31161
0.31390
0.31616
0.31824
0.32019
0.32190
0.32358
0.32507
0.32620
0.32755
0.32828
0.32919
0.32971
0.33017
0.33051
0.33041
0.33057
0.33005
0.32983
0.32916
0.32840
0.32748
0.32642
0.32516
0.32382
0.32227
0.32056
0.31882
0.31671
0.31476
0.31241
0.31012
0.30765
0.30502
0.30231
0.29950
0.29660
0.29352
0.29047
0.28723
0.28397
0.28052
0.27719
0.27347
0.27011
0.26627
0.26270
0.25885
0.25504
0.25119
0.24728
0.24335
0.23938
0.23532
0.23135
0.22723
0.22330
0.21899
0.21512
0.21078
0.20691
0.20264
0.19858
0.19440
0.19043
0.18613
0.18228
0.17801
0.17407
0.16992
0.16608
0.16183
0.15817
0.15384
0.15033
0.14603
0.14252
0.13846
0.13480
0.13092
0.12723
0.12354
0.11987
0.11624
0.11270
0.10901
0.10571
0.10205
0.09869
0.09531
0.09195
0.08859
0.08542
0.08209
0.07892
0.07581
0.07263
0.06955
0.06662
0.06351
0.06058
0.05768
0.05475
0.05194
0.04916
0.04630
0.04364
0.04089
0.03821
0.03564
0.03296
0.03049
0.02783
0.02545
0.02286
0.02051
0.01804
0.01569
0.01331
0.01099
0.00867
0.00632
0.00427
0.00183
-0.00031
-0.00241
-0.00473
-0.00674
-0.00885
-0.01108
-0.01294
-0.01529
-0.01700
-0.01932
-0.02109
-0.02328
-0.02505
-0.02719
-0.02896
-0.03101
-0.03287
-0.03482
-0.03659
-0.03860
-0.04031
-0.04230
-0.04404
-0.04593
-0.04767
-0.04953
-0.05130
-0.05313
-0.05478
-0.05673
-0.05829
-0.06018
-0.06189
-0.06354
-0.06537
-0.06705
-0.06870
-0.07053
-0.07205
-0.07385
-0.07553
-0.07712
-0.07889
-0.08044
-0.08224
-0.08362
-0.08560
-0.08694
-0.08881
-0.09018
-0.09204
-0.09341
-0.09521
-0.09674
-0.09824
-0.09998
-0.10141
-0.10309
-0.10455
-0.10623
-0.10764
-0.10934
-0.11072
-0.11240
-0.11377
-0.11545
-0.11685
-0.11841
-0.11987
-0.12143
-0.12280
-0.12445
-0.12573
-0.12735
-0.12872
-0.13019
-0.13165
-0.13309
-0.13446
-0.13593
-0.13736
-0.13876
-0.14008
-0.14163
-0.14276
-0.14441
-0.14563
-0.14700
-0.14841
-0.14966
-0.15109
-0.15234
-0.15372
-0.15500
-0.15628
-0.15762
-0.15887
-0.16019
-0.16144
-0.16269
-0.16394
-0.16519
-0.16647
-0.16760
-0.16888
-0.17010
-0.17123
-0.17252
-0.17361
-0.17487
-0.17599
-0.17715
-0.17831
-0.17947
-0.18054
-0.18176
-0.18280
-0.18390
-0.18509
-0.18604
-0.18729
-0.18826
-0.18933
-0.19043
-0.19141
-0.19254
-0.19348
-0.19461
-0.19547
-0.19669
-0.19745
-0.19861
-0.19958
-0.20041
-0.20160
-0.20233
-0.20346
-0.20432
-0.20526
-0.20621
-0.20709
-0.20801
-0.20898
-0.20975
-0.21082
-0.21155
-0.21243
-0.21341
-0.21411
-0.21515
-0.21576
-0.21683
-0.21750
-0.21841
-0.21915
-0.22006
-0.22073
-0.22162
-0.22244
-0.22302
-0.22409
-0.22458
-0.22552
-0.22620
-0.22690
-0.22778
-0.22833
-0.22925
-0.22974
-0.23065
-0.23126
-0.23199
-0.23267
-0.23334
-0.23410
-0.23459
-0.23550
-0.23593
-0.23679
-0.23724
-0.23807
-0.23856
-0.23929
-0.23987
-0.24048
-0.24109
-0.24176
-0.24219
-0.24307
-0.24332
-0.24417
-0.24460
-0.24524
-0.24576
-0.24637
-0.24686
-0.24741
-0.24805
-0.24847
-0.24905
-0.24957
-0.25003
-0.25070
-0.25098
-0.25171
-0.25208
-0.25259
-0.25305
-0.25360
-0.25403
-0.25455
-0.25491
-0.25549
-0.25464
-0.19958
0.06509
0.25580
0.19150
0.26456
0.22360
0.24860
0.23148
0.23914
0.23328
0.23526
0.23404
0.23483
0.23538
0.23651
0.23782
0.23972
0.24139
0.24390
0.24603
0.24887
0.25153
0.25452
0.25748
0.26080
0.26379
0.26727
0.27051
0.27390
0.27725
0.28061
0.28387
0.28732
0.29037
0.29367
0.29669
0.29974
0.30267
0.30542
0.30811
0.31073
0.31311
0.31540
0.31757
0.31952
0.32144
0.32300
0.32462
0.32599
0.32706
0.32822
0.32895
0.32971
0.33011
0.33054
0.33063
0.33066
0.33047
0.33005
0.32965
0.32880
0.32813
0.32697
0.32590
0.32449
0.32309
0.32141
0.31970
0.31772
0.31570
0.31357
0.31122
0.30875
0.30634
0.30350
0.30087
0.29788
0.29498
0.29181
0.28873
0.28546
0.28207
0.27872
0.27512
0.27164
0.26797
0.26431
0.26056
0.25677
0.25287
0.24905
0.24506
0.24118
0.23706
0.23318
0.22903
0.22507
0.22079
0.21698
0.21262
0.20868
0.20450
0.20032
0.19638
0.19208
0.18808
0.18399
0.17987
0.17581
0.17181
0.16776
0.16367
0.15982
0.15576
0.15186
0.14801
0.14404
0.14020
0.13647
0.13257
0.12897
0.12512
0.12152
0.11786
0.11423
0.11075
0.10712
0.10367
0.10025
0.09680
0.09348
0.09009
0.08685
0.08353
0.08041
0.07715
0.07413
0.07089
0.06799
0.06485
0.06192
0.05905
0.05600
0.05334
0.05026
0.04773
0.04477
0.04221
0.03940
0.03683
0.03418
0.03162
0.02908
0.02655
0.02399
0.02170
0.01910
0.01678
0.01443
0.01202
0.00974
0.00751
0.00516
0.00296
0.00073
-0.00146
-0.00363
-0.00574
-0.00797
-0.00995
-0.01215
-0.01410
-0.01624
-0.01825
-0.02020
-0.02228
-0.02420
-0.02612
-0.02817
-0.03006
-0.03195
-0.03387
-0.03577
-0.03766
-0.03946
-0.04141
-0.04315
-0.04504
-0.04684
-0.04865
-0.05045
-0.05222
-0.05405
-0.05573
-0.05759
-0.05927
-0.06104
-0.06277
-0.06448
-0.06619
-0.06793
-0.06961
-0.07132
-0.07300
-0.07471
-0.07632
-0.07806
-0.07965
-0.08142
-0.08292
-0.08466
-0.08630
-0.08786
-0.08957
-0.09106
-0.09283
-0.09427
-0.09604
-0.09744
-0.09921
-0.10062
-0.10236
-0.10382
-0.10535
-0.10699
-0.10849
-0.11005
-0.11160
-0.11307
-0.11469
-0.11609
-0.11771
-0.11911
-0.12070
-0.12216
-0.12354
-0.12521
-0.12643
-0.12811
-0.12943
-0.13095
-0.13235
-0.13379
-0.13522
-0.13660
-0.13812
-0.13934
-0.14090
-0.14224
-0.14352
-0.14508
-0.14627
-0.14774
-0.14899
-0.15045
-0.15164
-0.15302
-0.15439
-0.15561
-0.15698
-0.15823
-0.15952
-0.16077
-0.16211
-0.16324
-0.16464
-0.16568
-0.16718
-0.16809
-0.16965
-0.17047
-0.17200
-0.17297
-0.17426
-0.17545
-0.17645
-0.17783
-0.17877
-0.18005
-0.18112
-0.18222
-0.18335
-0.18454
-0.18546
-0.18674
-0.18762
-0.18884
-0.18985
-0.19086
-0.19199
-0.19290
-0.19409
-0.19492
-0.19617
-0.19690
-0.19818
-0.19885
-0.20007
-0.20099
-0.20184
-0.20297
-0.20374
-0.20483
-0.20569
-0.20654
-0.20764
-0.20831
-0.20944
-0.21017
-0.21112
-0.21198
-0.21292
-0.21362
-0.21463
-0.21539
-0.21625
-0.21710
-0.21793
-0.21872
-0.21954
-0.22037
-0.22107
-0.22202
-0.22269
-0.22348
-0.22424
-0.22504
-0.22583
-0.22644
-0.22733
-0.22797
-0.22876
-0.22943
-0.23016
-0.23083
-0.23163
-0.23227
-0.23291
-0.23367
-0.23431
-0.23489
-0.23584
-0.23608
-0.23709
-0.23755
-0.23819
-0.23898
-0.23941
-0.24014
-0.24075
-0.24127
-0.24203
-0.24246
-0.24319
-0.24365
-0.24435
-0.24478
-0.24551
-0.24591
-0.24661
-0.24704
-0.24765
-0.24820
-0.24872
-0.24918
-0.24985
-0.25015
-0.25092
-0.25116
-0.25189
-0.25226
-0.25278
-0.25323
-0.25375
-0.25415
-0.25476
-0.25504
-0.25558
-0.23932
-0.06738
0.22348
0.21295
0.23041
0.25275
0.22504
0.25177
0.22421
0.24588
0.22607
0.24142
0.22922
0.23932
0.23309
0.23953
0.23752
0.24173
0.24240
0.24554
0.24771
0.25052
0.25342
0.25632
0.25958
0.26260
0.26605
0.26920
0.27271
0.27591
0.27942
0.28262
0.28595
0.28934
0.29242
0.29556
0.29865
0.30154
0.30438
0.30728
0.30960
0.31235
0.31458
0.31680
0.31882
0.32083
0.32245
0.32419
0.32544
0.32681
0.32785
0.32880
0.32950
0.33011
0.33051
0.33069
0.33081
0.33063
0.33038
0.32990
0.32938
0.32840
0.32767
0.32639
0.32526
0.32376
0.32224
0.32050
0.31863
0.31671
0.31451
0.31235
0.30991
0.30737
0.30484
0.30203
0.29926
0.29630
0.29324
0.29013
0.28680
0.28369
0.28012
0.27676
0.27319
0.26959
0.26590
0.26227
0.25836
0.25464
0.25070
0.24683
0.24286
0.23895
0.23483
0.23083
0.22684
0.22266
0.21866
0.21451
0.21042
0.20627
0.20224
0.19800
0.19400
0.18982
0.18576
0.18164
0.17764
0.17346
0.16962
0.16537
0.16159
0.15744
0.15366
0.14960
0.14584
0.14185
0.13815
0.13428
0.13049
0.12689
0.12299
0.11951
0.11584
0.11224
0.10870
0.10522
0.10168
0.09842
0.09479
0.09171
0.08817
0.08514
0.08163
0.07874
0.07532
0.07245
0.06918
0.06628
0.06323
0.06033
0.05728
0.05466
0.05148
0.04898
0.04602
0.04340
0.04059
0.03809
0.03528
0.03287
0.03015
0.02765
0.02521
0.02267
0.02029
0.01785
0.01547
0.01306
0.01089
0.00845
0.00620
0.00400
0.00171
-0.00043
-0.00266
-0.00476
-0.00696
-0.00906
-0.01111
-0.01318
-0.01535
-0.01721
-0.01941
-0.02121
-0.02341
-0.02521
-0.02728
-0.02911
-0.03107
-0.03308
-0.03479
-0.03687
-0.03851
-0.04065
-0.04221
-0.04425
-0.04596
-0.04785
-0.04959
-0.05145
-0.05310
-0.05502
-0.05667
-0.05859
-0.06006
-0.06207
-0.06363
-0.06546
-0.06708
-0.06891
-0.07047
-0.07224
-0.07391
-0.07553
-0.07733
-0.07889
-0.08054
-0.08224
-0.08389
-0.08545
-0.08725
-0.08862
-0.09048
-0.09195
-0.09363
-0.09518
-0.09677
-0.09836
-0.10010
-0.10138
-0.10321
-0.10461
-0.10623
-0.10776
-0.10941
-0.11075
-0.11246
-0.11389
-0.11539
-0.11703
-0.11835
-0.12003
-0.12143
-0.12289
-0.12445
-0.12582
-0.12738
-0.12878
-0.13022
-0.13174
-0.13306
-0.13458
-0.13593
-0.13742
-0.13879
-0.14011
-0.14169
-0.14279
-0.14447
-0.14563
-0.14703
-0.14847
-0.14963
-0.15118
-0.15234
-0.15375
-0.15503
-0.15628
-0.15768
-0.15887
-0.16025
-0.16135
-0.16281
-0.16388
-0.16528
-0.16638
-0.16776
-0.16879
-0.17014
-0.17133
-0.17239
-0.17380
-0.17471
-0.17609
-0.17715
-0.17828
-0.17953
-0.18045
-0.18185
-0.18265
-0.18408
-0.18497
-0.18604
-0.18735
-0.18805
-0.18954
-0.19022
-0.19156
-0.19238
-0.19357
-0.19446
-0.19559
-0.19650
-0.19760
-0.19852
-0.19949
-0.20047
-0.20148
-0.20239
-0.20337
-0.20432
-0.20523
-0.20612
-0.20712
-0.20798
-0.20886
-0.20984
-0.21060
-0.21161
-0.21240
-0.21329
-0.21414
-0.21500
-0.21585
-0.21667
-0.21747
-0.21838
-0.21909
-0.22000
-0.22067
-0.22156
-0.22235
-0.22305
-0.22391
-0.22458
-0.22543
-0.22614
-0.22687
-0.22760
-0.22839
-0.22903
-0.22983
-0.23050
-0.23123
-0.23181
-0.23273
-0.23318
-0.23401
-0.23459
-0.23538
-0.23584
-0.23672
-0.23718
-0.23795
-0.23846
-0.23926
-0.23969
-0.24045
-0.24100
-0.24161
-0.24219
-0.24289
-0.24332
-0.24402
-0.24457
-0.24506
-0.24582
-0.24609
-0.24692
-0.24725
-0.24792
-0.24841
-0.24899
-0.24942
-0.25000
-0.25049
-0.25107
-0.25146
-0.25201
-0.25250
-0.25299
-0.25345
-0.25400
-0.25433
-0.25491
-0.25531
-0.25272
-0.16913
0.12296
0.24930
0.19608
0.26926
0.21725
0.25555
0.22467
0.24506
0.22827
0.23953
0.23102
0.23755
0.23395
0.23819
0.23743
0.24075
0.24167
0.24463
0.24664
0.24954
0.25220
0.25522
0.25827
0.26144
0.26471
0.26794
0.27133
0.27463
0.27808
0.28128
0.28482
0.28790
0.29126
0.29428
0.29749
0.30042
0.30334
0.30606
0.30884
0.31119
0.31384
0.31580
0.31827
0.31992
0.32193
0.32355
0.32495
0.32635
0.32755
0.32843
0.32935
0.32993
0.33035
0.33081
0.33072
0.33087
0.33051
0.33020
0.32968
0.32886
0.32803
0.32703
0.32574
0.32449
0.32285
0.32141
0.31943
0.31760
0.31549
0.31323
0.31107
0.30841
0.30603
0.30325
0.30038
0.29767
0.29446
0.29153
0.28830
0.28494
0.28171
0.27817
0.27472
0.27115
0.26752
0.26376
0.26007
0.25620
0.25241
0.24850
0.24448
0.24069
0.23642
0.23273
0.22839
0.22449
0.22037
0.21622
0.21219
0.20804
0.20389
0.19983
0.19568
0.19165
0.18744
0.18338
0.17932
0.17526
0.17120
0.16721
0.16318
0.15921
0.15518
0.15140
0.14737
0.14352
0.13977
0.13580
0.13223
0.12830
0.12469
0.12100
0.11740
0.11374
0.11023
0.10666
0.10324
0.09982
0.09622
0.09317
0.08954
0.08646
0.08319
0.07983
0.07690
0.07358
0.07062
0.06754
0.06448
0.06155
0.05872
0.05560
0.05298
0.04996
0.04733
0.04453
0.04178
0.03918
0.03644
0.03394
0.03128
0.02872
0.02631
0.02368
0.02142
0.01880
0.01657
0.01407
0.01184
0.00946
0.00723
0.00491
0.00272
0.00049
-0.00168
-0.00391
-0.00595
-0.00818
-0.01022
-0.01230
-0.01437
-0.01645
-0.01840
-0.02045
-0.02252
-0.02432
-0.02643
-0.02835
-0.03015
-0.03232
-0.03394
-0.03604
-0.03778
-0.03970
-0.04153
-0.04340
-0.04520
-0.04700
-0.04886
-0.05060
-0.05243
-0.05414
-0.05600
-0.05765
-0.05954
-0.06110
-0.06299
-0.06458
-0.06650
-0.06796
-0.06982
-0.07147
-0.07315
-0.07489
-0.07642
-0.07831
-0.07971
-0.08160
-0.08307
-0.08481
-0.08643
-0.08801
-0.08972
-0.09119
-0.09302
-0.09436
-0.09619
-0.09763
-0.09933
-0.10071
-0.10260
-0.10382
-0.10565
-0.10706
-0.10864
-0.10986
-0.11102
-0.11227
-0.11340
-0.11459
-0.11566
-0.11694
-0.11786
-0.11911
-0.12015
-0.12115
-0.12231
-0.12326
-0.12430
-0.12537
-0.12622
-0.12735
-0.12817
-0.12918
-0.13000
-0.13104
-0.13177
-0.13278
-0.13351
-0.13437
-0.13522
-0.13599
-0.13669
-0.13763
-0.13818
-0.13898
-0.13971
-0.14032
-0.14108
-0.14163
-0.14233
-0.14291
-0.14355
-0.14404
-0.14471
-0.14517
-0.14572
-0.14627
-0.14670
-0.14706
-0.14725
-0.14755
-0.14774
-0.14801
-0.14810
-0.14844
-0.14844
-0.14868
-0.14877
-0.14886
-0.14899
-0.14908
-0.14905
-0.14920
-0.14914
-0.14917
-0.14920
-0.14908
-0.14914
-0.14902
-0.14896
-0.14893
-0.14871
-0.14871
-0.14850
-0.14832
-0.14832
-0.14795
-0.14789
-0.14764
-0.14737
-0.14728
-0.14688
-0.14676
-0.14636
-0.14618
-0.14587
-0.14554
-0.14523
-0.14487
-0.14462
-0.14420
-0.14386
-0.14346
-0.14285
-0.14258
-0.14188
-0.14154
-0.14096
-0.14044
-0.14008
-0.13925
-0.13901
-0.13824
-0.13785
-0.13721
-0.13666
-0.13611
-0.13544
-0.13495
-0.13431
-0.13373
-0.13306
-0.13260
-0.13174
-0.13132
-0.13058
-0.12994
-0.12943
-0.12863
-0.12799
-0.12747
-0.12665
-0.12610
-0.12534
-0.12479
-0.12393
-0.12347
-0.12259
-0.12204
-0.12125
-0.12064
-0.11987
-0.11926
-0.11844
-0.11786
-0.11710
-0.11630
-0.11569
-0.11475
-0.11426
-0.11322
-0.11273
-0.11176
-0.11111
-0.11041
-0.10947
-0.10895
-0.10788
-0.10751
-0.10635
-0.10590
-0.10495
-0.10428
-0.10349
-0.10269
-0.10190
-0.08951
-0.00552
0.09396
0.07498
0.09363
0.08939
0.08786
0.09018
0.08496
0.08862
0.08389
0.08707
0.08386
0.08609
0.08444
0.08578
0.08539
0.08624
0.08649
0.08728
0.08783
0.08868
0.08948
0.09030
0.09125
0.09210
0.09311
0.09399
0.09500
0.09595
0.09698
0.09787
0.09885
0.09973
0.10068
-0.00006
0.00085
0.00146
0.00238
0.00308
0.00391
0.00464
0.00552
0.00616
0.00717
0.00766
0.00870
0.00934
0.01013
0.01083
0.01172
0.01221
0.01324
0.01361
0.01462
0.01501
0.01590
0.01636
0.01712
0.01767
0.01819
0.01880
0.01938
0.01987
0.02029
0.02084
0.02121
0.02173
0.02200
0.02249
0.02271
0.02316
0.02332
0.02368
0.02390
0.02408
0.02435
0.02441
0.02463
0.02472
0.02481
0.02490
0.02490
0.02502
0.02493
0.02490
0.02496
0.02478
0.02481
0.02466
0.02451
0.02441
0.02426
0.02408
0.02390
0.02368
0.02344
0.02325
0.02304
0.02261
0.02261
0.02203
0.02200
0.02155
0.02130
0.02097
0.02057
0.02039
0.01990
0.01965
0.01926
0.01190
0.01160
0.01160
0.01111
0.01105
0.01071
0.01041
0.01028
0.00989
0.00967
0.00934
0.00909
0.00879
0.00848
0.00821
0.00790
0.00760
0.00732
0.00702
0.00668
0.00647
0.00613
0.00586
0.00555
0.00534
0.00497
0.00482
0.00446
0.00421
0.00406
0.00372
0.00351
0.00330
0.00305
0.00287
0.00269
0.00244
0.00223
0.00220
0.00183
0.00183
0.00159
0.00140
0.00140
0.00110
0.00119
0.00085
0.00095
0.00073
0.00067
0.00064
0.00049
0.00052
0.00037
0.00043
0.00031
0.00024
0.00037
0.00015
0.00027
0.00024
0.00015
0.00031
0.00021
0.00024
0.00031
0.00031
0.00031
0.00043
0.00037
0.00046
0.00055
0.00049
0.00064
0.00064
0.00070
0.00082
0.00076
0.00101
0.00082
0.00119
0.00101
0.00119
0.00131
0.00125
0.00150
0.00140
0.00159
0.00159
0.00174
0.00180
0.00183
0.00189
0.00204
0.00201
0.00220
0.00217
0.00229
0.00235
0.00238
0.00253
0.00250
0.00266
0.00259
0.00284
0.00269
0.00293
0.00281
0.00305
0.00293
0.00311
0.00305
0.00314
0.00323
0.00317
0.00333
0.00327
0.00336
0.00336
0.00339
0.00345
0.00348
0.00345
0.00354
0.00357
0.00348
0.00360
0.00363
0.00357
0.00366
0.00360
0.00363
0.00372
0.00357
0.00375
0.00360
0.00372
0.00369
0.00363
0.00372
0.00363
0.00375
0.00363
0.00366
0.00372
0.00357
0.00378
0.00354
0.00369
0.00360
0.00363
0.00360
0.00357
0.00369
0.00342
0.00369
0.00345
0.00363
0.00342
0.00360
0.00342
0.00354
0.00345
0.00336
0.00363
0.00320
0.00360
0.00327
0.00342
0.00336
0.00336
0.00333
0.00327
0.00339
0.00320
0.00336
0.00317
0.00333
0.00314
0.00333
0.00314
0.00320
0.00320
0.00314
0.00320
0.00314
0.00311
0.00317
0.00308
0.00311
0.00311
0.00308
0.00311
0.00302
0.00308
0.00308
0.00299
0.00305
0.00305
