0.00000
0.00000
-0.00003
0.00006
0.00000
0.00006
0.00012
0.00018
0.00043
0.00055
0.00085
0.00113
0.00150
0.00204
0.00244
0.00308
0.00378
0.00436
0.00534
0.00604
0.00702
0.00806
0.00897
0.01025
0.01120
0.01266
0.01361
0.01526
0.01624
0.01797
0.01907
0.02078
0.02213
0.02371
0.02521
0.02679
0.02847
0.02994
0.03174
0.03329
0.03500
0.03668
0.03836
0.04019
0.04184
0.04352
0.04532
0.04718
0.04861
0.05090
0.05212
0.05441
0.05579
0.05786
0.05948
0.06143
0.06326
0.06467
0.06729
0.06802
0.07080
0.07126
0.07333
0.07324
0.07510
0.07510
0.07678
0.07764
0.07761
0.08035
0.07904
0.07834
0.04996
-0.03271
-0.12460
-0.10498
-0.09375
-0.12790
-0.10815
-0.12027
-0.11676
-0.11203
-0.11438
-0.10333
-0.10547
-0.09454
-0.09357
-0.08548
-0.08102
-0.07648
-0.06970
-0.06732
-0.06033
-0.05914
-0.05264
-0.05197
-0.04678
-0.04590
-0.04248
-0.04102
-0.03922
-0.03741
-0.03665
-0.03455
-0.03470
-0.03253
-0.03293
-0.03107
-0.03119
-0.02997
-0.02942
-0.02893
-0.02777
-0.02786
-0.02603
-0.02652
-0.02451
-0.02466
-0.02307
-0.02267
-0.02145
-0.02051
-0.01974
-0.01819
-0.01801
-0.01587
-0.01593
-0.01373
-0.01361
-0.01169
-0.01114
-0.00964
-0.00876
-0.00754
-0.00626
-0.00549
-0.00381
-0.00333
-0.00153
-0.00113
0.00073
0.00119
0.00287
0.00360
0.00473
0.00616
0.00665
0.00854
0.00876
0.01077
0.01102
0.01282
0.01334
0.01489
0.01572
0.01675
0.01822
0.01880
0.02039
0.02097
0.02261
0.02313
0.02478
0.02533
0.02686
0.02774
0.02881
0.03009
0.03091
0.03235
0.03296
0.03467
0.03510
0.03680
0.03745
0.03879
0.03983
0.04077
0.04211
0.04285
0.04456
0.04480
0.04688
0.04700
0.04892
0.04941
0.05090
0.05179
0.05301
0.05402
0.05496
0.05661
0.05673
0.05902
0.05893
0.06113
0.06122
0.06311
0.06369
0.06506
0.06622
0.06668
0.06894
0.06860
0.07108
0.07086
0.07336
0.07297
0.07535
0.07520
0.07742
0.07819
0.07837
0.07623
0.03766
-0.05676
-0.12961
-0.09406
-0.10419
-0.12607
-0.10651
-0.12366
-0.11298
-0.11377
-0.11111
-0.10394
-0.10327
-0.09338
-0.09265
-0.08325
-0.08090
-0.07404
-0.06952
-0.06558
-0.05991
-0.05774
-0.05215
-0.05127
-0.04587
-0.04584
-0.04138
-0.04126
-0.03827
-0.03748
-0.03610
-0.03467
-0.03427
-0.03241
-0.03281
-0.03079
-0.03125
-0.02960
-0.02960
-0.02850
-0.02789
-0.02728
-0.02634
-0.02603
-0.02435
-0.02472
-0.02249
-0.02283
-0.02090
-0.02063
-0.01917
-0.01846
-0.01715
-0.01614
-0.01538
-0.01358
-0.01340
-0.01129
-0.01114
-0.00909
-0.00876
-0.00705
-0.00626
-0.00504
-0.00369
-0.00308
-0.00116
-0.00098
0.00107
0.00128
0.00330
0.00363
0.00531
0.00607
0.00717
0.00864
0.00912
0.01086
0.01138
0.01303
0.01355
0.01517
0.01581
0.01730
0.01804
0.01935
0.02048
0.02127
0.02286
0.02328
0.02509
0.02557
0.02713
0.02789
0.02917
0.03024
0.03116
0.03265
0.03317
0.03500
0.03519
0.03726
0.03741
0.03934
0.03973
0.04138
0.04208
0.04340
0.04431
0.04553
0.04675
0.04745
0.04919
0.04947
0.05136
0.05179
0.05341
0.05420
0.05539
0.05655
0.05728
0.05914
0.05908
0.06155
0.06128
0.06357
0.06369
0.06549
0.06613
0.06763
0.06848
0.06921
0.07141
0.07086
0.07367
0.07318
0.07590
0.07526
0.07785
0.07727
0.07956
0.07019
0.01913
-0.08261
-0.13165
-0.08600
-0.11392
-0.12308
-0.10651
-0.12665
-0.10852
-0.11649
-0.10800
-0.10370
-0.10162
-0.09198
-0.09189
-0.08072
-0.08121
-0.07074
-0.07050
-0.06241
-0.06058
-0.05557
-0.05231
-0.04953
-0.04602
-0.04471
-0.04123
-0.04068
-0.03787
-0.03732
-0.03555
-0.03464
-0.03384
-0.03262
-0.03232
-0.03079
-0.03116
-0.02921
-0.02985
-0.02795
-0.02820
-0.02682
-0.02640
-0.02554
-0.02460
-0.02414
-0.02255
-0.02255
-0.02060
-0.02060
-0.01874
-0.01834
-0.01691
-0.01596
-0.01492
-0.01361
-0.01291
-0.01123
-0.01071
-0.00900
-0.00842
-0.00674
-0.00610
-0.00461
-0.00372
-0.00247
-0.00125
-0.00046
0.00113
0.00177
0.00339
0.00385
0.00568
0.00613
0.00775
0.00851
0.00967
0.01093
0.01169
0.01324
0.01379
0.01550
0.01593
0.01767
0.01813
0.01981
0.02051
0.02170
0.02295
0.02368
0.02527
0.02576
0.02753
0.02786
0.02979
0.03003
0.03189
0.03244
0.03375
0.03491
0.03580
0.03723
0.03778
0.03958
0.03986
0.04184
0.04211
0.04382
0.04456
0.04575
0.04684
0.04794
0.04916
0.04987
0.05161
0.05194
0.05380
0.05414
0.05597
0.05646
0.05804
0.05875
0.05984
0.06149
0.06158
0.06393
0.06378
0.06598
0.06601
0.06815
0.06836
0.07022
0.07083
0.07172
0.07379
0.07324
0.07614
0.07553
0.07849
0.07730
0.07892
0.06308
0.00235
-0.10236
-0.12155
-0.08536
-0.12473
-0.11298
-0.11377
-0.12286
-0.10843
-0.11783
-0.10385
-0.10623
-0.09753
-0.09332
-0.08865
-0.08148
-0.07874
-0.07068
-0.06903
-0.06165
-0.05988
-0.05457
-0.05188
-0.04892
-0.04547
-0.04413
-0.04080
-0.04053
-0.03717
-0.03757
-0.03467
-0.03503
-0.03305
-0.03287
-0.03177
-0.03110
-0.03055
-0.02939
-0.02951
-0.02780
-0.02814
-0.02646
-0.02646
-0.02515
-0.02457
-0.02368
-0.02264
-0.02206
-0.02057
-0.02029
-0.01843
-0.01828
-0.01636
-0.01608
-0.01434
-0.01373
-0.01224
-0.01129
-0.01031
-0.00873
-0.00830
-0.00635
-0.00604
-0.00412
-0.00369
-0.00201
-0.00131
0.00012
0.00113
0.00204
0.00366
0.00415
0.00589
0.00632
0.00815
0.00848
0.01031
0.01083
0.01221
0.01331
0.01416
0.01559
0.01633
0.01779
0.01843
0.02008
0.02060
0.02216
0.02298
0.02411
0.02530
0.02628
0.02747
0.02838
0.02988
0.03030
0.03220
0.03253
0.03424
0.03494
0.03619
0.03729
0.03836
0.03952
0.04031
0.04199
0.04233
0.04422
0.04456
0.04626
0.04697
0.04819
0.04932
0.05029
0.05173
0.05219
0.05414
0.05429
0.05627
0.05661
0.05832
0.05899
0.06033
0.06125
0.06229
0.06390
0.06403
0.06641
0.06613
0.06851
0.06839
0.07059
0.07086
0.07260
0.07330
0.07407
0.07639
0.07535
0.07877
0.07767
0.07877
0.05447
-0.02203
-0.12091
-0.10965
-0.09003
-0.12866
-0.10825
-0.11975
-0.11774
-0.11081
-0.11575
-0.10269
-0.10645
-0.09445
-0.09393
-0.08588
-0.08133
-0.07657
-0.07040
-0.06738
-0.06076
-0.05930
-0.05304
-0.05200
-0.04739
-0.04562
-0.04318
-0.04065
-0.03976
-0.03711
-0.03720
-0.03430
-0.03506
-0.03250
-0.03305
-0.03125
-0.03116
-0.03021
-0.02957
-0.02899
-0.02786
-0.02798
-0.02612
-0.02658
-0.02463
-0.02475
-0.02319
-0.02267
-0.02161
-0.02063
-0.01984
-0.01834
-0.01794
-0.01620
-0.01581
-0.01410
-0.01349
-0.01193
-0.01120
-0.00983
-0.00867
-0.00793
-0.00607
-0.00586
-0.00381
-0.00348
-0.00171
-0.00107
0.00037
0.00128
0.00244
0.00378
0.00439
0.00620
0.00656
0.00833
0.00876
0.01059
0.01086
0.01282
0.01318
0.01471
0.01566
0.01663
0.01801
0.01874
0.02032
0.02078
0.02249
0.02304
0.02463
0.02533
0.02661
0.02771
0.02866
0.02997
0.03070
0.03241
0.03265
0.03470
0.03491
0.03668
0.03735
0.03860
0.03983
0.04071
0.04202
0.04269
0.04446
0.04477
0.04660
0.04706
0.04868
0.04941
0.05060
0.05179
0.05267
0.05423
0.05450
0.05673
0.05658
0.05884
0.05887
0.06091
0.06131
0.06284
0.06366
0.06473
0.06631
0.06647
0.06888
0.06851
0.07104
0.07071
0.07318
0.07309
0.07538
0.07547
0.07666
0.07867
0.07745
0.07639
0.04309
-0.04556
-0.12778
-0.09839
-0.09927
-0.12708
-0.10724
-0.12195
-0.11487
-0.11301
-0.11227
-0.10370
-0.10410
-0.09396
-0.09280
-0.08438
-0.08063
-0.07529
-0.06931
-0.06650
-0.06000
-0.05844
-0.05215
-0.05176
-0.04611
-0.04602
-0.04175
-0.04120
-0.03867
-0.03745
-0.03622
-0.03464
-0.03452
-0.03247
-0.03284
-0.03098
-0.03122
-0.02975
-0.02960
-0.02872
-0.02792
-0.02756
-0.02612
-0.02637
-0.02435
-0.02472
-0.02274
-0.02280
-0.02109
-0.02066
-0.01935
-0.01837
-0.01761
-0.01593
-0.01569
-0.01367
-0.01343
-0.01151
-0.01114
-0.00937
-0.00873
-0.00720
-0.00632
-0.00522
-0.00372
-0.00327
-0.00131
-0.00107
0.00095
0.00122
0.00302
0.00360
0.00507
0.00607
0.00699
0.00851
0.00909
0.01071
0.01126
0.01297
0.01340
0.01508
0.01578
0.01700
0.01822
0.01898
0.02051
0.02112
0.02277
0.02313
0.02512
0.02524
0.02725
0.02759
0.02917
0.03006
0.03107
0.03241
0.03317
0.03476
0.03519
0.03708
0.03729
0.03922
0.03967
0.04117
0.04214
0.04318
0.04446
0.04514
0.04688
0.04709
0.04929
0.04916
0.05142
0.05161
0.05319
0.05414
0.05518
0.05661
0.05698
0.05917
0.05896
0.06134
0.06125
0.06345
0.06357
0.06543
0.06595
0.06726
0.06876
0.06879
0.07144
0.07092
0.07349
0.07309
0.07571
0.07556
0.07794
0.07764
0.07898
0.07373
0.02924
-0.06903
-0.13162
-0.08963
-0.10861
-0.12500
-0.10562
-0.12592
-0.11032
-0.11533
-0.10983
-0.10355
-0.10284
-0.09222
-0.09290
-0.08154
-0.08145
-0.07211
-0.07025
-0.06393
-0.06021
-0.05673
-0.05234
-0.05032
-0.04599
-0.04532
-0.04123
-0.04108
-0.03799
-0.03735
-0.03592
-0.03445
-0.03412
-0.03241
-0.03265
-0.03061
-0.03140
-0.02917
-0.02988
-0.02811
-0.02811
-0.02710
-0.02631
-0.02585
-0.02438
-0.02444
-0.02255
-0.02264
-0.02072
-0.02069
-0.01877
-0.01855
-0.01685
-0.01624
-0.01501
-0.01361
-0.01318
-0.01120
-0.01096
-0.00903
-0.00854
-0.00693
-0.00613
-0.00479
-0.00369
-0.00284
-0.00107
-0.00085
0.00116
0.00146
0.00342
0.00366
0.00562
0.00589
0.00766
0.00845
0.00949
0.01093
0.01147
0.01328
0.01355
0.01547
0.01578
0.01758
0.01807
0.01959
0.02048
0.02151
0.02283
0.02362
0.02512
0.02567
0.02737
0.02783
0.02954
0.03009
0.03162
0.03247
0.03351
0.03482
0.03561
0.03723
0.03754
0.03961
0.03961
0.04178
0.04202
0.04361
0.04459
0.04562
0.04681
0.04767
0.04922
0.04965
0.05154
0.05182
0.05365
0.05414
0.05560
0.05658
0.05765
0.05902
0.05942
0.06155
0.06143
0.06372
0.06378
0.06573
0.06610
0.06781
0.06830
0.06979
0.07111
0.07132
0.07382
0.07339
0.07593
0.07547
0.07834
0.07794
0.07980
0.06616
0.01016
-0.09253
-0.12573
-0.08453
-0.12036
-0.11758
-0.10995
-0.12491
-0.10809
-0.11749
-0.10577
-0.10501
-0.09976
-0.09259
-0.09024
-0.08118
-0.07999
-0.07074
-0.06979
-0.06198
-0.06030
-0.05502
-0.05212
-0.04926
-0.04587
-0.04440
-0.04099
-0.04062
-0.03757
-0.03738
-0.03522
-0.03473
-0.03348
-0.03259
-0.03207
-0.03085
-0.03098
-0.02911
-0.02979
-0.02780
-0.02817
-0.02664
-0.02646
-0.02533
-0.02463
-0.02383
-0.02261
-0.02234
-0.02051
-0.02045
-0.01868
-0.01816
-0.01675
-0.01590
-0.01468
-0.01367
-0.01260
-0.01120
-0.01059
-0.00876
-0.00836
-0.00653
-0.00607
-0.00436
-0.00363
-0.00223
-0.00128
-0.00021
0.00128
0.00174
0.00354
0.00409
0.00568
0.00632
0.00784
0.00858
0.00995
0.01096
0.01190
0.01337
0.01392
0.01566
0.01602
0.01788
0.01819
0.02002
0.02051
0.02197
0.02295
0.02390
0.02533
0.02600
0.02759
0.02805
0.02991
0.03015
0.03210
0.03244
0.03409
0.03485
0.03601
0.03720
0.03806
0.03967
0.04001
0.04193
0.04224
0.04398
0.04462
0.04602
0.04700
0.04810
0.04926
0.05002
0.05179
0.05197
0.05405
0.05417
0.05618
0.05649
0.05811
0.05899
0.06009
0.06134
0.06204
0.06384
0.06393
0.06616
0.06604
0.06842
0.06836
0.07025
0.07074
0.07217
0.07364
0.07358
0.07657
0.07556
0.07864
0.07758
0.07965
0.06134
-0.00818
-0.11334
-0.11533
-0.08640
-0.12762
-0.10922
-0.11765
-0.12006
-0.10947
-0.11713
-0.10281
-0.10703
-0.09555
-0.09418
-0.08704
-0.08182
-0.07736
-0.07083
-0.06818
-0.06140
-0.05945
-0.05405
-0.05176
-0.04840
-0.04535
-0.04395
-0.04062
-0.04031
-0.03693
-0.03760
-0.03433
-0.03522
-0.03259
-0.03308
-0.03137
-0.03113
-0.03027
-0.02951
-0.02921
-0.02783
-0.02805
-0.02618
-0.02664
-0.02478
-0.02469
-0.02347
-0.02261
-0.02188
-0.02048
-0.02014
-0.01837
-0.01813
-0.01627
-0.01593
-0.01419
-0.01361
-0.01218
-0.01114
-0.01016
-0.00864
-0.00812
-0.00623
-0.00580
-0.00412
-0.00345
-0.00195
-0.00104
0.00024
0.00119
0.00232
0.00366
0.00427
0.00598
0.00650
0.00821
0.00870
0.01028
0.01102
0.01236
0.01337
0.01434
0.01575
0.01645
0.01791
0.01855
0.02026
0.02066
0.02237
0.02295
0.02441
0.02536
0.02637
0.02765
0.02859
0.02988
0.03055
0.03232
0.03259
0.03448
0.03497
0.03635
0.03748
0.03827
0.03976
0.04037
0.04218
0.04236
0.04443
0.04459
0.04654
0.04691
0.04855
0.04935
0.05057
0.05161
0.05255
0.05420
0.05432
0.05658
0.05655
0.05862
0.05890
0.06061
0.06131
0.06262
0.06384
0.06424
0.06659
0.06607
0.06876
0.06845
0.07080
0.07080
0.07275
0.07291
0.07495
0.07578
0.07617
0.07907
0.07794
0.07730
0.04843
-0.03476
-0.12537
-0.10434
-0.09451
-0.12787
-0.10797
-0.12039
-0.11636
-0.11203
-0.11386
-0.10324
-0.10504
-0.09424
-0.09326
-0.08524
-0.08069
-0.07620
-0.06943
-0.06714
-0.06012
-0.05902
-0.05240
-0.05200
-0.04651
-0.04602
-0.04227
-0.04102
-0.03925
-0.03729
-0.03674
-0.03448
-0.03476
-0.03244
-0.03302
-0.03104
-0.03122
-0.02994
-0.02954
-0.02878
-0.02802
-0.02768
-0.02612
-0.02649
-0.02448
-0.02475
-0.02298
-0.02267
-0.02139
-0.02063
-0.01950
-0.01846
-0.01770
-0.01605
-0.01578
-0.01382
-0.01349
-0.01172
-0.01114
-0.00967
-0.00867
-0.00760
-0.00607
-0.00568
-0.00363
-0.00339
-0.00150
-0.00104
0.00064
0.00134
0.00275
0.00369
0.00476
0.00610
0.00677
0.00845
0.00888
0.01071
0.01108
0.01279
0.01340
0.01492
0.01566
0.01685
0.01819
0.01880
0.02045
0.02090
0.02271
0.02307
0.02487
0.02533
0.02689
0.02771
0.02887
0.03009
0.03094
0.03238
0.03293
0.03473
0.03506
0.03690
0.03735
0.03888
0.03979
0.04080
0.04218
0.04285
0.04453
0.04486
0.04694
0.04694
0.04907
0.04929
0.05096
0.05185
0.05295
0.05408
0.05499
0.05658
0.05676
0.05911
0.05893
0.06107
0.06131
0.06314
0.06363
0.06522
0.06610
0.06680
0.06891
0.06854
0.07123
0.07077
0.07339
0.07297
0.07538
0.07507
0.07761
0.07806
0.07849
0.07593
0.03668
-0.05829
-0.12988
-0.09351
-0.10464
-0.12607
-0.10620
-0.12405
-0.11264
-0.11389
-0.11108
-0.10382
-0.10324
-0.09323
-0.09271
-0.08295
-0.08115
-0.07364
-0.06970
-0.06534
-0.05994
-0.05759
-0.05215
-0.05124
-0.04578
-0.04581
-0.04141
-0.04111
-0.03839
-0.03732
-0.03619
-0.03464
-0.03418
-0.03250
-0.03275
-0.03079
-0.03125
-0.02954
-0.02963
-0.02847
-0.02789
-0.02737
-0.02618
-0.02606
-0.02441
-0.02451
-0.02274
-0.02258
-0.02100
-0.02057
-0.01917
-0.01837
-0.01718
-0.01611
-0.01535
-0.01364
-0.01321
-0.01151
-0.01089
-0.00931
-0.00858
-0.00711
-0.00626
-0.00494
-0.00375
-0.00293
-0.00134
-0.00073
0.00095
0.00143
0.00314
0.00378
0.00525
0.00607
0.00732
0.00845
0.00931
0.01080
0.01141
0.01309
0.01352
0.01526
0.01581
0.01724
0.01825
0.01920
0.02060
0.02130
0.02277
0.02341
0.02509
0.02551
0.02725
0.02777
0.02936
0.03003
0.03140
0.03244
0.03345
0.03479
0.03534
0.03726
0.03735
0.03949
0.03967
0.04141
0.04214
0.04330
0.04453
0.04532
0.04697
0.04733
0.04929
0.04938
0.05154
0.05164
0.05356
0.05411
0.05542
0.05658
0.05728
0.05911
0.05923
0.06143
0.06140
0.06360
0.06357
0.06570
0.06604
0.06766
0.06857
0.06918
0.07141
0.07089
0.07361
0.07327
0.07587
0.07526
0.07785
0.07724
0.07968
0.06964
0.01801
-0.08386
-0.13092
-0.08566
-0.11484
-0.12234
-0.10687
-0.12656
-0.10831
-0.11676
-0.10757
-0.10397
-0.10135
-0.09210
-0.09161
-0.08087
-0.08090
-0.07095
-0.07022
-0.06253
-0.06039
-0.05557
-0.05225
-0.04947
-0.04605
-0.04462
-0.04123
-0.04068
-0.03778
-0.03735
-0.03549
-0.03467
-0.03384
-0.03259
-0.03229
-0.03079
-0.03116
-0.02924
-0.02975
-0.02805
-0.02808
-0.02692
-0.02631
-0.02560
-0.02451
-0.02420
-0.02252
-0.02246
-0.02069
-0.02045
-0.01880
-0.01831
-0.01682
-0.01602
-0.01486
-0.01361
-0.01288
-0.01120
-0.01074
-0.00894
-0.00848
-0.00665
-0.00616
-0.00455
-0.00375
-0.00241
-0.00131
-0.00037
0.00110
0.00174
0.00345
0.00388
0.00568
0.00613
0.00778
0.00848
0.00980
0.01086
0.01175
0.01324
0.01385
0.01547
0.01596
0.01773
0.01810
0.01984
0.02048
0.02179
0.02289
0.02377
0.02518
0.02585
0.02750
0.02795
0.02969
0.03018
0.03171
0.03265
0.03363
0.03506
0.03580
0.03717
0.03790
0.03955
0.03989
0.04187
0.04208
0.04388
0.04453
0.04581
0.04688
0.04785
0.04941
0.04959
0.05191
0.05173
0.05396
0.05414
0.05591
0.05661
0.05786
0.05890
0.05984
0.06149
0.06158
0.06403
0.06366
0.06616
0.06595
0.06818
0.06842
0.07022
0.07083
0.07178
0.07379
0.07321
0.07614
0.07559
0.07849
0.07736
0.07901
0.06290
0.00113
-0.10382
-0.12070
-0.08554
-0.12494
-0.11261
-0.11417
-0.12256
-0.10855
-0.11768
-0.10376
-0.10629
-0.09738
-0.09329
-0.08862
-0.08145
-0.07858
-0.07074
-0.06885
-0.06171
-0.05981
-0.05453
-0.05185
-0.04883
-0.04544
-0.04413
-0.04071
-0.04065
-0.03696
-0.03769
-0.03458
-0.03506
-0.03302
-0.03284
-0.03180
-0.03101
-0.03064
-0.02924
-0.02966
-0.02759
-0.02832
-0.02631
-0.02655
-0.02505
-0.02463
-0.02362
-0.02264
-0.02216
-0.02036
-0.02045
-0.01834
-0.01825
-0.01645
-0.01596
-0.01440
-0.01361
-0.01233
-0.01126
-0.01022
-0.00882
-0.00815
-0.00650
-0.00589
-0.00415
-0.00366
-0.00198
-0.00131
0.00012
0.00119
0.00204
0.00369
0.00415
0.00583
0.00644
0.00803
0.00867
0.01016
0.01093
0.01224
0.01331
0.01413
0.01569
0.01630
0.01788
0.01840
0.02008
0.02066
0.02216
0.02295
0.02420
0.02533
0.02618
0.02759
0.02829
0.02997
0.03033
0.03220
0.03250
0.03430
0.03488
0.03625
0.03735
0.03827
0.03967
0.04022
0.04202
0.04236
0.04422
0.04465
0.04623
0.04703
0.04813
0.04944
0.05026
0.05176
0.05219
0.05417
0.05429
0.05630
0.05658
0.05838
0.05893
0.06042
0.06116
0.06241
0.06387
0.06406
0.06644
0.06613
0.06857
0.06839
0.07065
0.07086
0.07275
0.07315
0.07422
0.07632
0.07544
0.07864
0.07791
0.07834
0.05389
-0.02374
-0.12152
-0.10898
-0.09064
-0.12854
-0.10822
-0.11975
-0.11761
-0.11093
-0.11554
-0.10275
-0.10620
-0.09445
-0.09384
-0.08578
-0.08130
-0.07648
-0.07034
-0.06729
-0.06076
-0.05920
-0.05307
-0.05188
-0.04733
-0.04568
-0.04303
-0.04071
-0.03964
-0.03720
-0.03708
-0.03436
-0.03506
-0.03238
-0.03317
-0.03113
-0.03122
-0.03015
-0.02957
-0.02899
-0.02783
-0.02798
-0.02612
-0.02652
-0.02472
-0.02460
-0.02332
-0.02258
-0.02161
-0.02066
-0.01978
-0.01834
-0.01804
-0.01602
-0.01593
-0.01395
-0.01361
-0.01184
-0.01123
-0.00970
-0.00876
-0.00781
-0.00616
-0.00574
-0.00388
-0.00345
-0.00159
-0.00125
0.00061
0.00110
0.00266
0.00363
0.00455
0.00610
0.00665
0.00827
0.00888
0.01047
0.01114
0.01248
0.01355
0.01443
0.01590
0.01648
0.01819
0.01865
0.02039
0.02069
0.02267
0.02289
0.02481
0.02521
0.02676
0.02759
0.02878
0.02991
0.03073
0.03247
0.03259
0.03482
0.03479
0.03677
0.03741
0.03854
0.03986
0.04074
0.04199
0.04282
0.04434
0.04489
0.04660
0.04706
0.04871
0.04941
0.05063
0.05182
0.05270
0.05420
0.05460
0.05667
0.05664
0.05878
0.05902
0.06079
0.06137
0.06287
0.06360
0.06479
0.06635
0.06641
0.06900
0.06848
0.07104
0.07077
0.07321
0.07309
0.07556
0.07523
0.07693
0.07852
0.07758
0.07645
0.04227
-0.04721
-0.12802
-0.09778
-0.09998
-0.12698
-0.10712
-0.12216
-0.11465
-0.11304
-0.11212
-0.10376
-0.10397
-0.09387
-0.09271
-0.08429
-0.08060
-0.07516
-0.06927
-0.06650
-0.05984
-0.05850
-0.05200
-0.05176
-0.04611
-0.04590
-0.04184
-0.04102
-0.03882
-0.03723
-0.03632
-0.03461
-0.03452
-0.03235
-0.03296
-0.03082
-0.03131
-0.02966
-0.02966
-0.02863
-0.02798
-0.02740
-0.02631
-0.02615
-0.02454
-0.02454
-0.02289
-0.02271
-0.02106
-0.02066
-0.01935
-0.01837
-0.01758
-0.01590
-0.01566
-0.01370
-0.01334
-0.01163
-0.01099
-0.00940
-0.00870
-0.00717
-0.00635
-0.00516
-0.00375
-0.00311
-0.00150
-0.00085
0.00079
0.00143
0.00290
0.00372
0.00504
0.00610
0.00705
0.00845
0.00922
0.01062
0.01135
0.01294
0.01340
0.01517
0.01569
0.01715
0.01810
0.01907
0.02051
0.02115
0.02277
0.02322
0.02499
0.02539
0.02722
0.02759
0.02924
0.03000
0.03119
0.03232
0.03326
0.03473
0.03525
0.03702
0.03745
0.03909
0.03986
0.04105
0.04227
0.04309
0.04453
0.04510
0.04697
0.04712
0.04919
0.04938
0.05124
0.05170
0.05331
0.05399
0.05539
0.05649
0.05710
0.05902
0.05914
0.06122
0.06137
0.06335
0.06369
0.06528
0.06607
0.06726
0.06870
0.06891
0.07144
0.07092
0.07349
0.07315
0.07571
0.07559
0.07797
0.07755
0.07907
0.07321
0.02777
-0.07104
-0.13165
-0.08914
-0.10934
-0.12476
-0.10577
-0.12595
-0.11023
-0.11536
-0.10962
-0.10361
-0.10251
-0.09238
-0.09259
-0.08151
-0.08133
-0.07202
-0.07013
-0.06378
-0.06033
-0.05643
-0.05246
-0.05017
-0.04599
-0.04526
-0.04120
-0.04099
-0.03806
-0.03729
-0.03592
-0.03436
-0.03418
-0.03238
-0.03262
-0.03067
-0.03128
-0.02933
-0.02966
-0.02826
-0.02805
-0.02707
-0.02637
-0.02570
-0.02454
-0.02432
-0.02258
-0.02261
-0.02075
-0.02057
-0.01895
-0.01831
-0.01712
-0.01599
-0.01511
-0.01361
-0.01312
-0.01120
-0.01093
-0.00900
-0.00858
-0.00687
-0.00613
-0.00473
-0.00375
-0.00269
-0.00125
-0.00067
0.00113
0.00153
0.00339
0.00372
0.00549
0.00610
0.00751
0.00861
0.00934
0.01108
0.01144
0.01321
0.01364
0.01547
0.01578
0.01767
0.01794
0.01978
0.02032
0.02164
0.02283
0.02365
0.02515
0.02563
0.02747
0.02783
0.02951
0.03024
0.03146
0.03259
0.03348
0.03488
0.03558
0.03726
0.03757
0.03958
0.03973
0.04166
0.04211
0.04367
0.04453
0.04568
0.04678
0.04770
0.04932
0.04953
0.05170
0.05173
0.05374
0.05411
0.05569
0.05652
0.05774
0.05893
0.05954
0.06155
0.06137
0.06381
0.06369
0.06589
0.06601
0.06778
0.06836
0.06982
0.07108
0.07138
0.07385
0.07336
0.07605
0.07535
0.07849
0.07776
0.07971
0.06580
0.00891
-0.09393
-0.12506
-0.08484
-0.12082
-0.11703
-0.11047
-0.12463
-0.10818
-0.11749
-0.10553
-0.10516
-0.09949
-0.09265
-0.09003
-0.08121
-0.07980
-0.07071
-0.06970
-0.06189
-0.06033
-0.05487
-0.05215
-0.04913
-0.04599
-0.04419
-0.04102
-0.04065
-0.03741
-0.03754
-0.03503
-0.03482
-0.03345
-0.03256
-0.03207
-0.03085
-0.03091
-0.02917
-0.02975
-0.02774
-0.02829
-0.02643
-0.02658
-0.02524
-0.02469
-0.02371
-0.02267
-0.02228
-0.02048
-0.02054
-0.01849
-0.01828
-0.01663
-0.01599
-0.01465
-0.01367
-0.01254
-0.01120
-0.01053
-0.00882
-0.00827
-0.00659
-0.00601
-0.00427
-0.00375
-0.00204
-0.00140
-0.00006
0.00113
0.00189
0.00351
0.00409
0.00577
0.00623
0.00797
0.00851
0.01001
0.01096
0.01187
0.01346
0.01389
0.01566
0.01608
0.01782
0.01831
0.01996
0.02051
0.02203
0.02292
0.02396
0.02533
0.02606
0.02753
0.02814
0.02985
0.03027
0.03201
0.03253
0.03400
0.03500
0.03586
0.03738
0.03796
0.03973
0.03995
0.04202
0.04221
0.04407
0.04456
0.04605
0.04703
0.04803
0.04932
0.05005
0.05176
0.05200
0.05411
0.05414
0.05627
0.05640
0.05826
0.05887
0.06024
0.06134
0.06195
0.06403
0.06378
0.06625
0.06610
0.06836
0.06839
0.07025
0.07065
0.07239
0.07343
0.07379
0.07642
0.07571
0.07846
0.07773
0.07953
0.06018
-0.01001
-0.11465
-0.11438
-0.08698
-0.12778
-0.10907
-0.11807
-0.11963
-0.10968
-0.11694
-0.10281
-0.10693
-0.09537
-0.09418
-0.08682
-0.08176
-0.07718
-0.07086
-0.06793
-0.06137
-0.05942
-0.05392
-0.05173
-0.04828
-0.04538
-0.04388
-0.04068
-0.04010
-0.03708
-0.03741
-0.03445
-0.03506
-0.03271
-0.03293
-0.03146
-0.03107
-0.03030
-0.02948
-0.02924
-0.02771
-0.02817
-0.02618
-0.02655
-0.02481
-0.02472
-0.02335
-0.02274
-0.02170
-0.02060
-0.02008
-0.01828
-0.01819
-0.01624
-0.01590
-0.01425
-0.01349
-0.01218
-0.01126
-0.00998
-0.00876
-0.00797
-0.00632
-0.00577
-0.00406
-0.00351
-0.00177
-0.00122
0.00040
0.00110
0.00244
0.00360
0.00436
0.00598
0.00653
0.00818
0.00876
0.01031
0.01102
0.01239
0.01340
0.01434
0.01584
0.01633
0.01807
0.01852
0.02023
0.02072
0.02240
0.02295
0.02441
0.02539
0.02634
0.02783
0.02838
0.03012
0.03040
0.03241
0.03259
0.03455
0.03488
0.03650
0.03732
0.03848
0.03964
0.04056
0.04199
0.04254
0.04437
0.04465
0.04654
0.04691
0.04861
0.04932
0.05060
0.05167
0.05246
0.05426
0.05438
0.05658
0.05658
0.05862
0.05896
0.06061
0.06137
0.06265
0.06378
0.06442
0.06638
0.06625
0.06866
0.06851
0.07083
0.07071
0.07281
0.07291
0.07492
0.07587
0.07608
0.07919
0.07770
0.07733
0.04752
-0.03622
-0.12579
-0.10336
-0.09525
-0.12775
-0.10779
-0.12073
-0.11609
-0.11224
-0.11359
-0.10333
-0.10486
-0.09427
-0.09314
-0.08511
-0.08069
-0.07608
-0.06937
-0.06705
-0.06000
-0.05908
-0.05228
-0.05194
-0.04657
-0.04578
-0.04245
-0.04089
-0.03925
-0.03732
-0.03668
-0.03442
-0.03482
-0.03241
-0.03299
-0.03104
-0.03122
-0.02991
-0.02954
-0.02881
-0.02792
-0.02771
-0.02612
-0.02646
-0.02448
-0.02469
-0.02295
-0.02277
-0.02130
-0.02066
-0.01944
-0.01846
-0.01767
-0.01605
-0.01575
-0.01379
-0.01358
-0.01160
-0.01114
-0.00967
-0.00864
-0.00760
-0.00613
-0.00555
-0.00372
-0.00333
-0.00143
-0.00110
0.00076
0.00122
0.00287
0.00360
0.00491
0.00601
0.00690
0.00836
0.00897
0.01071
0.01105
0.01294
0.01324
0.01501
0.01569
0.01691
0.01813
0.01886
0.02042
0.02097
0.02274
0.02298
0.02496
0.02527
0.02698
0.02765
0.02893
0.03012
0.03094
0.03241
0.03296
0.03473
0.03513
0.03687
0.03735
0.03897
0.03973
0.04089
0.04205
0.04300
0.04449
0.04486
0.04697
0.04691
0.04910
0.04929
0.05099
0.05185
0.05295
0.05408
0.05499
0.05661
0.05682
0.05905
0.05896
0.06116
0.06128
0.06311
0.06375
0.06522
0.06607
0.06686
0.06894
0.06845
0.07126
0.07086
0.07336
0.07300
0.07541
0.07510
0.07770
0.07797
0.07849
0.07581
0.03543
-0.05963
-0.13028
-0.09286
-0.10529
-0.12582
-0.10614
-0.12433
-0.11224
-0.11420
-0.11084
-0.10382
-0.10327
-0.09299
-0.09283
-0.08270
-0.08121
-0.07346
-0.06973
-0.06519
-0.05988
-0.05756
-0.05209
-0.05112
-0.04584
-0.04572
-0.04135
-0.04111
-0.03836
-0.03729
-0.03616
-0.03455
-0.03433
-0.03232
-0.03284
-0.03073
-0.03125
-0.02954
-0.02963
-0.02841
-0.02802
-0.02719
-0.02637
-0.02588
-0.02451
-0.02448
-0.02271
-0.02264
-0.02090
-0.02057
-0.01917
-0.01831
-0.01727
-0.01599
-0.01535
-0.01364
-0.01321
-0.01144
-0.01093
-0.00922
-0.00864
-0.00699
-0.00638
-0.00482
-0.00378
-0.00296
-0.00122
-0.00082
0.00101
0.00143
0.00320
0.00372
0.00537
0.00601
0.00735
0.00848
0.00928
0.01086
0.01141
0.01309
0.01358
0.01523
0.01578
0.01740
0.01813
0.01932
0.02051
0.02136
0.02274
0.02347
0.02509
0.02545
0.02744
0.02762
0.02945
0.03006
0.03137
0.03253
0.03348
0.03467
0.03555
0.03708
0.03757
0.03934
0.03979
0.04138
0.04218
0.04337
0.04449
0.04544
0.04688
0.04736
0.04935
0.04941
0.05151
0.05170
0.05347
0.05423
0.05545
0.05643
0.05750
0.05896
0.05933
0.06149
0.06137
0.06357
0.06369
0.06567
0.06610
0.06772
0.06848
0.06924
0.07147
0.07074
0.07385
0.07312
0.07599
0.07523
0.07794
0.07733
0.07974
0.06906
0.01694
-0.08514
-0.13007
-0.08554
-0.11560
-0.12167
-0.10733
-0.12619
-0.10843
-0.11670
-0.10745
-0.10400
-0.10126
-0.09210
-0.09149
-0.08087
-0.08081
-0.07089
-0.07025
-0.06235
-0.06046
-0.05545
-0.05222
-0.04950
-0.04590
-0.04474
-0.04105
-0.04074
-0.03769
-0.03738
-0.03549
-0.03461
-0.03384
-0.03253
-0.03235
-0.03070
-0.03128
-0.02899
-0.03003
-0.02777
-0.02826
-0.02673
-0.02649
-0.02542
-0.02469
-0.02399
-0.02255
-0.02258
-0.02051
-0.02057
-0.01871
-0.01831
-0.01678
-0.01608
-0.01471
-0.01364
-0.01294
-0.01105
-0.01086
-0.00879
-0.00851
-0.00662
-0.00623
-0.00439
-0.00385
-0.00232
-0.00134
-0.00037
0.00119
0.00168
0.00351
0.00388
0.00571
0.00613
0.00778
0.00854
0.00970
0.01102
0.01166
0.01334
0.01382
0.01553
0.01590
0.01779
0.01813
0.01987
0.02048
0.02182
0.02286
0.02380
0.02518
0.02591
0.02747
0.02798
0.02969
0.03018
0.03180
0.03256
0.03375
0.03500
0.03586
0.03717
0.03790
0.03958
0.03989
0.04187
0.04218
0.04382
0.04459
0.04581
0.04691
0.04791
0.04932
0.04977
0.05182
0.05176
0.05402
0.05408
0.05603
0.05646
0.05798
0.05884
0.05994
0.06143
0.06168
0.06393
0.06384
0.06601
0.06613
0.06805
0.06857
0.07022
0.07083
0.07178
0.07385
0.07318
0.07629
0.07547
0.07861
0.07730
0.07919
0.06271
-0.00015
-0.10516
-0.12003
-0.08551
-0.12549
-0.11191
-0.11475
-0.12225
-0.10852
-0.11780
-0.10342
-0.10654
-0.09698
-0.09360
-0.08823
-0.08176
-0.07819
-0.07089
-0.06863
-0.06186
-0.05957
-0.05460
-0.05176
-0.04880
-0.04541
-0.04407
-0.04074
-0.04050
-0.03705
-0.03760
-0.03461
-0.03503
-0.03296
-0.03284
-0.03183
-0.03094
-0.03058
-0.02930
-0.02954
-0.02774
-0.02817
-0.02634
-0.02655
-0.02502
-0.02463
-0.02359
-0.02271
-0.02200
-0.02051
-0.02029
-0.01834
-0.01834
-0.01630
-0.01599
-0.01440
-0.01352
-0.01239
-0.01114
-0.01035
-0.00864
-0.00830
-0.00635
-0.00598
-0.00406
-0.00372
-0.00192
-0.00137
0.00027
0.00104
0.00223
0.00357
0.00424
0.00586
0.00641
0.00812
0.00854
0.01038
0.01074
0.01239
0.01328
0.01416
0.01581
0.01614
0.01807
0.01831
0.02017
0.02060
0.02228
0.02289
0.02426
0.02530
0.02618
0.02768
0.02826
0.02997
0.03033
0.03223
0.03253
0.03430
0.03494
0.03622
0.03741
0.03824
0.03967
0.04028
0.04202
0.04236
0.04428
0.04462
0.04620
0.04712
0.04813
0.04950
0.05020
0.05182
0.05222
0.05420
0.05426
0.05637
0.05655
0.05847
0.05884
0.06049
0.06116
0.06247
0.06378
0.06409
0.06656
0.06601
0.06870
0.06833
0.07068
0.07092
0.07266
0.07321
0.07434
0.07617
0.07556
0.07883
0.07776
0.07834
0.05298
-0.02533
-0.12207
-0.10840
-0.09116
-0.12851
-0.10809
-0.11993
-0.11731
-0.11115
-0.11533
-0.10275
-0.10608
-0.09439
-0.09375
-0.08575
-0.08109
-0.07663
-0.07010
-0.06735
-0.06061
-0.05917
-0.05301
-0.05191
-0.04724
-0.04565
-0.04300
-0.04071
-0.03958
-0.03717
-0.03711
-0.03430
-0.03503
-0.03247
-0.03296
-0.03131
-0.03107
-0.03027
-0.02939
-0.02908
-0.02786
-0.02786
-0.02621
-0.02646
-0.02469
-0.02466
-0.02319
-0.02267
-0.02158
-0.02060
-0.01981
-0.01831
-0.01794
-0.01611
-0.01587
-0.01392
-0.01358
-0.01184
-0.01120
-0.00974
-0.00873
-0.00778
-0.00616
-0.00571
-0.00388
-0.00342
-0.00165
-0.00107
0.00046
0.00125
0.00256
0.00372
0.00455
0.00610
0.00665
0.00833
0.00879
0.01065
0.01099
0.01266
0.01334
0.01468
0.01575
0.01663
0.01810
0.01877
0.02026
0.02087
0.02258
0.02301
0.02472
0.02530
0.02667
0.02774
0.02866
0.03000
0.03082
0.03226
0.03293
0.03452
0.03510
0.03662
0.03741
0.03873
0.03967
0.04089
0.04190
0.04288
0.04437
0.04480
0.04672
0.04703
0.04877
0.04935
0.05075
0.05176
0.05283
0.05417
0.05457
0.05679
0.05655
0.05893
0.05890
0.06097
0.06122
0.06293
0.06357
0.06494
0.06619
0.06662
0.06879
0.06876
0.07092
0.07077
0.07327
0.07312
0.07544
0.07535
0.07687
0.07864
0.07751
0.07660
0.04129
-0.04868
-0.12833
-0.09720
-0.10065
-0.12692
-0.10687
-0.12256
-0.11426
-0.11319
-0.11194
-0.10382
-0.10379
-0.09381
-0.09271
-0.08405
-0.08072
-0.07492
-0.06934
-0.06635
-0.05991
-0.05835
-0.05200
-0.05176
-0.04602
-0.04593
-0.04172
-0.04111
-0.03867
-0.03735
-0.03616
-0.03476
-0.03430
-0.03256
-0.03275
-0.03098
-0.03116
-0.02982
-0.02948
-0.02872
-0.02789
-0.02744
-0.02628
-0.02609
-0.02460
-0.02444
-0.02292
-0.02264
-0.02112
-0.02063
-0.01929
-0.01846
-0.01736
-0.01611
-0.01547
-0.01376
-0.01328
-0.01154
-0.01111
-0.00931
-0.00870
-0.00714
-0.00632
-0.00516
-0.00372
-0.00311
-0.00146
-0.00082
0.00079
0.00143
0.00293
0.00372
0.00510
0.00607
0.00708
0.00851
0.00909
0.01080
0.01126
0.01297
0.01349
0.01514
0.01566
0.01721
0.01810
0.01910
0.02051
0.02118
0.02274
0.02328
0.02499
0.02542
0.02716
0.02774
0.02911
0.03015
0.03107
0.03244
0.03323
0.03476
0.03525
0.03708
0.03738
0.03922
0.03973
0.04114
0.04227
0.04309
0.04459
0.04507
0.04697
0.04715
0.04922
0.04938
0.05124
0.05176
0.05319
0.05426
0.05521
0.05661
0.05704
0.05920
0.05896
0.06137
0.06137
0.06332
0.06372
0.06537
0.06580
0.06763
0.06845
0.06909
0.07135
0.07098
0.07349
0.07315
0.07578
0.07547
0.07800
0.07751
0.07913
0.07272
0.02625
-0.07300
-0.13177
-0.08850
-0.11020
-0.12442
-0.10596
-0.12607
-0.10989
-0.11560
-0.10928
-0.10367
-0.10226
-0.09235
-0.09244
-0.08142
-0.08127
-0.07175
-0.07022
-0.06363
-0.06018
-0.05655
-0.05228
-0.05014
-0.04596
-0.04520
-0.04120
-0.04092
-0.03802
-0.03729
-0.03586
-0.03448
-0.03397
-0.03256
-0.03250
-0.03070
-0.03131
-0.02924
-0.02972
-0.02823
-0.02802
-0.02710
-0.02628
-0.02579
-0.02438
-0.02448
-0.02240
-0.02267
-0.02072
-0.02057
-0.01889
-0.01837
-0.01697
-0.01617
-0.01492
-0.01367
-0.01309
-0.01114
-0.01102
-0.00885
-0.00867
-0.00677
-0.00616
-0.00470
-0.00369
-0.00278
-0.00110
-0.00073
0.00116
0.00156
0.00339
0.00369
0.00562
0.00607
0.00760
0.00848
0.00955
0.01089
0.01163
0.01309
0.01376
0.01547
0.01575
0.01770
0.01801
0.01968
0.02051
0.02155
0.02292
0.02362
0.02518
0.02570
0.02740
0.02789
0.02957
0.03012
0.03165
0.03244
0.03363
0.03479
0.03571
0.03720
0.03763
0.03955
0.03979
0.04166
0.04214
0.04370
0.04446
0.04578
0.04675
0.04779
0.04919
0.04968
0.05161
0.05182
0.05371
0.05420
0.05563
0.05664
0.05768
0.05902
0.05945
0.06171
0.06128
0.06390
0.06366
0.06592
0.06604
0.06775
0.06842
0.06973
0.07123
0.07126
0.07397
0.07327
0.07605
0.07541
0.07849
0.07764
0.07965
0.06519
0.00800
-0.09555
-0.12433
-0.08502
-0.12149
-0.11630
-0.11105
-0.12436
-0.10818
-0.11765
-0.10516
-0.10538
-0.09918
-0.09265
-0.08984
-0.08121
-0.07965
-0.07071
-0.06952
-0.06189
-0.06018
-0.05487
-0.05206
-0.04922
-0.04575
-0.04434
-0.04089
-0.04065
-0.03738
-0.03751
-0.03500
-0.03485
-0.03336
-0.03265
-0.03201
-0.03085
-0.03091
-0.02914
-0.02975
-0.02771
-0.02826
-0.02655
-0.02643
-0.02533
-0.02457
-0.02374
-0.02274
-0.02216
-0.02060
-0.02036
-0.01862
-0.01819
-0.01666
-0.01593
-0.01468
-0.01361
-0.01254
-0.01120
-0.01056
-0.00870
-0.00839
-0.00644
-0.00610
-0.00424
-0.00363
-0.00226
-0.00116
-0.00024
0.00131
0.00189
0.00345
0.00427
0.00555
0.00650
0.00778
0.00867
0.00992
0.01108
0.01184
0.01346
0.01392
0.01563
0.01614
0.01785
0.01825
0.02008
0.02042
0.02209
0.02298
0.02390
0.02539
0.02606
0.02753
0.02820
0.02985
0.03021
0.03214
0.03247
0.03409
0.03494
0.03595
0.03732
0.03806
0.03967
0.04007
0.04199
0.04221
0.04413
0.04453
0.04614
0.04697
0.04807
0.04935
0.05005
0.05176
0.05209
0.05399
0.05435
0.05609
0.05661
0.05817
0.05893
0.06030
0.06128
0.06207
0.06390
0.06390
0.06622
0.06613
0.06836
0.06839
0.07031
0.07065
0.07242
0.07349
0.07370
0.07657
0.07550
0.07864
0.07764
0.07944
0.05923
-0.01218
-0.11566
-0.11359
-0.08759
-0.12778
-0.10913
-0.11823
-0.11935
-0.10989
-0.11673
-0.10281
-0.10681
-0.09531
-0.09402
-0.08673
-0.08160
-0.07709
-0.07071
-0.06793
-0.06122
-0.05936
-0.05380
-0.05173
-0.04813
-0.04547
-0.04373
-0.04065
-0.04013
-0.03696
-0.03754
-0.03430
-0.03513
-0.03271
-0.03284
-0.03159
-0.03088
-0.03055
-0.02927
-0.02936
-0.02768
-0.02814
-0.02612
-0.02661
-0.02478
-0.02466
-0.02341
-0.02264
-0.02176
-0.02051
-0.02011
-0.01825
-0.01825
-0.01608
-0.01605
-0.01401
-0.01370
-0.01202
-0.01129
-0.00995
-0.00873
-0.00800
-0.00623
-0.00583
-0.00400
-0.00345
-0.00189
-0.00107
0.00027
0.00125
0.00235
0.00366
0.00436
0.00601
0.00656
0.00821
0.00873
0.01041
0.01099
0.01251
0.01328
0.01450
0.01569
0.01654
0.01791
0.01859
0.02032
0.02063
0.02249
0.02289
0.02451
0.02536
0.02643
0.02774
0.02853
0.02997
0.03055
0.03235
0.03268
0.03445
0.03497
0.03650
0.03735
0.03845
0.03973
0.04047
0.04214
0.04245
0.04443
0.04471
0.04648
0.04700
0.04861
0.04929
0.05063
0.05164
0.05261
0.05411
0.05450
0.05652
0.05667
0.05859
0.05896
0.06070
0.06131
0.06277
0.06369
0.06451
0.06638
0.06625
0.06870
0.06851
0.07092
0.07068
0.07281
0.07306
0.07495
0.07574
0.07635
0.07886
0.07788
0.07700
0.04688
-0.03781
-0.12619
-0.10242
-0.09595
-0.12759
-0.10773
-0.12094
-0.11591
-0.11237
-0.11337
-0.10336
-0.10483
-0.09415
-0.09317
-0.08490
-0.08078
-0.07584
-0.06949
-0.06674
-0.06018
-0.05887
-0.05225
-0.05203
-0.04623
-0.04611
-0.04211
-0.04102
-0.03915
-0.03732
-0.03653
-0.03458
-0.03470
-0.03244
-0.03296
-0.03101
-0.03122
-0.02994
-0.02951
-0.02881
-0.02798
-0.02759
-0.02625
-0.02637
-0.02444
-0.02481
-0.02277
-0.02286
-0.02118
-0.02072
-0.01941
-0.01837
-0.01776
-0.01596
-0.01578
-0.01379
-0.01349
-0.01163
-0.01114
-0.00961
-0.00867
-0.00754
-0.00616
-0.00546
-0.00372
-0.00333
-0.00140
-0.00116
0.00085
0.00125
0.00281
0.00369
0.00482
0.00616
0.00674
0.00854
0.00894
0.01065
0.01123
0.01276
0.01343
0.01492
0.01575
0.01691
0.01816
0.01886
0.02039
0.02109
0.02261
0.02313
0.02490
0.02533
0.02692
0.02777
0.02887
0.03015
0.03104
0.03229
0.03308
0.03470
0.03510
0.03699
0.03732
0.03900
0.03973
0.04092
0.04214
0.04300
0.04449
0.04492
0.04691
0.04706
0.04898
0.04941
0.05096
0.05185
0.05295
0.05408
0.05508
0.05652
0.05695
0.05896
0.05905
0.06119
0.06119
0.06332
0.06360
0.06540
0.06595
0.06705
0.06879
0.06860
0.07129
0.07077
0.07349
0.07294
0.07547
0.07523
0.07767
0.07803
0.07843
0.07553
0.03445
-0.06128
-0.13034
-0.09250
-0.10571
-0.12576
-0.10596
-0.12460
-0.11194
-0.11441
-0.11063
-0.10394
-0.10303
-0.09296
-0.09280
-0.08255
-0.08127
-0.07321
-0.06982
-0.06497
-0.05988
-0.05746
-0.05206
-0.05106
-0.04581
-0.04562
-0.04141
-0.04105
-0.03827
-0.03735
-0.03610
-0.03458
-0.03418
-0.03244
-0.03275
-0.03070
-0.03137
-0.02942
-0.02966
-0.02841
-0.02792
-0.02731
-0.02625
-0.02597
-0.02444
-0.02448
-0.02267
-0.02264
-0.02087
-0.02060
-0.01910
-0.01828
-0.01727
-0.01596
-0.01535
-0.01355
-0.01334
-0.01132
-0.01096
-0.00919
-0.00858
-0.00708
-0.00623
-0.00488
-0.00378
-0.00284
-0.00134
-0.00073
0.00104
0.00134
0.00336
0.00360
0.00546
0.00598
0.00739
0.00851
0.00931
0.01086
0.01147
0.01306
0.01361
0.01526
0.01584
0.01736
0.01810
0.01944
0.02045
0.02139
0.02274
0.02356
0.02499
0.02563
0.02722
0.02783
0.02933
0.03021
0.03131
0.03256
0.03345
0.03476
0.03552
0.03714
0.03754
0.03937
0.03979
0.04144
0.04208
0.04349
0.04446
0.04553
0.04684
0.04739
0.04929
0.04953
0.05145
0.05173
0.05362
0.05402
0.05557
0.05643
0.05746
0.05908
0.05917
0.06165
0.06128
0.06369
0.06366
0.06564
0.06619
0.06769
0.06848
0.06943
0.07123
0.07108
0.07364
0.07327
0.07590
0.07538
0.07788
0.07755
0.07965
0.06866
0.01572
-0.08636
-0.12921
-0.08542
-0.11633
-0.12103
-0.10776
-0.12592
-0.10837
-0.11685
-0.10712
-0.10425
-0.10095
-0.09229
-0.09125
-0.08087
-0.08078
-0.07074
-0.07025
-0.06232
-0.06039
-0.05536
-0.05222
-0.04935
-0.04605
-0.04456
-0.04108
-0.04077
-0.03757
-0.03754
-0.03525
-0.03479
-0.03366
-0.03259
-0.03229
-0.03070
-0.03119
-0.02908
-0.02991
-0.02783
-0.02823
-0.02673
-0.02640
-0.02551
-0.02460
-0.02408
-0.02249
-0.02255
-0.02048
-0.02060
-0.01865
-0.01834
-0.01675
-0.01605
-0.01465
-0.01379
-0.01276
-0.01111
-0.01086
-0.00870
-0.00861
-0.00650
-0.00623
-0.00443
-0.00378
-0.00235
-0.00125
-0.00043
0.00131
0.00159
0.00360
0.00381
0.00577
0.00613
0.00784
0.00845
0.00986
0.01086
0.01184
0.01324
0.01392
0.01547
0.01605
0.01770
0.01819
0.01990
0.02048
0.02182
0.02298
0.02365
0.02533
0.02582
0.02759
0.02789
0.02982
0.03009
0.03195
0.03238
0.03403
0.03476
0.03604
0.03711
0.03793
0.03958
0.03998
0.04187
0.04208
0.04401
0.04446
0.04587
0.04697
0.04791
0.04932
0.04980
0.05179
0.05185
0.05396
0.05417
0.05597
0.05658
0.05792
0.05881
0.06003
0.06143
0.06168
0.06400
0.06375
0.06619
0.06595
0.06827
0.06842
0.07031
0.07074
0.07190
0.07376
0.07330
0.07632
0.07544
0.07867
0.07727
0.07944
0.06247
-0.00131
-0.10672
-0.11914
-0.08563
-0.12576
-0.11148
-0.11530
-0.12177
-0.10883
-0.11746
-0.10349
-0.10654
-0.09680
-0.09369
-0.08810
-0.08167
-0.07825
-0.07071
-0.06870
-0.06168
-0.05972
-0.05438
-0.05182
-0.04874
-0.04541
-0.04401
-0.04083
-0.04031
-0.03717
-0.03748
-0.03461
-0.03506
-0.03293
-0.03281
-0.03177
-0.03101
-0.03046
-0.02942
-0.02945
-0.02771
-0.02823
-0.02628
-0.02655
-0.02496
-0.02472
-0.02353
-0.02271
-0.02200
-0.02048
-0.02029
-0.01834
-0.01828
-0.01630
-0.01599
-0.01434
-0.01358
-0.01224
-0.01123
-0.01022
-0.00879
-0.00806
-0.00650
-0.00583
-0.00418
-0.00357
-0.00195
-0.00131
0.00018
0.00122
0.00211
0.00372
0.00412
0.00598
0.00635
0.00818
0.00861
0.01022
0.01096
0.01224
0.01337
0.01422
0.01569
0.01633
0.01794
0.01840
0.02017
0.02063
0.02231
0.02289
0.02423
0.02539
0.02615
0.02768
0.02829
0.03000
0.03033
0.03226
0.03250
0.03439
0.03488
0.03632
0.03735
0.03830
0.03970
0.04025
0.04211
0.04230
0.04437
0.04456
0.04636
0.04694
0.04834
0.04944
0.05023
0.05191
0.05206
0.05441
0.05411
0.05649
0.05652
0.05847
0.05893
0.06042
0.06116
0.06253
0.06375
0.06421
0.06641
0.06622
0.06854
0.06845
0.07071
0.07083
0.07281
0.07309
0.07434
0.07629
0.07550
0.07901
0.07770
0.07822
0.05219
-0.02692
-0.12274
-0.10767
-0.09186
-0.12817
-0.10834
-0.11975
-0.11725
-0.11130
-0.11502
-0.10291
-0.10580
-0.09439
-0.09366
-0.08563
-0.08109
-0.07651
-0.07007
-0.06726
-0.06055
-0.05914
-0.05292
-0.05191
-0.04715
-0.04565
-0.04297
-0.04068
-0.03958
-0.03717
-0.03705
-0.03430
-0.03503
-0.03241
-0.03305
-0.03122
-0.03107
-0.03024
-0.02939
-0.02908
-0.02774
-0.02805
-0.02600
-0.02661
-0.02454
-0.02475
-0.02310
-0.02271
-0.02155
-0.02063
-0.01978
-0.01825
-0.01807
-0.01596
-0.01590
-0.01389
-0.01358
-0.01181
-0.01114
-0.00977
-0.00867
-0.00775
-0.00623
-0.00558
-0.00394
-0.00333
-0.00168
-0.00110
0.00058
0.00122
0.00259
0.00378
0.00446
0.00620
0.00662
0.00839
0.00876
0.01065
0.01099
0.01273
0.01331
0.01474
0.01572
0.01672
0.01804
0.01886
0.02023
0.02097
0.02249
0.02316
0.02463
0.02533
0.02676
0.02768
0.02869
0.03006
0.03073
0.03244
0.03275
0.03470
0.03500
0.03671
0.03741
0.03873
0.03973
0.04080
0.04205
0.04269
0.04468
0.04456
0.04691
0.04694
0.04883
0.04938
0.05075
0.05182
0.05280
0.05423
0.05460
0.05673
0.05661
0.05893
0.05893
0.06094
0.06131
0.06284
0.06366
0.06485
0.06635
0.06644
0.06906
0.06848
0.07108
0.07077
0.07330
0.07303
0.07553
0.07513
0.07718
0.07837
0.07785
0.07639
0.04068
-0.05042
-0.12860
-0.09653
-0.10141
-0.12674
-0.10681
-0.12286
-0.11386
-0.11340
-0.11166
-0.10382
-0.10385
-0.09357
-0.09277
-0.08380
-0.08081
-0.07471
-0.06943
-0.06619
-0.05997
-0.05811
-0.05219
-0.05154
-0.04599
-0.04596
-0.04166
-0.04111
-0.03867
-0.03723
-0.03629
-0.03470
-0.03430
-0.03256
-0.03271
-0.03094
-0.03119
-0.02972
-0.02960
-0.02856
-0.02798
-0.02734
-0.02631
-0.02612
-0.02441
-0.02472
-0.02264
-0.02277
-0.02100
-0.02069
-0.01926
-0.01843
-0.01740
-0.01602
-0.01556
-0.01361
-0.01340
-0.01147
-0.01108
-0.00928
-0.00867
-0.00720
-0.00626
-0.00516
-0.00369
-0.00317
-0.00131
-0.00089
0.00082
0.00140
0.00299
0.00375
0.00510
0.00607
0.00714
0.00842
0.00925
0.01068
0.01135
0.01297
0.01346
0.01514
0.01572
0.01724
0.01804
0.01920
0.02048
0.02124
0.02274
0.02325
0.02509
0.02542
0.02719
0.02774
0.02911
0.03018
0.03113
0.03244
0.03320
0.03485
0.03516
0.03717
0.03738
0.03922
0.03976
0.04117
0.04224
0.04312
0.04456
0.04514
0.04700
0.04709
0.04935
0.04926
0.05142
0.05164
0.05338
0.05408
0.05545
0.05643
0.05728
0.05893
0.05923
0.06125
0.06140
0.06342
0.06366
0.06537
0.06592
0.06754
0.06854
0.06903
0.07147
0.07080
0.07370
0.07300
0.07593
0.07535
0.07800
0.07745
0.07922
0.07224
0.02472
-0.07504
-0.13181
-0.08795
-0.11099
-0.12418
-0.10602
-0.12631
-0.10953
-0.11581
-0.10904
-0.10358
-0.10217
-0.09222
-0.09241
-0.08118
-0.08130
-0.07147
-0.07037
-0.06320
-0.06046
-0.05618
-0.05240
-0.04993
-0.04602
-0.04507
-0.04120
-0.04095
-0.03787
-0.03738
-0.03577
-0.03452
-0.03400
-0.03247
-0.03259
-0.03061
-0.03131
-0.02924
-0.02982
-0.02808
-0.02814
-0.02698
-0.02631
-0.02573
-0.02451
-0.02423
-0.02264
-0.02252
-0.02072
-0.02060
-0.01883
-0.01840
-0.01694
-0.01614
-0.01495
-0.01361
-0.01309
-0.01117
-0.01086
-0.00900
-0.00851
-0.00681
-0.00616
-0.00464
-0.00375
-0.00269
-0.00116
-0.00070
0.00122
0.00156
0.00339
0.00378
0.00552
0.00616
0.00757
0.00858
0.00952
0.01089
0.01169
0.01306
0.01382
0.01541
0.01587
0.01758
0.01816
0.01959
0.02060
0.02151
0.02298
0.02362
0.02515
0.02576
0.02747
0.02780
0.02966
0.03012
0.03162
0.03256
0.03354
0.03494
0.03561
0.03726
0.03763
0.03961
0.03979
0.04172
0.04208
0.04370
0.04459
0.04565
0.04688
0.04767
0.04932
0.04968
0.05161
0.05188
0.05365
0.05420
0.05576
0.05661
0.05777
0.05896
0.05951
0.06165
0.06137
0.06393
0.06360
0.06601
0.06598
0.06790
0.06830
0.06998
0.07101
0.07141
0.07391
0.07327
0.07605
0.07547
0.07840
0.07767
0.07941
0.06488
0.00668
-0.09674
-0.12399
-0.08499
-0.12219
-0.11569
-0.11148
-0.12418
-0.10825
-0.11761
-0.10498
-0.10553
-0.09879
-0.09280
-0.08954
-0.08136
-0.07938
-0.07071
-0.06940
-0.06186
-0.06015
-0.05478
-0.05203
-0.04910
-0.04578
-0.04428
-0.04083
-0.04071
-0.03720
-0.03769
-0.03476
-0.03503
-0.03320
-0.03275
-0.03198
-0.03088
-0.03082
-0.02921
-0.02969
-0.02783
-0.02814
-0.02655
-0.02646
-0.02524
-0.02460
-0.02377
-0.02261
-0.02222
-0.02054
-0.02039
-0.01852
-0.01831
-0.01651
-0.01599
-0.01465
-0.01358
-0.01260
-0.01108
-0.01059
-0.00867
-0.00839
-0.00641
-0.00610
-0.00418
-0.00372
-0.00211
-0.00128
-0.00009
0.00119
0.00195
0.00354
0.00409
0.00574
0.00589
0.00748
0.00745
0.00864
0.00873
0.00937
0.00974
0.00974
0.01031
0.01001
0.01056
0.01016
0.01044
0.01016
0.01022
0.01007
0.00980
0.00992
0.00943
0.00946
0.00909
0.00909
0.00858
0.00873
0.00818
0.00818
0.00790
0.00757
0.00757
0.00708
0.00717
0.00668
0.00671
0.00626
0.00629
0.00592
0.00586
0.00552
0.00543
0.00516
0.00507
0.00482
0.00461
0.00452
0.00427
0.00412
0.00391
0.00385
0.00351
0.00357
0.00317
0.00327
0.00290
0.00284
0.00272
0.00247
0.00253
0.00220
0.00217
0.00195
0.00198
0.00177
0.00162
0.00159
0.00140
0.00140
0.00119
0.00119
0.00055
-0.00076
-0.00278
-0.00241
-0.00186
-0.00244
-0.00192
-0.00195
-0.00186
-0.00150
-0.00156
-0.00116
-0.00113
-0.00092
-0.00070
-0.00061
-0.00043
-0.00037
-0.00012
-0.00018
0.00006
0.00000
0.00012
0.00018
0.00015
0.00021
0.00031
0.00012
0.00034
0.00012
0.00024
0.00021
0.00021
0.00009
0.00021
0.00003
0.00021
0.00000
0.00012
0.00003
0.00003
0.00006
0.00000
0.00000
0.00000
-0.00006
0.00006
-0.00009
0.00006
-0.00015
0.00009
-0.00006
-0.00003
0.00003
-0.00009
0.00003
0.00000
-0.00006
0.00000
0.00003
-0.00006
0.00000
0.00006
-0.00009
0.00009
-0.00009
0.00006
-0.00003
0.00006
-0.00006
0.00003
0.00000
0.00003
-0.00003
-0.00003
0.00006
-0.00006
0.00009
-0.00009
0.00003
0.00000
0.00000
0.00000
0.00000
0.00000
0.00003
-0.00006
0.00003
0.00000
0.00000
0.00000
0.00003
-0.00006
0.00006
-0.00003
0.00000
0.00000
-0.00003
0.00003
-0.00003
0.00006
-0.00012
0.00015
-0.00015
0.00009
0.00000
-0.00006
0.00006
-0.00003
0.00000
0.00003
-0.00003
0.00000
0.00000
0.00003
-0.00006
0.00006
-0.00006
0.00006
-0.00006
0.00003
0.00000
0.00003
-0.00006
0.00006
-0.00006
0.00003
0.00000
0.00006
-0.00012
0.00012
-0.00006
0.00000
0.00003
-0.00003
0.00000
0.00006
-0.00009
0.00003
0.00003
-0.00006
0.00009
-0.00009
0.00006
-0.00003
0.00000
0.00003
-0.00003
0.00000
0.00000
0.00000
0.00000
0.00003
-0.00003
-0.00003
0.00006
-0.00006
0.00009
-0.00012
0.00006
0.00000
0.00000
0.00000
-0.00003
0.00000
0.00006
-0.00006
0.00000
0.00006
-0.00006
0.00006
-0.00006
0.00006
-0.00009
0.00009
-0.00006
0.00003
0.00000
0.00000
-0.00003
0.00003
0.00000
-0.00003
0.00006
-0.00009
0.00009
-0.00006
0.00003
0.00000
0.00000
0.00003
-0.00006
0.00006
-0.00006
0.00009
-0.00009
0.00006
-0.00003
0.00000
0.00000
0.00006
-0.00009
0.00012
-0.00015
0.00015
-0.00009
0.00006
-0.00006
0.00003
0.00003
-0.00003
0.00003
-0.00003
0.00003
-0.00006
0.00012
-0.00015
0.00018
-0.00015
0.00003
0.00006
-0.00012
0.00018
-0.00021
0.00018
-0.00015
0.00012
-0.00009
0.00006
-0.00003
0.00003
-0.00003
0.00000
0.00003
-0.00003
0.00003
-0.00006
0.00006
0.00000
-0.00006
0.00009
-0.00012
0.00009
-0.00006
0.00003
0.00000
0.00000
0.00000
-0.00003
0.00003
-0.00006
0.00009
-0.00006
0.00000
0.00003
-0.00009
0.00015
-0.00015
0.00009
-0.00003
0.00003
-0.00003
0.00000
0.00000
0.00003
0.00003
-0.00006
0.00003
-0.00003
0.00003
0.00000
-0.00003
0.00006
-0.00006
0.00003
-0.00003
0.00003
0.00000
-0.00003
0.00003
0.00000
0.00000
0.00000
0.00003
-0.00003
-0.00003
0.00009
-0.00006
0.00003
0.00000
-0.00003
0.00003
-0.00003
0.00003
-0.00003
0.00003
0.00000
-0.00003
0.00006
-0.00009
0.00009
-0.00006
0.00006
-0.00012
0.00015
-0.00015
0.00018
-0.00015
0.00006
0.00000
0.00000
0.00000
0.00000
0.00000
-0.00003
0.00006
-0.00006
0.00006
-0.00003
0.00000
0.00000
0.00000
0.00003
-0.00003
0.00000
0.00003
-0.00003
0.00000
0.00000
0.00000
0.00000
0.00003
-0.00009
0.00015
-0.00018
0.00015
-0.00009
0.00006
-0.00006
0.00006
-0.00006
0.00006
-0.00006
0.00003
0.00000
0.00000
-0.00003
0.00003
0.00000
-0.00006
0.00012
-0.00012
0.00006
-0.00003
0.00000
0.00003
-0.00003
-0.00003
0.00006
-0.00006
0.00006
-0.00003
0.00000
0.00003
-0.00006
0.00006
-0.00003
0.00000
0.00000
0.00000
0.00000
0.00003
-0.00006
0.00006
-0.00006
0.00006
-0.00006
0.00003
-0.00003
0.00003
-0.00003
0.00000
0.00003
-0.00006
0.00009
-0.00009
0.00009
-0.00009
0.00006
-0.00003
0.00000
0.00000
0.00006
-0.00006
0.00000
0.00006
-0.00006
0.00009
-0.00009
0.00006
-0.00003
-0.00003
0.00009
-0.00009
0.00006
-0.00006
0.00003
0.00003
-0.00003
-0.00003
0.00012
-0.00018
0.00021
-0.00021
0.00018
-0.00012
0.00006
0.00000
-0.00003
0.00006
-0.00006
0.00006
-0.00006
0.00006
-0.00009
0.00012
-0.00012
0.00012
-0.00012
0.00009
-0.00006
0.00003
0.00003
-0.00009
0.00009
-0.00006
0.00000
0.00006
-0.00009
0.00009
-0.00006
0.00003
0.00000
0.00000
-0.00003
0.00003
0.00000
-0.00003
0.00006
-0.00009
0.00006
-0.00006
0.00006
-0.00006
0.00003
-0.00003
0.00003
-0.00006
0.00009
-0.00009
0.00009
-0.00012
0.00012
-0.00009
0.00003
0.00000
0.00000
0.00003
-0.00006
0.00006
-0.00003
-0.00003
0.00006
-0.00003
0.00000
0.00003
-0.00003
0.00003
-0.00006
0.00012
-0.00018
0.00018
-0.00009
0.00000
0.00003
-0.00006
0.00006
-0.00003
0.00003
-0.00003
0.00000
0.00000
-0.00003
0.00006
-0.00006
0.00006
-0.00006
0.00006
-0.00003
0.00000
0.00003
-0.00006
0.00006
-0.00003
-0.00003
0.00003
0.00000
-0.00003
0.00006
-0.00009
0.00006
0.00003
-0.00009
0.00006
0.00000
-0.00003
0.00003
-0.00003
0.00003
-0.00003
0.00003
-0.00003
0.00003
-0.00006
0.00000
0.00006
-0.00006
0.00000
0.00009
-0.00015
0.00015
-0.00009
0.00006
-0.00006
0.00006
-0.00003
0.00000
0.00003
-0.00006
0.00000
0.00009
-0.00012
0.00009
-0.00006
0.00003
0.00000
-0.00003
0.00003
-0.00003
0.00003
-0.00006
0.00003
-0.00003
0.00006
-0.00006
0.00006
-0.00009
0.00009
-0.00006
0.00003
0.00000
-0.00003
0.00006
-0.00009
0.00009
-0.00006
0.00000
0.00006
-0.00006
0.00003
-0.00006
0.00006
-0.00003
0.00000
0.00003
-0.00009
0.00012
-0.00009
0.00006
-0.00003
0.00003
-0.00003
0.00003
0.00000
-0.00006
0.00009
-0.00006
0.00006
-0.00009
0.00009
-0.00009
0.00009
-0.00003
-0.00003
0.00000
0.00003
0.00000
-0.00006
0.00012
-0.00012
0.00006
-0.00003
0.00003
-0.00003
0.00000
0.00003
-0.00006
0.00003
0.00003
-0.00006
0.00003
0.00003
-0.00006
0.00003
0.00000
0.00000
0.00000
0.00000
-0.00006
0.00012
-0.00009
0.00006
-0.00006
0.00000
0.00009
-0.00009
0.00006
-0.00003
0.00003
-0.00006
0.00009
-0.00009
0.00003
0.00006
-0.00009
0.00006
-0.00009
0.00009
-0.00006
0.00000
0.00003
-0.00009
0.00015
-0.00012
0.00003
0.00006
-0.00012
0.00009
0.00000
-0.00003
0.00003
-0.00003
0.00000
0.00006
-0.00009
0.00009
-0.00012
0.00015
-0.00015
0.00012
-0.00009
0.00006
-0.00003
-0.00003
0.00009
-0.00009
0.00003
0.00003
-0.00006
0.00009
-0.00006
0.00003
-0.00003
0.00006
-0.00003
0.00000
0.00003
-0.00006
0.00009
-0.00006
0.00003
-0.00003
0.00006
-0.00009
0.00012
-0.00012
0.00009
-0.00006
0.00006
-0.00006
0.00006
-0.00003
0.00003
-0.00009
0.00012
-0.00006
0.00003
-0.00003
-0.00003
0.00006
-0.00003
0.00003
-0.00006
0.00006
-0.00003
-0.00003
0.00009
-0.00012
0.00009
-0.00006
0.00006
-0.00006
0.00003
0.00000
0.00000
-0.00003
0.00006
-0.00003
0.00003
-0.00003
0.00003
-0.00006
0.00006
0.00003
-0.00012
0.00018
-0.00021
0.00015
-0.00009
0.00006
-0.00006
0.00009
-0.00015
0.00018
-0.00018
0.00012
-0.00006
0.00003
-0.00003
0.00006
-0.00006
0.00006
-0.00006
0.00006
-0.00003
-0.00003
0.00003
0.00000
-0.00003
0.00003
0.00000
-0.00006
0.00012
-0.00012
